%  ASCII export : 
%
%  Momentum is normalized to the product of particle's mass and speed of light.
%  All other quantities are in SI units.
%
%            posX             posY             posZ             momX             momY             momZ             mass           charge     macro-charge             time       particleID         sourceID

    -0.0012365478     6.079446e-05     0.0066260491   -7.9524456e-05     -0.007981414    0.00031787375    9.1093825e-31   -1.6021766e-19    -9.156439e-20    2.2290421e-19             1657                1
     0.0035235249    7.0066089e-05     -0.013927259     0.0014728745   -0.00093875319   -0.00017580287    9.1093825e-31   -1.6021766e-19    -9.156439e-20    2.2290421e-19                3                0
    -0.0090098325    3.7747159e-05    -0.0088601345     0.0015401253    -0.0011981631   -0.00056486065    9.1093825e-31   -1.6021766e-19    -9.156439e-20    2.2290421e-19                5                0
    -0.0025901131    5.8867965e-05    9.5216055e-05    -0.0002752677    -0.0017458615    -0.0005627728    9.1093825e-31   -1.6021766e-19    -9.156439e-20    2.2290421e-19              348                0
    -0.0093208672    5.2295269e-05    -0.0044835526     0.0020774531    -0.0010790632    0.00086012785    9.1093825e-31   -1.6021766e-19    -9.156439e-20    2.2290421e-19             1002                1
      0.003364041    3.6623282e-05     0.0078491047   -0.00070177729   -0.00019850623     0.0028014656    9.1093825e-31   -1.6021766e-19    -9.156439e-20    2.2290421e-19             1435                1
    -0.0063352371    3.5882869e-05      0.004002295    7.3626972e-05    3.0509083e-05    2.9170216e-05    9.1093825e-31   -1.6021766e-19    -9.156439e-20    2.2290421e-19              997                0
   -0.00067759235    4.8113292e-05     -0.012122236    0.00043334858    -0.0025392941    -0.0011829817    9.1093825e-31   -1.6021766e-19    -9.156439e-20    2.2290421e-19               55                0
     0.0063764947    1.6807297e-05      0.014263746   -0.00056597666     0.0014642833    0.00091687735    9.1093825e-31   -1.6021766e-19    -9.156439e-20    2.2290421e-19              171                0
     0.0078327348    9.6023628e-05      0.013953129    -0.0028918239      0.002128416    0.00065469224    9.1093825e-31   -1.6021766e-19    -9.156439e-20    2.2290421e-19              940                0
      0.004456047    5.1034549e-05     0.0052837115   -0.00058534381    0.00087917043   -0.00038480788    9.1093825e-31   -1.6021766e-19    -9.156439e-20    2.2290421e-19              154                0
     0.0065051713    6.0518938e-05     -0.013413359     0.0014066949   -0.00075264473     0.0013946913    9.1093825e-31   -1.6021766e-19    -9.156439e-20    2.2290421e-19              488                0
     0.0070274463    8.6908578e-05      0.013635135     0.0026828831     0.0025813186    0.00019367975    9.1093825e-31   -1.6021766e-19    -9.156439e-20    2.2290421e-19              405                0
    0.00042345654    6.3765568e-05      0.012868416    -0.0038584373    -0.0060359109    -0.0063259685    9.1093825e-31   -1.6021766e-19    -9.156439e-20    2.2290421e-19             1663                1
     0.0033231631    9.2562608e-05     0.0092504965   -0.00095467904     0.0083025796     0.0011936458    9.1093825e-31   -1.6021766e-19    -9.156439e-20    2.2290421e-19             1576                1
     0.0082539748    2.1397002e-05   -0.00071246841    3.8191007e-05    -0.0015183674    -0.0015463809    9.1093825e-31   -1.6021766e-19    -9.156439e-20    2.2290421e-19              193                0
     0.0079013463    8.6358537e-05     0.0077182371    0.00046731575     0.0014151562    -0.0015603541    9.1093825e-31   -1.6021766e-19    -9.156439e-20    2.2290421e-19              235                0
     0.0080716461    2.8680166e-05     0.0086037833    -0.0021816043    0.00026131922   -0.00020150258    9.1093825e-31   -1.6021766e-19    -9.156439e-20    2.2290421e-19              961                0
     0.0086556096    2.8529847e-05    0.00016609457     0.0020789576   -0.00048402839    0.00017321152    9.1093825e-31   -1.6021766e-19    -9.156439e-20    2.2290421e-19              386                0
    -0.0030784463     9.118432e-06     -0.010441763     0.0042737783     0.0024683257   -0.00034165086    9.1093825e-31   -1.6021766e-19    -9.156439e-20    2.2290421e-19             1682                1
    -0.0051539456    9.9959407e-06     -0.014018256     -0.002124351     -0.001762244    -0.0013925732    9.1093825e-31   -1.6021766e-19    -9.156439e-20    2.2290421e-19              293                0
    -0.0039327922    6.3919622e-05     -0.013161018   -0.00037679879   -0.00065899082    -0.0020547719    9.1093825e-31   -1.6021766e-19    -9.156439e-20    2.2290421e-19              645                0
    -0.0052823713    7.8204204e-05      0.008966703     0.0014943071     0.0016618519   -0.00043839923    9.1093825e-31   -1.6021766e-19    -9.156439e-20    2.2290421e-19              355                0
     0.0076992516    4.4055534e-05     -0.011919016   -0.00083736982    -0.0010138884    0.00070943183    9.1093825e-31   -1.6021766e-19    -9.156439e-20    2.2290421e-19              451                0
     -0.006776365    1.5416512e-05      0.011565812     0.0022860339     0.0013299049    -0.0018207902    9.1093825e-31   -1.6021766e-19    -9.156439e-20    2.2290421e-19              716                0
    -0.0064165657    4.3857726e-05    -0.0020607919   -0.00010410318    -0.0012899339    0.00093366945    9.1093825e-31   -1.6021766e-19    -9.156439e-20    2.2290421e-19               32                0
     0.0055421912    7.3587049e-05      0.011531405   -0.00030196388      0.007905513   -0.00010085967    9.1093825e-31   -1.6021766e-19    -9.156439e-20    2.2290421e-19             1607                1
     0.0083189486    3.7849113e-05    0.00065888936    -0.0016666331   -0.00035129569    -0.0006218105    9.1093825e-31   -1.6021766e-19    -9.156439e-20    2.2290421e-19              455                0
     0.0058798008    3.6470239e-05     0.0030107142   -0.00041456858   -0.00054533919   -6.0379775e-06    9.1093825e-31   -1.6021766e-19    -9.156439e-20    2.2290421e-19              475                0
    -0.0034835171    8.7792483e-05    -0.0064261067    -0.0015668212    0.00045371806   -0.00019505469    9.1093825e-31   -1.6021766e-19    -9.156439e-20    2.2290421e-19             1466                1
     0.0033136397    8.7764456e-05       0.01437079    -0.0002464845     0.0040693954     0.0032798825    9.1093825e-31   -1.6021766e-19    -9.156439e-20    2.2290421e-19                7                0
     0.0051452867    4.4322423e-05    -0.0021709967    0.00081745005    -0.0024321985     0.0019334764    9.1093825e-31   -1.6021766e-19    -9.156439e-20    2.2290421e-19              535                0
     0.0013960411    9.5748306e-05      0.011344939     0.0010638933      0.010035511     0.0026516288    9.1093825e-31   -1.6021766e-19    -9.156439e-20    2.2290421e-19             1585                1
    -0.0014536688    3.4233872e-05    -0.0085737258     0.0020404395    -0.0077046398     0.0034851865    9.1093825e-31   -1.6021766e-19    -9.156439e-20    2.2290421e-19             1601                1
      -0.00156155    9.4848641e-05      0.010722981     -0.003938403    -0.0033498779    -0.0040347562    9.1093825e-31   -1.6021766e-19    -9.156439e-20    2.2290421e-19             1739                1
     -0.005529304    2.6747277e-05     0.0063157771     0.0014790412     0.0010097371     0.0014964531    9.1093825e-31   -1.6021766e-19    -9.156439e-20    2.2290421e-19              902                0
    9.6172567e-05     2.112256e-05      0.003318459     0.0024717192   -0.00058595976    -0.0010243106    9.1093825e-31   -1.6021766e-19    -9.156439e-20    2.2290421e-19              173                0
     0.0064270557    2.3788632e-06     0.0073487284    -0.0021346598   -0.00066739472    -0.0021077371    9.1093825e-31   -1.6021766e-19    -9.156439e-20    2.2290421e-19             1126                1
    -0.0050747036     8.614429e-05    -0.0018134905    0.00082226493   -1.6098747e-05    -0.0020142372    9.1093825e-31   -1.6021766e-19    -9.156439e-20    2.2290421e-19             1206                1
    -0.0067443685    3.7328158e-05     0.0039817258     0.0031003456     0.0001770876    -0.0015923473    9.1093825e-31   -1.6021766e-19    -9.156439e-20    2.2290421e-19              695                0
     0.0017904635    9.5629075e-05     0.0068874811   -0.00011627836     0.0072310893    -0.0015314836    9.1093825e-31   -1.6021766e-19    -9.156439e-20    2.2290421e-19             1566                1
      0.005060764    9.1899987e-05      0.007136106   -0.00022316552     0.0024389394     0.0036278251    9.1093825e-31   -1.6021766e-19    -9.156439e-20    2.2290421e-19              847                0
     0.0064951829    3.6698199e-05    -0.0076624551     0.0022293485    -0.0012068691     0.0016487651    9.1093825e-31   -1.6021766e-19    -9.156439e-20    2.2290421e-19                4                0
    -0.0010053681    3.0313251e-05     0.0060293172   -0.00036140194     -0.011915744    -0.0027153909    9.1093825e-31   -1.6021766e-19    -9.156439e-20    2.2290421e-19             1651                1
    -0.0044523901    4.8442449e-05      0.012079109    0.00010754657     0.0036422743   -0.00014305662    9.1093825e-31   -1.6021766e-19    -9.156439e-20    2.2290421e-19             1316                1
    -0.0061341668    2.3084083e-05     -0.011988243    1.5905207e-05    -0.0015879422    -0.0013665712    9.1093825e-31   -1.6021766e-19    -9.156439e-20    2.2290421e-19              385                0
     0.0037797298    3.4830216e-06    -0.0099103758    -0.0010507862    -0.0036797309    0.00075536506    9.1093825e-31   -1.6021766e-19    -9.156439e-20    2.2290421e-19              835                0
    -0.0053091925    2.1871205e-05     0.0049277493    -0.0010772757   -0.00064384658   -0.00049491442    9.1093825e-31   -1.6021766e-19    -9.156439e-20    2.2290421e-19              248                0
    -0.0012093259    4.8315203e-05     0.0046213903     0.0014586451    0.00036889719     0.0014627568    9.1093825e-31   -1.6021766e-19    -9.156439e-20    2.2290421e-19              968                0
    -0.0050972467    7.9869977e-05     0.0060803429    -0.0010651279     0.0015249844      0.001249067    9.1093825e-31   -1.6021766e-19    -9.156439e-20    2.2290421e-19              895                0
     0.0010174076    6.7002991e-05     0.0059575578     0.0019383245     -0.010993631   -0.00018458049    9.1093825e-31   -1.6021766e-19    -9.156439e-20    2.2290421e-19             1702                1
     0.0061608679    3.3989811e-05     0.0048081218    -0.0011221222    0.00062205188    0.00066346396    9.1093825e-31   -1.6021766e-19    -9.156439e-20    2.2290421e-19              751                0
     0.0075204689    1.4461909e-05    -0.0091348868    -0.0007114184    -0.0014121985    0.00033226778    9.1093825e-31   -1.6021766e-19    -9.156439e-20    2.2290421e-19               10                0
    -0.0059375437    2.0778638e-05     0.0018209529     4.526772e-05    -0.0014082041     0.0019846982    9.1093825e-31   -1.6021766e-19    -9.156439e-20    2.2290421e-19              832                0
   -0.00085165224    5.5043402e-06     -0.005796717   -0.00082418357     0.0041433196    -0.0094972765    9.1093825e-31   -1.6021766e-19    -9.156439e-20    2.2290421e-19             1743                1
    -0.0073396545    7.3774674e-05    -0.0069713416    -0.0011521073    -0.0013579344    -0.0026716767    9.1093825e-31   -1.6021766e-19    -9.156439e-20    2.2290421e-19              532                0
    -0.0037834803    8.1313403e-05      0.011559235   -0.00062314636    -0.0069521326   -0.00077689899    9.1093825e-31   -1.6021766e-19    -9.156439e-20    2.2290421e-19             1713                1
    -0.0045742863    8.6538348e-05     0.0036561443    2.1492102e-05    -0.0042143622   -0.00056261034    9.1093825e-31   -1.6021766e-19    -9.156439e-20    2.2290421e-19             1681                1
      0.001123987    1.0857206e-05    -0.0092396233    -0.0034854372     0.0062430906    -0.0034817355    9.1093825e-31   -1.6021766e-19    -9.156439e-20    2.2290421e-19             1730                1
     0.0051905387    6.5868207e-06    -0.0076962286   -1.8739662e-05    -0.0034112907   -0.00016312765    9.1093825e-31   -1.6021766e-19    -9.156439e-20    2.2290421e-19              565                0
     0.0033534348    7.0356175e-05      0.012740294   -0.00016780238    -0.0064799897    -0.0026204323    9.1093825e-31   -1.6021766e-19    -9.156439e-20    2.2290421e-19             1684                1
    -0.0012773616    2.8838414e-05     0.0027822074    -0.0016782876   -0.00056322408     -0.000631954    9.1093825e-31   -1.6021766e-19    -9.156439e-20    2.2290421e-19               96                0
     0.0018657789    9.2245944e-05      0.012039047     0.0028043604    -0.0017095112   -0.00052323297    9.1093825e-31   -1.6021766e-19    -9.156439e-20    2.2290421e-19             1692                1
     0.0035696817    8.8572415e-05     0.0012162299    0.00090801192    0.00016678822   -0.00025726974    9.1093825e-31   -1.6021766e-19    -9.156439e-20    2.2290421e-19              201                0
    -0.0010415679    8.0815844e-05     0.0058278795     0.0021596991    -0.0050702561     0.0013305241    9.1093825e-31   -1.6021766e-19    -9.156439e-20    2.2290421e-19             1670                1
     -0.002668771    7.7879071e-05     0.0065181539    -0.0017453154      0.002456306     0.0019401573    9.1093825e-31   -1.6021766e-19    -9.156439e-20    2.2290421e-19              288                0
     0.0061458666    5.0822859e-05     -0.014188293     0.0010221278   -1.8046234e-05   -0.00096906401    9.1093825e-31   -1.6021766e-19    -9.156439e-20    2.2290421e-19              365                0
    -0.0012121906    4.5329267e-05     0.0066130967     0.0042377682      -0.01072565    -0.0019755247    9.1093825e-31   -1.6021766e-19    -9.156439e-20    2.2290421e-19             1656                1
      -0.00863613    1.2046809e-05     -0.012881386   -0.00016835079   -0.00084089499    -0.0017664426    9.1093825e-31   -1.6021766e-19    -9.156439e-20    2.2290421e-19              301                0
    -0.0050506685    2.4080508e-05     0.0089277886    -0.0021688892     0.0012634054   -2.4212096e-07    9.1093825e-31   -1.6021766e-19    -9.156439e-20    2.2290421e-19              662                0
    -0.0075597637    4.9873615e-05    0.00087381125     0.0014775788     0.0013653655    0.00068042747    9.1093825e-31   -1.6021766e-19    -9.156439e-20    2.2290421e-19             1389                1
    -0.0075329491    1.6629423e-05     0.0018867676   -0.00074770587    -0.0012335193    -0.0018020192    9.1093825e-31   -1.6021766e-19    -9.156439e-20    2.2290421e-19               12                0
     0.0013483004    8.4645755e-05      0.011355166    -0.0039374013    -0.0040692519     0.0033708001    9.1093825e-31   -1.6021766e-19    -9.156439e-20    2.2290421e-19             1695                1
    -0.0043199742    7.4384421e-05     0.0060573723     0.0016050026     0.0013192981   -0.00078379852    9.1093825e-31   -1.6021766e-19    -9.156439e-20    2.2290421e-19              628                0
     0.0065721669    5.8518002e-05     0.0057154163    0.00043351785    9.8583572e-05   -0.00062850706    9.1093825e-31   -1.6021766e-19    -9.156439e-20    2.2290421e-19              420                0
     0.0014654802    1.0799525e-05      -0.00892183    0.00011762152     0.0024512918    0.00031705512    9.1093825e-31   -1.6021766e-19    -9.156439e-20    2.2290421e-19             1677                1
   -0.00065323769    2.3647481e-05    -0.0082647856    0.00095868675     0.0044615418    -0.0068372134    9.1093825e-31   -1.6021766e-19    -9.156439e-20    2.2290421e-19             1668                1
    0.00040523373    9.0428344e-05      0.012803831    0.00025664948     0.0089898882     0.0003647001    9.1093825e-31   -1.6021766e-19    -9.156439e-20    2.2290421e-19             1508                1
    -0.0013117348    8.2092329e-06     -0.014198052   -0.00044790655     0.0049546571     0.0049687261    9.1093825e-31   -1.6021766e-19    -9.156439e-20    2.2290421e-19             1728                1
    -0.0067106448    6.5173779e-05    -0.0032487155     0.0011390065   -0.00063564093    0.00097640348    9.1093825e-31   -1.6021766e-19    -9.156439e-20    2.2290421e-19              984                0
    -0.0021627389    6.5749002e-05      0.013724294    0.00024619803      0.008790331   -0.00033700396    9.1093825e-31   -1.6021766e-19    -9.156439e-20    2.2290421e-19             1608                1
    -0.0016366353    3.4637953e-05     -0.011172641     0.0051171705     0.0066370638    -0.0024874753    9.1093825e-31   -1.6021766e-19    -9.156439e-20    2.2290421e-19             1658                1
     0.0052534477    5.8615791e-05     0.0064476882     0.0010830753    0.00091515208   -0.00040214151    9.1093825e-31   -1.6021766e-19    -9.156439e-20    2.2290421e-19              580                0
    -0.0022823384    3.9400737e-05     0.0029123893    -0.0011174725     -0.013223709     0.0036636011    9.1093825e-31   -1.6021766e-19    -9.156439e-20    2.2290421e-19             1662                1
     0.0084704021    3.0510517e-05     -0.012768842    -0.0022371425    4.3825705e-05     0.0022222456    9.1093825e-31   -1.6021766e-19    -9.156439e-20    2.2290421e-19              586                0
      0.001555539    1.6646005e-05     -0.012930274   -0.00037207306      0.005623905    -0.0005749691    9.1093825e-31   -1.6021766e-19    -9.156439e-20    2.2290421e-19             1698                1
    -0.0050943629     5.237812e-05    -0.0051569818     0.0010595246    -0.0020522648   -0.00094570912    9.1093825e-31   -1.6021766e-19    -9.156439e-20    2.2290421e-19              660                0
     0.0089424904    6.1882885e-05     0.0048065525   -0.00079461967     0.0012345935     0.0014985839    9.1093825e-31   -1.6021766e-19    -9.156439e-20    2.2290421e-19             1080                1
     -0.007795529    4.0161765e-05      0.010927686    0.00063166354    0.00083254225     0.0015233756    9.1093825e-31   -1.6021766e-19    -9.156439e-20    2.2290421e-19              652                0
     0.0026299763    2.7496876e-06    -0.0076797754    -0.0014367591    -0.0098496303     0.0034483485    9.1093825e-31   -1.6021766e-19    -9.156439e-20    2.2290421e-19             1569                1
    -0.0027427806    8.9823207e-06    0.00085041142   -8.3703511e-05       -0.0137194   -1.5098378e-05    9.1093825e-31   -1.6021766e-19    -9.156439e-20    2.2290421e-19             1636                1
    -0.0089797871    1.8523568e-05      0.001518649    -0.0022042373   -0.00039686778    0.00013323787    9.1093825e-31   -1.6021766e-19    -9.156439e-20    2.2290421e-19              760                0
     0.0018528488    8.5561303e-05      0.012040163   -0.00054513209    -0.0034396045   -0.00023440184    9.1093825e-31   -1.6021766e-19    -9.156439e-20    2.2290421e-19             1691                1
    -0.0045141866    9.5727417e-05     0.0065507153    -0.0013990353    -0.0041472586    -0.0007491826    9.1093825e-31   -1.6021766e-19    -9.156439e-20    2.2290421e-19             1746                1
      0.002417333    1.3736993e-05    -0.0092338789      -0.00110755     0.0037534693    -0.0040595685    9.1093825e-31   -1.6021766e-19    -9.156439e-20    2.2290421e-19             1694                1
     0.0058596688     7.237339e-05    -0.0074578193   -0.00013761975    -0.0013082967   -0.00093628076    9.1093825e-31   -1.6021766e-19    -9.156439e-20    2.2290421e-19              840                0
     0.0030361626     5.362881e-05    -0.0056403503     -0.001739924    -0.0032493481    1.5151697e-05    9.1093825e-31   -1.6021766e-19    -9.156439e-20    2.2290421e-19              860                0
    -0.0039098714    2.6091291e-05     -0.002048542    8.1054964e-08    -0.0025608093   -0.00049939868    9.1093825e-31   -1.6021766e-19    -9.156439e-20    2.2290421e-19              880                0
    -0.0032223829    3.2018885e-05     -0.012453036    -0.0008475011    -0.0020658188    -0.0015404238    9.1093825e-31   -1.6021766e-19    -9.156439e-20    2.2290421e-19              900                0
    -0.0065527516    2.2350077e-05    -0.0087329885    0.00093663513    -0.0015392177     -0.001327463    9.1093825e-31   -1.6021766e-19    -9.156439e-20    2.2290421e-19              132                0
     0.0033921602      7.54473e-05      0.012734575    0.00070372154     0.0074150446   -0.00023895748    9.1093825e-31   -1.6021766e-19    -9.156439e-20    2.2290421e-19             1499                1
    -0.0073038163    3.9206589e-05     -0.002700892    0.00063606986   -0.00032443652    0.00067805668    9.1093825e-31   -1.6021766e-19    -9.156439e-20    2.2290421e-19             1012                1
    -0.0036963334     5.351851e-05    0.00035471717    -0.0013137057    -0.0014711126     0.0026019388    9.1093825e-31   -1.6021766e-19    -9.156439e-20    2.2290421e-19              893                0
     0.0075192326    3.5098263e-05     -0.012938948     0.0023650678   -0.00054378971    -0.0017003036    9.1093825e-31   -1.6021766e-19    -9.156439e-20    2.2290421e-19              311                0
    -0.0069347937    3.3614946e-05    -0.0077893422     -0.001275274    -0.0017653987    0.00055376434    9.1093825e-31   -1.6021766e-19    -9.156439e-20    2.2290421e-19              791                0
    -0.0041096797    1.4226796e-05    -0.0096768159     0.0010440681     0.0055058994     0.0053744987    9.1093825e-31   -1.6021766e-19    -9.156439e-20    2.2290421e-19             1712                1
    -0.0030254589     2.431871e-05     0.0051013818   -0.00023809767    0.00083933613    -0.0012223416    9.1093825e-31   -1.6021766e-19    -9.156439e-20    2.2290421e-19              110                0
   -0.00015630086    1.3915769e-05    -0.0076002665    0.00071100035     -0.010011934     -0.005626359    9.1093825e-31   -1.6021766e-19    -9.156439e-20    2.2290421e-19             1602                1
     0.0011505225     3.667517e-05     -0.006743155     0.0011032587     0.0042957114     0.0022713665    9.1093825e-31   -1.6021766e-19    -9.156439e-20    2.2290421e-19             1649                1
    -0.0062065828    2.7239466e-05     0.0028830203    4.7228245e-05    -7.961419e-05   -0.00011923608    9.1093825e-31   -1.6021766e-19    -9.156439e-20    2.2290421e-19              677                0
    0.00060873211    9.5983894e-05     0.0097383074     0.0041766581    -0.0058868756     0.0055283569    9.1093825e-31   -1.6021766e-19    -9.156439e-20    2.2290421e-19             1752                1
    -0.0084781703    5.6577253e-05    -0.0047896295    0.00033566265   -0.00014001298   -0.00011259397    9.1093825e-31   -1.6021766e-19    -9.156439e-20    2.2290421e-19              210                0
     -0.001066908    4.2215456e-06    -0.0059252591     0.0057769055     0.0024994446     0.0052176532    9.1093825e-31   -1.6021766e-19    -9.156439e-20    2.2290421e-19             1738                1
     0.0079245502    5.7988949e-05     0.0084023345   -0.00032371446    0.00071612437     0.0012622477    9.1093825e-31   -1.6021766e-19    -9.156439e-20    2.2290421e-19              254                0
     0.0059079584    7.6307551e-05     0.0044833217   -0.00064664421    0.00038146236   -0.00088142854    9.1093825e-31   -1.6021766e-19    -9.156439e-20    2.2290421e-19              270                0
     0.0092766779    7.5675569e-05      0.012587068     0.0010791625     0.0010783473   -0.00051240105    9.1093825e-31   -1.6021766e-19    -9.156439e-20    2.2290421e-19              812                0
     0.0089221736    2.9590228e-05     -0.013922893   -0.00069655746     -0.001017986    0.00016480131    9.1093825e-31   -1.6021766e-19    -9.156439e-20    2.2290421e-19              310                0
     0.0078311693    1.9817156e-05     -0.011325925    0.00020390762    -0.0017904801    0.00046888579    9.1093825e-31   -1.6021766e-19    -9.156439e-20    2.2290421e-19              407                0
     -0.003752243    7.3677834e-06    -0.0015462608     0.0036387043     0.0065028118      0.001014025    9.1093825e-31   -1.6021766e-19    -9.156439e-20    2.2290421e-19             1747                1
    -0.0075201145    3.6751488e-05     -0.012123183    -0.0011405617   -0.00020856727    -0.0012045164    9.1093825e-31   -1.6021766e-19    -9.156439e-20    2.2290421e-19              673                0
     0.0089534596    7.1718008e-05     0.0060894308    -0.0014443127     0.0010048326    0.00046915567    9.1093825e-31   -1.6021766e-19    -9.156439e-20    2.2290421e-19              390                0
     0.0085196309    2.1433303e-05      0.010219363    0.00025973783    0.00036429058   -9.2328868e-05    9.1093825e-31   -1.6021766e-19    -9.156439e-20    2.2290421e-19              410                0
     0.0094910907    9.2624774e-05       -0.0107996    0.00026035405      0.004218447    0.00064551964    9.1093825e-31   -1.6021766e-19    -9.156439e-20    2.2290421e-19             1490                1
     -0.001407692    3.3652479e-05     -0.012504973     0.0068799821     0.0057414742    -0.0076167989    9.1093825e-31   -1.6021766e-19    -9.156439e-20    2.2290421e-19             1648                1
   -3.5062989e-05    4.3614338e-05      0.014561308   -5.6160377e-05     0.0065574255    0.00014757173    9.1093825e-31   -1.6021766e-19    -9.156439e-20    2.2290421e-19             1500                1
     0.0044455291    5.3838245e-05     -0.013479791    0.00049249234    -0.0033635204   -6.5557841e-05    9.1093825e-31   -1.6021766e-19    -9.156439e-20    2.2290421e-19             1596                1
    -0.0087308977    7.8058663e-05       0.00499913    -0.0012687648     0.0009762728     0.0016880108    9.1093825e-31   -1.6021766e-19    -9.156439e-20    2.2290421e-19              510                0
    -0.0094380677    9.1996706e-05    -0.0066639869    0.00040335846   -0.00033866728    0.00041480403    9.1093825e-31   -1.6021766e-19    -9.156439e-20    2.2290421e-19              192                0
    -0.0042147543    1.3209165e-05    -0.0097935107     0.0011273412     0.0026009064   -0.00079953892    9.1093825e-31   -1.6021766e-19    -9.156439e-20    2.2290421e-19             1664                1
     0.0090780668    2.0440639e-05     -0.012562411    -0.0025036279    -0.0011306135    -0.0020285007    9.1093825e-31   -1.6021766e-19    -9.156439e-20    2.2290421e-19              747                0
   -0.00030911079    1.0392051e-05    0.00035203947    0.00040662714    -0.0095349047    -0.0032538646    9.1093825e-31   -1.6021766e-19    -9.156439e-20    2.2290421e-19             1568                1
     0.0034599355    5.0430124e-05     0.0032583082     0.0011621674    5.1532668e-05     0.0021963336    9.1093825e-31   -1.6021766e-19    -9.156439e-20    2.2290421e-19              991                0
    -0.0019108552    6.5551787e-05     0.0045859683     -0.001307438    0.00034911689    -0.0013517428    9.1093825e-31   -1.6021766e-19    -9.156439e-20    2.2290421e-19              630                0
    -0.0092301629    3.0564541e-05     -0.001883685     0.0011826272   -0.00038734576   -0.00095275108    9.1093825e-31   -1.6021766e-19    -9.156439e-20    2.2290421e-19              212                0
     0.0084259696    2.7234604e-05     0.0016046463    0.00021600862   -0.00028108011    -0.0008300725    9.1093825e-31   -1.6021766e-19    -9.156439e-20    2.2290421e-19              525                0
     0.0092028258    1.1545428e-05    -0.0091223717     0.0011337345   -0.00038477141    -0.0014043708    9.1093825e-31   -1.6021766e-19    -9.156439e-20    2.2290421e-19              690                0
    -0.0011444977     9.108222e-05      0.006658284    -0.0043247882    -0.0028821148      0.004973866    9.1093825e-31   -1.6021766e-19    -9.156439e-20    2.2290421e-19             1674                1
    -0.0014639344    7.8808778e-05    -0.0066780453   -0.00091389799    -0.0020475541    -0.0012310466    9.1093825e-31   -1.6021766e-19    -9.156439e-20    2.2290421e-19             1170                1
    -0.0087537756    7.1329283e-05    -0.0012555977    0.00091745728   -0.00060341629    0.00099271152    9.1093825e-31   -1.6021766e-19    -9.156439e-20    2.2290421e-19              750                0
    -0.0016490927    9.0782296e-06     0.0084125679     0.0011919925     0.0011162651    -0.0016461113    9.1093825e-31   -1.6021766e-19    -9.156439e-20    2.2290421e-19             1655                1
    -0.0089319218    2.8811875e-05      0.010368773     0.0017772266    -0.0020180703   -0.00056035322    9.1093825e-31   -1.6021766e-19    -9.156439e-20    2.2290421e-19             1370                1
    -0.0040104431    4.6817386e-05     0.0094049461     0.0039919387     -0.010927296    -0.0022734653    9.1093825e-31   -1.6021766e-19    -9.156439e-20    2.2290421e-19             1669                1
    -0.0075382697     6.105873e-05    -0.0013535526      0.002870047   -0.00018954126   -0.00085145223    9.1093825e-31   -1.6021766e-19    -9.156439e-20    2.2290421e-19              257                0
    -0.0056147361    4.7684851e-05     0.0057916855    -0.0010966364     0.0010843636     0.0010285031    9.1093825e-31   -1.6021766e-19    -9.156439e-20    2.2290421e-19              220                0
     0.0067481212    7.1211362e-05     0.0091415392    -0.0016410821     0.0022487494     0.0013776808    9.1093825e-31   -1.6021766e-19    -9.156439e-20    2.2290421e-19              870                0
     0.0064750998    2.8204295e-05    -0.0084695192    -0.0027531453    -0.0014461207   -0.00053906668    9.1093825e-31   -1.6021766e-19    -9.156439e-20    2.2290421e-19              931                0
    -0.0010686953    6.5920402e-05     0.0056915786    -0.0053609097    -0.0088028302    0.00057120586    9.1093825e-31   -1.6021766e-19    -9.156439e-20    2.2290421e-19             1676                1
     0.0041744248    8.4352563e-05     -0.014869639     -0.001337382    1.8483601e-05    -0.0022191717    9.1093825e-31   -1.6021766e-19    -9.156439e-20    2.2290421e-19              833                0
    -0.0076543791    1.7192855e-05     0.0045348774   -0.00040664739   -0.00054389366     0.0013636582    9.1093825e-31   -1.6021766e-19    -9.156439e-20    2.2290421e-19              633                0
   -0.00016737214    9.0095355e-06    -0.0035501029    0.00056579948    -0.0019448604    -0.0030545448    9.1093825e-31   -1.6021766e-19    -9.156439e-20    2.2290421e-19             1630                1
     0.0048353127    4.6601206e-05     0.0071177054    0.00021317435    0.00089814846     0.0030143645    9.1093825e-31   -1.6021766e-19    -9.156439e-20    2.2290421e-19               18                0
      0.005972208    1.8090501e-05     -0.002886812    -0.0011366563    -0.0014283764    -0.0022768618    9.1093825e-31   -1.6021766e-19    -9.156439e-20    2.2290421e-19              256                0
    -0.0017241089    8.3805084e-05     0.0017762838     0.0006946277    -0.0066893725     0.0023210621    9.1093825e-31   -1.6021766e-19    -9.156439e-20    2.2290421e-19             1710                1
    -0.0035964404    2.5919142e-06     -0.014344078    -0.0023527043     -0.001310139     0.0004398069    9.1093825e-31   -1.6021766e-19    -9.156439e-20    2.2290421e-19              567                0
     0.0033639916    8.9846231e-05      0.012701451   -0.00038181848    -0.0039310381   -0.00072341511    9.1093825e-31   -1.6021766e-19    -9.156439e-20    2.2290421e-19             1715                1
    -0.0016312671    2.6355259e-05     -0.011175033     0.0060679112     0.0051696193    -0.0029119358    9.1093825e-31   -1.6021766e-19    -9.156439e-20    2.2290421e-19             1659                1
    -0.0026500856    1.1709177e-05     -0.013954666      0.004259639     0.0074389293     0.0013789851    9.1093825e-31   -1.6021766e-19    -9.156439e-20    2.2290421e-19             1733                1
    -0.0090354644     8.708064e-05      0.012490305    -0.0017050371     0.0012822861    2.0272915e-05    9.1093825e-31   -1.6021766e-19    -9.156439e-20    2.2290421e-19              865                0
     0.0092222663    6.1569393e-05    0.00092171202     0.0014051163   -0.00043396716   -0.00017849426    9.1093825e-31   -1.6021766e-19    -9.156439e-20    2.2290421e-19              637                0
     0.0012025927    9.2092348e-05       0.01364108    -0.0010521235    -0.0035466705     -0.001050417    9.1093825e-31   -1.6021766e-19    -9.156439e-20    2.2290421e-19             1723                1
    -0.0030777489    2.1924832e-05     -0.010439408     0.0044392096     0.0054761991    0.00021214758    9.1093825e-31   -1.6021766e-19    -9.156439e-20    2.2290421e-19             1683                1
     0.0047476222    7.2947099e-05     0.0021137041   -0.00073409686   -6.3060033e-05      0.001151862    9.1093825e-31   -1.6021766e-19    -9.156439e-20    2.2290421e-19              229                0
    -0.0028790017    2.3123992e-05    -0.0056486255    0.00043231196    -0.0035841698    -0.0028036456    9.1093825e-31   -1.6021766e-19    -9.156439e-20    2.2290421e-19              507                0
    -0.0085938517    7.1875278e-05    -0.0014433388    0.00081883027   -0.00064345327   -0.00040297385    9.1093825e-31   -1.6021766e-19    -9.156439e-20    2.2290421e-19              894                0
    -0.0027643593    3.4336932e-05    -0.0088895531    0.00068922155    -0.0065168906    -0.0015675245    9.1093825e-31   -1.6021766e-19    -9.156439e-20    2.2290421e-19             1482                1
     0.0078380154     7.185046e-05    -0.0032368577     0.0016429424    -0.0011421244     0.0023104306    9.1093825e-31   -1.6021766e-19    -9.156439e-20    2.2290421e-19              309                0
    -0.0089338971    5.0792991e-05      0.011243836   -0.00022422588    0.00048849563   -0.00060464733    9.1093825e-31   -1.6021766e-19    -9.156439e-20    2.2290421e-19              329                0
     0.0077144611    5.0802486e-05     -0.014128168    -0.0029016444    0.00040013372      0.001357444    9.1093825e-31   -1.6021766e-19    -9.156439e-20    2.2290421e-19              349                0
      0.009087665    6.1699393e-05     0.0078764213    -0.0010170835     0.0002750016     0.0016580723    9.1093825e-31   -1.6021766e-19    -9.156439e-20    2.2290421e-19              369                0
    -0.0028702582    8.1970931e-05    -0.0069490578    -0.0019253035   -6.2569285e-05   -0.00044872062    9.1093825e-31   -1.6021766e-19    -9.156439e-20    2.2290421e-19             1453                1
    0.00034524151    4.5059271e-05      0.012656702    -0.0028998067     0.0065898821    -0.0073831836    9.1093825e-31   -1.6021766e-19    -9.156439e-20    2.2290421e-19             1507                1
    -0.0022934007    5.2233852e-05     0.0071883276     0.0020493544     0.0025300025    0.00015921003    9.1093825e-31   -1.6021766e-19    -9.156439e-20    2.2290421e-19              632                0
     0.0055454168    2.3423416e-05     0.0035414079    -0.0014199208   -0.00024750386   -0.00024481831    9.1093825e-31   -1.6021766e-19    -9.156439e-20    2.2290421e-19              251                0
    -0.0089864908    9.3250303e-05    0.00046418453     0.0010521837    0.00020062363    0.00012337984    9.1093825e-31   -1.6021766e-19    -9.156439e-20    2.2290421e-19              469                0
      0.006362211    1.1326465e-05    -0.0093918415     0.0023213902     -0.002812884    -0.0001776573    9.1093825e-31   -1.6021766e-19    -9.156439e-20    2.2290421e-19             1004                1
     0.0015553618    8.9708847e-05      0.011490214    -0.0014076728    -0.0023228968    -0.0015386767    9.1093825e-31   -1.6021766e-19    -9.156439e-20    2.2290421e-19             1689                1
     0.0073891911    3.4120636e-05    0.00090458628    -0.0015548677   -4.7356716e-05   -0.00085202628    9.1093825e-31   -1.6021766e-19    -9.156439e-20    2.2290421e-19              476                0
    -0.0049762037    2.0444211e-05     -0.012683066     0.0013652907    -0.0011991363    -0.0016455873    9.1093825e-31   -1.6021766e-19    -9.156439e-20    2.2290421e-19              549                0
    -0.0011250573     8.574556e-05      0.010158567     0.0026320501     0.0032101136    0.00071915635    9.1093825e-31   -1.6021766e-19    -9.156439e-20    2.2290421e-19              569                0
    -0.0011860317    2.7091113e-05     0.0056413286     -0.001998706    -0.0068938239    -0.0062129884    9.1093825e-31   -1.6021766e-19    -9.156439e-20    2.2290421e-19             1600                1
     0.0013621922    3.7197336e-05    -0.0088363905     -0.001739933     0.0058117365   -8.6360473e-05    9.1093825e-31   -1.6021766e-19    -9.156439e-20    2.2290421e-19             1654                1
     0.0095009869    6.6597568e-05     -0.014583412   -9.8129029e-05    0.00020205379     0.0020946048    9.1093825e-31   -1.6021766e-19    -9.156439e-20    2.2290421e-19              922                0
    -0.0010811733    2.5661622e-05      -0.01239593    -0.0023307502    -0.0024967827   -0.00037950365    9.1093825e-31   -1.6021766e-19    -9.156439e-20    2.2290421e-19              649                0
    -0.0078630475    5.7780988e-05     0.0038273381     0.0011926858    0.00010091647    0.00098673487    9.1093825e-31   -1.6021766e-19    -9.156439e-20    2.2290421e-19              934                0
    -0.0035594469    8.2497609e-05     0.0026482742    -0.0005192121    -0.0076010865    0.00095260883    9.1093825e-31   -1.6021766e-19    -9.156439e-20    2.2290421e-19             1714                1
    -0.0079336092    8.2678445e-05     0.0023839059    7.8149249e-05    0.00066131883   -6.3577638e-05    9.1093825e-31   -1.6021766e-19    -9.156439e-20    2.2290421e-19              709                0
     0.0029829852    6.4349486e-05   -0.00089837715   -0.00058396364    -0.0055184225    0.00028188585    9.1093825e-31   -1.6021766e-19    -9.156439e-20    2.2290421e-19             1549                1
    -0.0021430713    9.4178322e-05     0.0061875274     0.0003793326     0.0073063443     0.0020883668    9.1093825e-31   -1.6021766e-19    -9.156439e-20    2.2290421e-19             1599                1
   -0.00085710076    5.3709209e-06    -0.0057820855    -0.0050577689     0.0040401062     0.0018720342    9.1093825e-31   -1.6021766e-19    -9.156439e-20    2.2290421e-19             1744                1
     0.0016593984    2.6624868e-05     0.0036415919   -0.00079999759   -0.00027204704    0.00052960363    9.1093825e-31   -1.6021766e-19    -9.156439e-20    2.2290421e-19              754                0
     0.0053855563    5.4652475e-05     0.0019310587    0.00055029982   -0.00048217137     0.0025722103    9.1093825e-31   -1.6021766e-19    -9.156439e-20    2.2290421e-19               20                0
     -0.000738865     2.740376e-06      -0.00830987    -0.0036645918     0.0016836359    -0.0062404312    9.1093825e-31   -1.6021766e-19    -9.156439e-20    2.2290421e-19             1734                1
    -0.0088676438    8.0977632e-05    -0.0046081785   -0.00061061262    -5.306214e-06      0.000898731    9.1093825e-31   -1.6021766e-19    -9.156439e-20    2.2290421e-19              849                0
     0.0079136379    4.1590651e-05      0.002826089    -0.0011111366   -0.00069357746    1.7568511e-05    9.1093825e-31   -1.6021766e-19    -9.156439e-20    2.2290421e-19              869                0
     0.0086750221    5.7478795e-05     0.0040429239   -0.00071967847    0.00071676553    -0.0011706939    9.1093825e-31   -1.6021766e-19    -9.156439e-20    2.2290421e-19               36                0
     0.0077538826     1.034574e-05     0.0016976091     0.0012984721   -0.00075493153     0.0016546766    9.1093825e-31   -1.6021766e-19    -9.156439e-20    2.2290421e-19              977                0
     -0.005860792    1.5225956e-05   -0.00025359457    0.00021035546    -0.0019941945   -0.00033306121    9.1093825e-31   -1.6021766e-19    -9.156439e-20    2.2290421e-19              622                0
     0.0048361858    5.3729276e-05    -0.0017538313     0.0025372268    -0.0080916453    0.00029481549    9.1093825e-31   -1.6021766e-19    -9.156439e-20    2.2290421e-19             1643                1
     0.0060639647     7.119128e-05       0.01182984   -0.00069443538     0.0018379285     0.0020729201    9.1093825e-31   -1.6021766e-19    -9.156439e-20    2.2290421e-19              280                0
    -0.0046858992      4.45857e-05    -0.0082876412    -0.0014324223    -0.0030307421     0.0017541535    9.1093825e-31   -1.6021766e-19    -9.156439e-20    2.2290421e-19              591                0
    -0.0093755955    6.9208472e-05     0.0025642482    0.00081375532    0.00042671975    0.00012263373    9.1093825e-31   -1.6021766e-19    -9.156439e-20    2.2290421e-19               44                0
   -9.2225622e-05    4.4201774e-05    -0.0072479914    -0.0033688939     -0.008148443   -0.00018361637    9.1093825e-31   -1.6021766e-19    -9.156439e-20    2.2290421e-19             1632                1
     0.0032807253    1.7973998e-05    -0.0075465697     0.0021836064     0.0053351731    -0.0059624347    9.1093825e-31   -1.6021766e-19    -9.156439e-20    2.2290421e-19             1703                1
     0.0028378768    5.1236086e-05     0.0099471388    0.00034592181     0.0030110956   -0.00023401294    9.1093825e-31   -1.6021766e-19    -9.156439e-20    2.2290421e-19              177                0
     0.0011302677    5.5497214e-05     0.0027916171     0.0011815338    -0.0072095226     0.0021015322    9.1093825e-31   -1.6021766e-19    -9.156439e-20    2.2290421e-19             1623                1
     0.0012018264    1.9648503e-05     -0.009615087    -0.0041556084     0.0039715441     0.0052326685    9.1093825e-31   -1.6021766e-19    -9.156439e-20    2.2290421e-19             1665                1
    -0.0063032568    7.9429185e-05    -0.0027955645     0.0053662178    -0.0038448132     0.0043196403    9.1093825e-31   -1.6021766e-19    -9.156439e-20    2.2290421e-19             1629                1
    -0.0083760815    6.0461913e-05     0.0037922799    0.00098182342   -0.00021780648    -0.0031899775    9.1093825e-31   -1.6021766e-19    -9.156439e-20    2.2290421e-19              184                0
     0.0022993684    1.5437257e-05   -5.6417844e-05     0.0012843162     -0.012158172     0.0019774919    9.1093825e-31   -1.6021766e-19    -9.156439e-20    2.2290421e-19             1625                1
    -0.0042649372    3.2686981e-05    -0.0073467228     -0.001572054     0.0077633574    -0.0001741951    9.1093825e-31   -1.6021766e-19    -9.156439e-20    2.2290421e-19             1688                1
    -0.0060415659     7.036663e-05    -0.0093239602   -0.00013210915    0.00087979529    -6.071453e-05    9.1093825e-31   -1.6021766e-19    -9.156439e-20    2.2290421e-19             1436                1
    -0.0086461417    5.3571595e-05     0.0021145914     0.0004443549   -0.00021522889   -0.00017252985    9.1093825e-31   -1.6021766e-19    -9.156439e-20    2.2290421e-19              264                0
     0.0050801579    6.9563604e-05    0.00034731964    0.00020589263    -0.0011214589    -0.0012755931    9.1093825e-31   -1.6021766e-19    -9.156439e-20    2.2290421e-19              284                0
    -0.0056079137    3.0215428e-05     0.0056036934    0.00084306399    0.00060111756   -0.00045498542    9.1093825e-31   -1.6021766e-19    -9.156439e-20    2.2290421e-19              906                0
   -0.00090052304    5.0074093e-05    -0.0063618664    0.00014443854    -0.0072648604    -0.0031443213    9.1093825e-31   -1.6021766e-19    -9.156439e-20    2.2290421e-19             1581                1
     -0.004058945     8.153321e-05     -0.012673607    -0.0016685189    -0.0010757918    0.00035373544    9.1093825e-31   -1.6021766e-19    -9.156439e-20    2.2290421e-19              344                0
      0.001003261    8.5511943e-05     0.0059722625    -0.0023913987    -0.0053233225     0.0043128869    9.1093825e-31   -1.6021766e-19    -9.156439e-20    2.2290421e-19             1701                1
    -0.0009861408    5.1027357e-05    -0.0021140368   -6.3910127e-05     -0.002602577    0.00019135949    9.1093825e-31   -1.6021766e-19    -9.156439e-20    2.2290421e-19              384                0
   -0.00055155071    1.3852714e-05     -0.002553304   -8.9647096e-05     -0.010631747   -0.00057221315    9.1093825e-31   -1.6021766e-19    -9.156439e-20    2.2290421e-19             1590                1
     0.0069941971    1.1912979e-06     0.0080894595    -0.0022436776    -0.0028606772    0.00074917194    9.1093825e-31   -1.6021766e-19    -9.156439e-20    2.2290421e-19             1447                1
    -0.0092220372    6.6212742e-05   -0.00047891206    2.4752109e-05   -0.00029974282    0.00067074259    9.1093825e-31   -1.6021766e-19    -9.156439e-20    2.2290421e-19              444                0
    -0.0059461528    1.7590775e-05    -0.0019159805    0.00023460682    -0.0012616455    -0.0010527804    9.1093825e-31   -1.6021766e-19    -9.156439e-20    2.2290421e-19              464                0
    -0.0011823355    3.0222234e-05    -0.0041387528     -0.003498913     -0.010604614      0.002953382    9.1093825e-31   -1.6021766e-19    -9.156439e-20    2.2290421e-19             1628                1
      0.005469488    3.0423873e-05     0.0091939913     0.0015543532     0.0023965791     0.0017095166    9.1093825e-31   -1.6021766e-19    -9.156439e-20    2.2290421e-19             1322                1
     0.0047784131    1.8280323e-05    -0.0034290783     -0.004281661    -0.0099562677    -0.0014818923    9.1093825e-31   -1.6021766e-19    -9.156439e-20    2.2290421e-19             1610                1
     0.0033428189    4.5316614e-05    -0.0009871911    0.00040113463    -0.0022763675     0.0010096579    9.1093825e-31   -1.6021766e-19    -9.156439e-20    2.2290421e-19              666                0
     0.0084584402    2.5865376e-05    -0.0039074933   -0.00066550006   -0.00026496063    0.00088330632    9.1093825e-31   -1.6021766e-19    -9.156439e-20    2.2290421e-19              564                0
    -0.0081148557    9.3142757e-05    -0.0098339366    1.7261398e-05     0.0014488661    0.00045804397    9.1093825e-31   -1.6021766e-19    -9.156439e-20    2.2290421e-19             1219                1
    -0.0072532278    2.3643186e-05       0.01190866    -0.0013736822    0.00034615878   -0.00018905345    9.1093825e-31   -1.6021766e-19    -9.156439e-20    2.2290421e-19              604                0
    -0.0067132846    8.3242965e-05     0.0020217313   -6.2230312e-05     0.0013465716    2.7311626e-05    9.1093825e-31   -1.6021766e-19    -9.156439e-20    2.2290421e-19             1113                1
     0.0012043832    9.3261886e-05      0.013643061   -0.00019080112     -0.002984216    -9.732633e-05    9.1093825e-31   -1.6021766e-19    -9.156439e-20    2.2290421e-19             1722                1
    -0.0068473401    5.7608009e-05    0.00082671206    0.00024693547   -0.00010345106   -8.8753135e-05    9.1093825e-31   -1.6021766e-19    -9.156439e-20    2.2290421e-19              664                0
    -0.0077339937    4.2554388e-05     -0.014919578    0.00080117316    -0.0010054943    0.00073512463    9.1093825e-31   -1.6021766e-19    -9.156439e-20    2.2290421e-19              684                0
     0.0034067566    5.1455296e-05     0.0048229382   -0.00022976023      0.001102443    -0.0018778691    9.1093825e-31   -1.6021766e-19    -9.156439e-20    2.2290421e-19              704                0
    -0.0026132353    5.6335917e-05     -0.014312826    -0.0014512014   -0.00088551978    0.00011250213    9.1093825e-31   -1.6021766e-19    -9.156439e-20    2.2290421e-19              494                0
    -0.0066610123    4.6823203e-05     0.0093364026     0.0010598141     0.0018891023     0.0016279495    9.1093825e-31   -1.6021766e-19    -9.156439e-20    2.2290421e-19              871                0
     0.0090882946    2.1553058e-05     0.0028134438    -0.0017211256    -0.0006995931    -0.0011410856    9.1093825e-31   -1.6021766e-19    -9.156439e-20    2.2290421e-19              831                0
    -0.0067177364    8.0391386e-05     -0.010968625      0.001005623    -0.0013781628    0.00099964277    9.1093825e-31   -1.6021766e-19    -9.156439e-20    2.2290421e-19              125                0
    -0.0051380452    4.7587815e-05      0.013352548    0.00098120503     0.0026248996    0.00043606479    9.1093825e-31   -1.6021766e-19    -9.156439e-20    2.2290421e-19              804                0
     0.0040012901    3.4211582e-05     -0.012602843     0.0003375175    -0.0021873889    -0.0025098445    9.1093825e-31   -1.6021766e-19    -9.156439e-20    2.2290421e-19              266                0
    0.00044661283    6.0241335e-05       0.01287428   -0.00036578166     0.0080136675   -0.00017364063    9.1093825e-31   -1.6021766e-19    -9.156439e-20    2.2290421e-19             1588                1
     0.0017359805    2.4808278e-06      0.011568772    -0.0013955834   -0.00060512219     0.0020710472    9.1093825e-31   -1.6021766e-19    -9.156439e-20    2.2290421e-19             1479                1
    -0.0028232599     5.828149e-05    -0.0089812148     0.0011712877    -0.0025361867     0.0011462457    9.1093825e-31   -1.6021766e-19    -9.156439e-20    2.2290421e-19              360                0
     0.0048825694    5.0844214e-05     0.0070006535    -0.0032469116     0.0045108399    -0.0010456314    9.1093825e-31   -1.6021766e-19    -9.156439e-20    2.2290421e-19             1613                1
      0.003330454    3.7888207e-05    -0.0014360443     -0.001108094    -0.0025061134   -0.00047462125    9.1093825e-31   -1.6021766e-19    -9.156439e-20    2.2290421e-19              711                0
      0.001122064    7.5503711e-05     0.0027954096     0.0003005589    -0.0050583296      0.002505393    9.1093825e-31   -1.6021766e-19    -9.156439e-20    2.2290421e-19             1624                1
    0.00053870352    3.1293031e-05     -0.011879194    3.1799962e-05    -0.0020709487    0.00023081884    9.1093825e-31   -1.6021766e-19    -9.156439e-20    2.2290421e-19              958                0
     0.0033112406    1.2055366e-05    -0.0074999412    4.1046616e-05     0.0060475129     0.0030390616    9.1093825e-31   -1.6021766e-19    -9.156439e-20    2.2290421e-19             1725                1
    -0.0067991745    6.1049228e-05      0.012212085    0.00035443637     0.0017258533     0.0006692803    9.1093825e-31   -1.6021766e-19    -9.156439e-20    2.2290421e-19              988                0
     0.0075651272    3.3100048e-05     0.0087213228    -0.0013906569    0.00036938844   -0.00062344188    9.1093825e-31   -1.6021766e-19    -9.156439e-20    2.2290421e-19              867                0
      0.007589513    6.5422059e-06     0.0059006079     0.0012883513   -8.7492394e-05   -0.00017593283    9.1093825e-31   -1.6021766e-19    -9.156439e-20    2.2290421e-19               15                0
     0.0046683159    2.3565499e-05     0.0021118487   -0.00023354219    -0.0010274827   -0.00016585397    9.1093825e-31   -1.6021766e-19    -9.156439e-20    2.2290421e-19               25                0
      0.003112179    4.7271889e-05    -0.0024363387     0.0013288923    -0.0086067459    -0.0024403392    9.1093825e-31   -1.6021766e-19    -9.156439e-20    2.2290421e-19             1631                1
     0.0024706111    2.8660677e-05    -0.0091527011    0.00050821819     0.0056197052    0.00012501782    9.1093825e-31   -1.6021766e-19    -9.156439e-20    2.2290421e-19             1666                1
    -0.0059839049    4.9306359e-06     0.0013174575    0.00018388128    -0.0017447356     0.0019664445    9.1093825e-31   -1.6021766e-19    -9.156439e-20    2.2290421e-19              486                0
    -0.0052993032     3.770693e-05     0.0067777415     0.0023970285    0.00080312398     0.0021932516    9.1093825e-31   -1.6021766e-19    -9.156439e-20    2.2290421e-19              982                0
    -0.0054851109    7.6014926e-06     -0.014738844     0.0017616726    -0.0012482232   -0.00097427762    9.1093825e-31   -1.6021766e-19    -9.156439e-20    2.2290421e-19              152                0
     0.0070365844    5.9042126e-05    0.00091697171     -0.002453035    -0.0017641516     0.0038763839    9.1093825e-31   -1.6021766e-19    -9.156439e-20    2.2290421e-19             1374                1
    -0.0026220127     6.012739e-05     0.0061183004     0.0013319236     0.0013614245    0.00040462194    9.1093825e-31   -1.6021766e-19    -9.156439e-20    2.2290421e-19              485                0
     0.0042060381    8.2392235e-06    -0.0086163124    0.00050087454     0.0046906858   -0.00021701935    9.1093825e-31   -1.6021766e-19    -9.156439e-20    2.2290421e-19             1731                1
      0.003370451    8.7427979e-05      0.012702251     0.0022276314    -0.0049090888   -0.00040048762    9.1093825e-31   -1.6021766e-19    -9.156439e-20    2.2290421e-19             1716                1
     0.0059024277    8.1866427e-05    -0.0048896633    -0.0013130012    -0.0036071325    -0.0021835363    9.1093825e-31   -1.6021766e-19    -9.156439e-20    2.2290421e-19             1641                1
     0.0041733384    1.5343127e-05    -0.0086933356     0.0018032752     0.0039564916     0.0015989419    9.1093825e-31   -1.6021766e-19    -9.156439e-20    2.2290421e-19             1693                1
     0.0089446427    1.5674796e-05      0.013214116    -0.0017326131   -0.00065219158    -0.0016055757    9.1093825e-31   -1.6021766e-19    -9.156439e-20    2.2290421e-19              262                0
     0.0022021504     2.862934e-05      -0.01479271    -0.0052152849     0.0080797989     0.0041761212    9.1093825e-31   -1.6021766e-19    -9.156439e-20    2.2290421e-19             1687                1
     0.0014935586    3.0130825e-06    -0.0051264735   -7.4351708e-05     0.0029183386     8.941035e-05    9.1093825e-31   -1.6021766e-19    -9.156439e-20    2.2290421e-19             1749                1
     -0.007119949     8.699578e-05     0.0070663625     0.0013296525     0.0014555451   -0.00086077856    9.1093825e-31   -1.6021766e-19    -9.156439e-20    2.2290421e-19              322                0
     0.0014935085    5.0530875e-06    -0.0051263659   -0.00012513925     0.0049790051    0.00019797859    9.1093825e-31   -1.6021766e-19    -9.156439e-20    2.2290421e-19             1748                1
    -0.0013815387    1.2002717e-05     -0.012385647     -0.001137958     0.0049673575   -0.00099617708    9.1093825e-31   -1.6021766e-19    -9.156439e-20    2.2290421e-19             1711                1
     0.0059051183    2.2665565e-05     0.0090875728     0.0014100906    0.00064799428    0.00081323681    9.1093825e-31   -1.6021766e-19    -9.156439e-20    2.2290421e-19               77                0
     -0.005732588    9.5543153e-05    -0.0075229681     0.0016742963     -0.001041703   -0.00084435887    9.1093825e-31   -1.6021766e-19    -9.156439e-20    2.2290421e-19              117                0
    -0.0029358091    4.4404867e-05     -0.014407685    5.5946348e-06    -0.0012335272    -0.0013828308    9.1093825e-31   -1.6021766e-19    -9.156439e-20    2.2290421e-19              422                0
     0.0011359641    5.1064849e-06     -0.013270637      -0.00134766     0.0020748868    -0.0011499817    9.1093825e-31   -1.6021766e-19    -9.156439e-20    2.2290421e-19             1660                1
    -0.0053404826    1.2216829e-05    -0.0057085766    0.00019512229    -0.0034589819   -0.00032505233    9.1093825e-31   -1.6021766e-19    -9.156439e-20    2.2290421e-19              461                0
     -0.003187553     6.695887e-05     0.0061265747   -0.00051906233    -0.0071975035     0.0021208464    9.1093825e-31   -1.6021766e-19    -9.156439e-20    2.2290421e-19             1661                1
    -0.0041451496     5.675085e-05      0.010298138     -0.002852676     0.0028230215     0.0010099146    9.1093825e-31   -1.6021766e-19    -9.156439e-20    2.2290421e-19              687                0
     0.0088375295    5.5465111e-06    -0.0075880084   -0.00035143126    -0.0011593527    0.00040109927    9.1093825e-31   -1.6021766e-19    -9.156439e-20    2.2290421e-19               52                0
    -0.0070487848     1.252533e-05     0.0095315492    0.00077148387    -0.0019417137    -0.0013011803    9.1093825e-31   -1.6021766e-19    -9.156439e-20    2.2290421e-19             1407                1
    -0.0010446649    7.3477408e-05     0.0060366979   -0.00022780955    -0.0048624245    0.00053299963    9.1093825e-31   -1.6021766e-19    -9.156439e-20    2.2290421e-19             1644                1
     0.0053480342    6.9700836e-05     0.0033360024    0.00019940932    3.6716781e-05   -0.00070549315    9.1093825e-31   -1.6021766e-19    -9.156439e-20    2.2290421e-19              581                0
    -0.0039783055    4.8013408e-06     -0.013350053     0.0022037998     0.0037896859    -0.0012202135    9.1093825e-31   -1.6021766e-19    -9.156439e-20    2.2290421e-19             1742                1
     0.0030885956    8.1809667e-06    -0.0043519936    0.00045422665      -0.01043197    0.00071826513    9.1093825e-31   -1.6021766e-19    -9.156439e-20    2.2290421e-19             1586                1
     0.0013986218    6.7517562e-05     0.0017517164   -0.00010978711   -0.00036217741    -0.0016366832    9.1093825e-31   -1.6021766e-19    -9.156439e-20    2.2290421e-19              641                0
     0.0015648525    4.1206364e-05     -0.012891237     0.0003225409     0.0073383297   -0.00036069908    9.1093825e-31   -1.6021766e-19    -9.156439e-20    2.2290421e-19             1650                1
   -0.00079556904    9.8870609e-05    5.4299901e-05    -0.0033267573     0.0022920943     0.0024166086    9.1093825e-31   -1.6021766e-19    -9.156439e-20    2.2290421e-19             1442                1
      0.001478515    6.1667553e-05      0.002559542    -0.0017106145    -0.0070858006      -0.00109577    9.1093825e-31   -1.6021766e-19    -9.156439e-20    2.2290421e-19             1637                1
    -0.0068751085    2.8173803e-05     -0.014220546    -0.0017930001    -0.0010589092   -0.00014475026    9.1093825e-31   -1.6021766e-19    -9.156439e-20    2.2290421e-19              394                0
   -0.00014738845    8.2589177e-05     0.0035973645     0.0052942615    -0.0053570699     0.0027054893    9.1093825e-31   -1.6021766e-19    -9.156439e-20    2.2290421e-19             1675                1
     0.0023253586    9.2498216e-05     0.0087412624    -0.0010077846     0.0034540566      0.001571739    9.1093825e-31   -1.6021766e-19    -9.156439e-20    2.2290421e-19              761                0
     -0.005021675    2.6487876e-05    -0.0071242615      0.001214673    -0.0079274876    -0.0033218027    9.1093825e-31   -1.6021766e-19    -9.156439e-20    2.2290421e-19             1591                1
     0.0018819863    8.8496941e-05      0.010596348    0.00024296108      -0.00337831    -0.0037716287    9.1093825e-31   -1.6021766e-19    -9.156439e-20    2.2290421e-19             1699                1
     0.0093643637     7.487063e-05    -0.0043006744    0.00046320187   -0.00058276881     0.0016115014    9.1093825e-31   -1.6021766e-19    -9.156439e-20    2.2290421e-19              821                0
     0.0074758134    7.4563191e-05     0.0080053136    0.00013044657     0.0016175392     0.0004330794    9.1093825e-31   -1.6021766e-19    -9.156439e-20    2.2290421e-19              131                0
     0.0012858083    5.0495628e-06    -0.0033597969     0.0039162925     0.0019078443    4.2333446e-05    9.1093825e-31   -1.6021766e-19    -9.156439e-20    2.2290421e-19             1724                1
     0.0012591456    8.9430032e-05      0.010897111      0.002021923     0.0092060827     0.0011121262    9.1093825e-31   -1.6021766e-19    -9.156439e-20    2.2290421e-19             1577                1
     0.0022338729    8.7574619e-05       0.01336717      0.003684703     0.0096380664    0.00025102624    9.1093825e-31   -1.6021766e-19    -9.156439e-20    2.2290421e-19             1561                1
    0.00047093953    2.7288768e-05     -0.007361182    -0.0034086176    -0.0080374684     0.0013813752    9.1093825e-31   -1.6021766e-19    -9.156439e-20    2.2290421e-19             1513                1
    -0.0092188297    3.6168625e-05       0.01219918    0.00080425048   -0.00025955122   -0.00012317268    9.1093825e-31   -1.6021766e-19    -9.156439e-20    2.2290421e-19              938                0
   -3.8422015e-05     4.678742e-05     0.0043697795     0.0024037652    -0.0092956154      0.002832182    9.1093825e-31   -1.6021766e-19    -9.156439e-20    2.2290421e-19             1646                1
   -0.00019375124    5.6944224e-05     -0.003526353    -0.0019405297    -0.0066083479     0.0019475103    9.1093825e-31   -1.6021766e-19    -9.156439e-20    2.2290421e-19             1517                1
     0.0055030123    3.8172941e-05      0.010677614    2.2314382e-05    0.00095613737    -5.341975e-05    9.1093825e-31   -1.6021766e-19    -9.156439e-20    2.2290421e-19             1001                1
    -0.0077323043    5.0381273e-05     0.0092052193     0.0030246356   -0.00080261723   -0.00070233055    9.1093825e-31   -1.6021766e-19    -9.156439e-20    2.2290421e-19             1337                1
    -0.0084135262    1.4337173e-05     0.0085040051    0.00073599303    0.00037461991   -0.00013107591    9.1093825e-31   -1.6021766e-19    -9.156439e-20    2.2290421e-19               58                0
      0.003000376     8.049504e-05      0.001720731    -0.0015277071    -0.0047427737    0.00091904303    9.1093825e-31   -1.6021766e-19    -9.156439e-20    2.2290421e-19             1640                1
    -0.0030678636    6.8860412e-05    -0.0016453664   -0.00093619141    0.00050972961    -0.0018697311    9.1093825e-31   -1.6021766e-19    -9.156439e-20    2.2290421e-19             1502                1
     0.0041879057    7.9106991e-05      0.001182312    -0.0015830657   -0.00099320069    -0.0015102524    9.1093825e-31   -1.6021766e-19    -9.156439e-20    2.2290421e-19              118                0
     0.0062401965    7.4974771e-05     -0.011465264     0.0020635331    -0.0010226995    0.00039792506    9.1093825e-31   -1.6021766e-19    -9.156439e-20    2.2290421e-19               51                0
    -0.0094574429    2.2232109e-05    -0.0036584607    0.00052849075   -0.00014092505    0.00042812724    9.1093825e-31   -1.6021766e-19    -9.156439e-20    2.2290421e-19              158                0
     0.0015880013    4.5353103e-05     -0.003056962    -0.0031089464    -0.0092050405      0.004307901    9.1093825e-31   -1.6021766e-19    -9.156439e-20    2.2290421e-19             1635                1
    0.00016235071    1.4900489e-05    -0.0059679872     0.0042810282     0.0062597236     0.0019563818    9.1093825e-31   -1.6021766e-19    -9.156439e-20    2.2290421e-19             1719                1
    -0.0067809969    9.6869211e-05     0.0026099042     0.0003660596    -0.0028251109     0.0001251526    9.1093825e-31   -1.6021766e-19    -9.156439e-20    2.2290421e-19             1745                1
    -0.0004080025     4.870569e-05     -0.007754622     0.0011545346        0.0098345        0.0036374    9.1093825e-31   -1.6021766e-19    -9.156439e-20    2.2290421e-19             1673                1
     0.0069031436    3.6521953e-05     -0.013609011   -0.00048981037   -0.00038946839    0.00094173296    9.1093825e-31   -1.6021766e-19    -9.156439e-20    2.2290421e-19              213                0
     0.0040200748     2.428098e-05      -0.01172532    -0.0012529359     0.0079185823    0.00055928639    9.1093825e-31   -1.6021766e-19    -9.156439e-20    2.2290421e-19             1704                1
     0.0025648288    3.7359987e-05      0.012238371   -0.00072303618     0.0053144507    0.00011782971    9.1093825e-31   -1.6021766e-19    -9.156439e-20    2.2290421e-19             1468                1
    -0.0061652833    8.2304403e-05    -0.0030220083     0.0021573352    -0.0009862911   -0.00071905181    9.1093825e-31   -1.6021766e-19    -9.156439e-20    2.2290421e-19              318                0
    -0.0024239072    3.0124607e-05    -0.0021697062    -0.0022505003      -0.01203159     -0.001033999    9.1093825e-31   -1.6021766e-19    -9.156439e-20    2.2290421e-19             1645                1
    -0.0001609907    2.3033184e-05     0.0035600071     0.0006288584     -0.011020256    -0.0036885412    9.1093825e-31   -1.6021766e-19    -9.156439e-20    2.2290421e-19             1633                1
     0.0017762884    9.7241187e-05     0.0028340688    -0.0011385174    0.00076735922     0.0010017959    9.1093825e-31   -1.6021766e-19    -9.156439e-20    2.2290421e-19              774                0
     0.0045888149     3.892399e-05     0.0040877792    -9.741159e-05   -0.00047174271     0.0041151745    9.1093825e-31   -1.6021766e-19    -9.156439e-20    2.2290421e-19              562                0
    -0.0012885836    8.7967885e-05     0.0062325746     0.0022469962     0.0021493935    -0.0016040038    9.1093825e-31   -1.6021766e-19    -9.156439e-20    2.2290421e-19              876                0
   -0.00073103682    1.0041625e-05    -0.0082996432    0.00098706025     0.0060207886   -0.00016373802    9.1093825e-31   -1.6021766e-19    -9.156439e-20    2.2290421e-19             1735                1
    0.00087729661    9.1469192e-05      0.007760528     0.0032856285    -0.0049447762     0.0011241524    9.1093825e-31   -1.6021766e-19    -9.156439e-20    2.2290421e-19             1729                1
    -0.0030887288    2.7713082e-05     -0.010468919    0.00028421546    -0.0066514877    0.00088572648    9.1093825e-31   -1.6021766e-19    -9.156439e-20    2.2290421e-19             1552                1
    -0.0055355001    1.3166234e-05     -0.014229582     0.0012185874     0.0042582331    -0.0017036672    9.1093825e-31   -1.6021766e-19    -9.156439e-20    2.2290421e-19             1696                1
    -0.0089235455    6.1725688e-05    -0.0011633616    0.00077800581    0.00031698454    -0.0017877169    9.1093825e-31   -1.6021766e-19    -9.156439e-20    2.2290421e-19              518                0
     0.0039342958    8.8536937e-05    -0.0016349456    -0.0025973469     0.0020595929    0.00066053809    9.1093825e-31   -1.6021766e-19    -9.156439e-20    2.2290421e-19             1525                1
     0.0033235855    7.1342089e-05     0.0079692705   -0.00075377303     0.0023488265   -0.00054142496    9.1093825e-31   -1.6021766e-19    -9.156439e-20    2.2290421e-19              903                0
    -0.0085483799    3.1103522e-05       0.01012134     0.0010042638    0.00072893646    0.00071648642    9.1093825e-31   -1.6021766e-19    -9.156439e-20    2.2290421e-19              578                0
      0.008139777    8.3252862e-06     -0.013402443     0.0023094167    -0.0012510284    0.00041581492    9.1093825e-31   -1.6021766e-19    -9.156439e-20    2.2290421e-19              598                0
     0.0081576034    3.1166386e-05     0.0095984805     0.0017226064    0.00075746683    0.00014765645    9.1093825e-31   -1.6021766e-19    -9.156439e-20    2.2290421e-19              618                0
     0.0020984358    9.8853125e-05      0.014635371    0.00054621254      0.011519217    -0.0020207183    9.1093825e-31   -1.6021766e-19    -9.156439e-20    2.2290421e-19             1597                1
    -0.0074414997    1.2504842e-05    -0.0089584412     0.0022160297    -0.0012697143   -0.00017542843    9.1093825e-31   -1.6021766e-19    -9.156439e-20    2.2290421e-19              725                0
   -0.00046572008    2.8672213e-05    -0.0025704168   -0.00085822109     -0.010951042    0.00020135884    9.1093825e-31   -1.6021766e-19    -9.156439e-20    2.2290421e-19             1626                1
     0.0014770698    1.7984341e-05    -0.0089324294     0.0027778063     0.0041032429    -0.0021163328    9.1093825e-31   -1.6021766e-19    -9.156439e-20    2.2290421e-19             1678                1
    0.00045802881    8.7033586e-06     0.0002214363    -0.0020985722     0.0036762324    -0.0013565419    9.1093825e-31   -1.6021766e-19    -9.156439e-20    2.2290421e-19             1726                1
    -0.0092250844     8.516579e-05     0.0017731157   -0.00053103041      0.001028471     0.0032432661    9.1093825e-31   -1.6021766e-19    -9.156439e-20    2.2290421e-19              738                0
     0.0011770915    4.3185184e-05    -0.0066275657    -0.0018518441    -0.0082560368   -0.00034186247    9.1093825e-31   -1.6021766e-19    -9.156439e-20    2.2290421e-19             1622                1
    -0.0038177215    1.9019873e-05     0.0050081839    2.8215212e-05    0.00051565695    0.00099527603    9.1093825e-31   -1.6021766e-19    -9.156439e-20    2.2290421e-19              636                0
    0.00078677345    2.1956355e-06     0.0011154137    8.3967912e-05      0.004283363    5.5492681e-05    9.1093825e-31   -1.6021766e-19    -9.156439e-20    2.2290421e-19             1757                1
    0.00069539563    4.0523964e-06    -0.0040726634   -0.00096799963     0.0067266282    0.00011484198    9.1093825e-31   -1.6021766e-19    -9.156439e-20    2.2290421e-19             1755                1
    -0.0066527571    4.4937187e-05     0.0050237449   -0.00043095084     0.0004386128     0.0010687956    9.1093825e-31   -1.6021766e-19    -9.156439e-20    2.2290421e-19              573                0
     0.0066326275    5.5900335e-05     -0.011524068   -0.00015739126   -0.00068303518    0.00042324018    9.1093825e-31   -1.6021766e-19    -9.156439e-20    2.2290421e-19              274                0
    -0.0056239367    9.4508978e-05     0.0079161609     -0.000813108     0.0016577396   -0.00073131861    9.1093825e-31   -1.6021766e-19    -9.156439e-20    2.2290421e-19              878                0
   -0.00079301209    1.0064653e-05    -0.0026985663    0.00013875736     -0.012042832   -0.00034359851    9.1093825e-31   -1.6021766e-19    -9.156439e-20    2.2290421e-19             1615                1
   -7.1029426e-06    2.6649879e-05     0.0038530666     0.0010055953   -0.00012287586   -0.00086566794    9.1093825e-31   -1.6021766e-19    -9.156439e-20    2.2290421e-19              608                0
     0.0044924701    2.9158541e-06    -0.0020083033     0.0021361578     0.0047999201    0.00076957699    9.1093825e-31   -1.6021766e-19    -9.156439e-20    2.2290421e-19             1756                1
    -0.0010066095    8.7143053e-05     0.0060618427   -0.00055348646    -0.0032062612     0.0022550309    9.1093825e-31   -1.6021766e-19    -9.156439e-20    2.2290421e-19             1652                1
    -0.0012989736    6.8943387e-05      0.010638395     -0.001375203      0.008265553    0.00094195141    9.1093825e-31   -1.6021766e-19    -9.156439e-20    2.2290421e-19             1618                1
    -0.0062729837    4.3464141e-05      0.005527955   -0.00081260293    0.00064477406    -0.0027882846    9.1093825e-31   -1.6021766e-19    -9.156439e-20    2.2290421e-19              985                0
     0.0081430115     7.939135e-05   -3.8472695e-05   -0.00048145649     0.0032973944    0.00050923508    9.1093825e-31   -1.6021766e-19    -9.156439e-20    2.2290421e-19             1487                1
     0.0076669483    7.7088866e-05    0.00062048616   -0.00057081296   -0.00040343858     0.0012066135    9.1093825e-31   -1.6021766e-19    -9.156439e-20    2.2290421e-19              614                0
     0.0024760268    9.0344278e-05      0.012128274     0.0014149911     0.0041578026    -0.0018199295    9.1093825e-31   -1.6021766e-19    -9.156439e-20    2.2290421e-19              693                0
     0.0018974239    9.6187068e-05       0.01063396     0.0046990761     -0.001154738     0.0070837266    9.1093825e-31   -1.6021766e-19    -9.156439e-20    2.2290421e-19             1700                1
    9.6250726e-05     4.133712e-05     -0.013359645   -7.9664933e-05    -0.0020233986    0.00029293564    9.1093825e-31   -1.6021766e-19    -9.156439e-20    2.2290421e-19               79                0
   -0.00075901707    1.1069667e-05    -0.0081211179   -0.00016594894     0.0062461742     0.0095429663    9.1093825e-31   -1.6021766e-19    -9.156439e-20    2.2290421e-19             1732                1
    -0.0060581164     9.797074e-05      0.002916177     0.0008648872    0.00012257994    -0.0011023822    9.1093825e-31   -1.6021766e-19    -9.156439e-20    2.2290421e-19              990                0
    -0.0071624373    9.3093795e-06    -0.0037114739   -0.00059365155    -0.0013575553   -0.00069040875    9.1093825e-31   -1.6021766e-19    -9.156439e-20    2.2290421e-19              717                0
     0.0006823322    8.5947759e-05     0.0053600059   -5.2922322e-05     0.0055289054   -0.00067540078    9.1093825e-31   -1.6021766e-19    -9.156439e-20    2.2290421e-19             1563                1
    -0.0074767503    9.3628623e-05      0.011593921     0.0016585563     0.0015672167    -0.0012437054    9.1093825e-31   -1.6021766e-19    -9.156439e-20    2.2290421e-19              179                0
    -0.0014846714    2.1308881e-05     -0.011331582    2.2742186e-05     0.0074580926    3.2216871e-05    9.1093825e-31   -1.6021766e-19    -9.156439e-20    2.2290421e-19             1706                1
     0.0076933051    8.1753489e-05     0.0051456206    -0.0010316571    0.00050199014      0.003026447    9.1093825e-31   -1.6021766e-19    -9.156439e-20    2.2290421e-19              219                0
     0.0016189405    7.5063988e-05     0.0074114376    3.1665892e-05    -0.0034074024      0.001635939    9.1093825e-31   -1.6021766e-19    -9.156439e-20    2.2290421e-19             1634                1
    -0.0055034948    8.1121972e-05     0.0094985226    -0.0011267512      0.008318725    -0.0021469956    9.1093825e-31   -1.6021766e-19    -9.156439e-20    2.2290421e-19             1614                1
    0.00015153761    5.6842178e-05    -0.0011135989    0.00093894784    -0.0075245644    -0.0050012735    9.1093825e-31   -1.6021766e-19    -9.156439e-20    2.2290421e-19             1612                1
    -0.0026938156    8.8798792e-05       0.00700317    -0.0018006942     0.0025786976   -0.00051350438    9.1093825e-31   -1.6021766e-19    -9.156439e-20    2.2290421e-19              299                0
      0.007767831    1.2916013e-05     0.0037204379   -0.00091117795   -0.00074366725    0.00034595066    9.1093825e-31   -1.6021766e-19    -9.156439e-20    2.2290421e-19              731                0
     0.0018572723    8.9880516e-05      0.012026887    -0.0040587573      -0.00312717     0.0023103864    9.1093825e-31   -1.6021766e-19    -9.156439e-20    2.2290421e-19             1705                1
    -0.0090851756    3.8227899e-05     0.0022785901    -0.0022324682    0.00037316137    -0.0018362919    9.1093825e-31   -1.6021766e-19    -9.156439e-20    2.2290421e-19              978                0
    -0.0043105423    3.1133692e-05     -0.012215916     0.0032897096     0.0070536025   -0.00088131032    9.1093825e-31   -1.6021766e-19    -9.156439e-20    2.2290421e-19             1672                1
     0.0081161968    3.1570955e-05      0.014890647   -0.00070093444    0.00033537179     0.0010855998    9.1093825e-31   -1.6021766e-19    -9.156439e-20    2.2290421e-19              986                0
     -0.009037422    6.5872962e-05     0.0023345412   -0.00065498112   -0.00042956084     0.0014006749    9.1093825e-31   -1.6021766e-19    -9.156439e-20    2.2290421e-19              874                0
    -0.0008724666    1.9018222e-05    -0.0083699757    -0.0030967835     0.0041920869    -0.0012430327    9.1093825e-31   -1.6021766e-19    -9.156439e-20    2.2290421e-19             1679                1
    -0.0008672211    2.2728644e-05    -0.0083574895    -0.0018924231      0.005041868     0.0016232968    9.1093825e-31   -1.6021766e-19    -9.156439e-20    2.2290421e-19             1680                1
     0.0050117024    7.7205761e-05    0.00019912179     0.0013380573    -0.0071615605    -0.0034112353    9.1093825e-31   -1.6021766e-19    -9.156439e-20    2.2290421e-19             1697                1
     0.0075943014    1.5795207e-05    -0.0052044047    0.00018168414    -0.0017264166   -0.00083132274    9.1093825e-31   -1.6021766e-19    -9.156439e-20    2.2290421e-19              374                0
   -0.00067514041    1.8297078e-06    -0.0078291437     0.0011108769     0.0023319351     0.0046749893    9.1093825e-31   -1.6021766e-19    -9.156439e-20    2.2290421e-19             1750                1
     -0.003444883    2.4129529e-05    -0.0050051864   -0.00014364807    -0.0038204652    3.1036223e-05    9.1093825e-31   -1.6021766e-19    -9.156439e-20    2.2290421e-19              746                0
     0.0022110727    8.6933775e-05      0.013319614   -0.00068775355     0.0093438057    -0.0019970625    9.1093825e-31   -1.6021766e-19    -9.156439e-20    2.2290421e-19             1546                1
   -0.00065504696    3.6289461e-05    -0.0082449615      0.002151564     0.0083348155     0.0011950021    9.1093825e-31   -1.6021766e-19    -9.156439e-20    2.2290421e-19             1685                1
   -0.00079391163    2.9590281e-05    -0.0026955551    5.3093489e-05     -0.010181602   -6.1178616e-05    9.1093825e-31   -1.6021766e-19    -9.156439e-20    2.2290421e-19             1616                1
     -0.001556918    9.5549454e-05      0.010722815     -0.001014273    -0.0029071367     -0.004139143    9.1093825e-31   -1.6021766e-19    -9.156439e-20    2.2290421e-19             1740                1
      0.009469402    2.2307702e-05    -0.0010658117     0.0005243303    -0.0012371982     0.0010620602    9.1093825e-31   -1.6021766e-19    -9.156439e-20    2.2290421e-19              328                0
      0.002849028    1.8513688e-18    -0.0070240311     0.0066087348     -0.009246652    0.00064668711    9.1093825e-31   -1.6021766e-19    -9.156439e-20    2.2290421e-19             1515                1
     0.0081094941    2.2084548e-06    -0.0081925187    0.00056641939    -0.0011460586   -0.00061408273    9.1093825e-31   -1.6021766e-19    -9.156439e-20    2.2290421e-19              505                0
    -0.0017880102    8.2255676e-05     0.0039664884    -0.0013847488    0.00073567725    9.1526745e-05    9.1093825e-31   -1.6021766e-19    -9.156439e-20    2.2290421e-19              699                0
    -0.0082891472    4.0472289e-05      0.014589271     7.718071e-05    0.00096615875     0.0012161233    9.1093825e-31   -1.6021766e-19    -9.156439e-20    2.2290421e-19              719                0
     0.0073138941    8.3742168e-05     0.0058673969   -0.00063666678    0.00056750653     0.0019551408    9.1093825e-31   -1.6021766e-19    -9.156439e-20    2.2290421e-19              828                0
     0.0040277205    2.4407303e-05      0.002817705    -0.0007286474   -0.00021392418   -0.00081963418    9.1093825e-31   -1.6021766e-19    -9.156439e-20    2.2290421e-19              885                0
   -0.00087841175    7.3421535e-05     0.0068742689    0.00018183817    -0.0041666599   -0.00079812569    9.1093825e-31   -1.6021766e-19    -9.156439e-20    2.2290421e-19             1639                1
     0.0075995689    2.3324114e-06     -0.011937066     0.0017494162    -0.0017741347    0.00084915932    9.1093825e-31   -1.6021766e-19    -9.156439e-20    2.2290421e-19              799                0
    -0.0024026954    4.1383937e-05     -0.014851737    -0.0012018848    -0.0011209969    0.00062964542    9.1093825e-31   -1.6021766e-19    -9.156439e-20    2.2290421e-19               27                0
    -0.0050380956    6.9246067e-05     -0.014837132   -0.00028736805    -0.0003980631    -0.0025994561    9.1093825e-31   -1.6021766e-19    -9.156439e-20    2.2290421e-19              839                0
     0.0018299668    2.4038059e-06    -0.0019460049     0.0011978602     0.0028329955    0.00054028758    9.1093825e-31   -1.6021766e-19    -9.156439e-20    2.2290421e-19             1751                1
     0.0075480654     2.793227e-05    -0.0099430503    0.00041221635    -0.0015713111   -0.00089773798    9.1093825e-31   -1.6021766e-19    -9.156439e-20    2.2290421e-19              786                0
    -0.0024072865    1.7411317e-05    -0.0021511002     -0.002657464    -0.0090543646     0.0016154711    9.1093825e-31   -1.6021766e-19    -9.156439e-20    2.2290421e-19             1550                1
     0.0068427855    7.8032659e-05     -0.014410822     0.0017985868    0.00060824654     0.0034307255    9.1093825e-31   -1.6021766e-19    -9.156439e-20    2.2290421e-19              918                0
     0.0076933289    5.2883719e-05    -0.0079474086   -5.9986655e-06    0.00087975606    -0.0028942239    9.1093825e-31   -1.6021766e-19    -9.156439e-20    2.2290421e-19             1401                1
     0.0053763161    6.0645712e-06     -0.011665308    0.00075873773    -0.0021296886     0.0026454444    9.1093825e-31   -1.6021766e-19    -9.156439e-20    2.2290421e-19              954                0
    -0.0001822194    6.1287858e-05     0.0035646521   -0.00099734636    -0.0080452673     -0.004234279    9.1093825e-31   -1.6021766e-19    -9.156439e-20    2.2290421e-19             1653                1
    -0.0033967227    1.1740557e-05    -0.0099001331    5.8248388e-05     0.0056016725    0.00010865691    9.1093825e-31   -1.6021766e-19    -9.156439e-20    2.2290421e-19             1721                1
     0.0049135261    2.0283802e-05    0.00025819245   -0.00086669635    -0.0011183498    0.00037638671    9.1093825e-31   -1.6021766e-19    -9.156439e-20    2.2290421e-19               63                0
     0.0024717534    7.1707118e-06    -0.0091479793    0.00073673291     0.0013625984     0.0010602147    9.1093825e-31   -1.6021766e-19    -9.156439e-20    2.2290421e-19             1667                1
    0.00040629125    4.6285159e-06    -0.0087841321    0.00019745927     0.0067354678    0.00010065606    9.1093825e-31   -1.6021766e-19    -9.156439e-20    2.2290421e-19             1753                1
     0.0017922317    8.3611645e-05      0.010608247    0.00012833836    -0.0056086327     0.0065394053    9.1093825e-31   -1.6021766e-19    -9.156439e-20    2.2290421e-19             1708                1
     0.0017659086    5.2683296e-05     -0.014414454    -0.0029991262   -0.00075116154    -0.0004150873    9.1093825e-31   -1.6021766e-19    -9.156439e-20    2.2290421e-19              983                0
     0.0013101995    5.8320493e-06     0.0025406163     0.0050660754     -0.011768933     0.0016386627    9.1093825e-31   -1.6021766e-19    -9.156439e-20    2.2290421e-19             1619                1
     0.0078343209    6.3575506e-05     -0.014145287     0.0012060018    -0.0035998574    0.00011491047    9.1093825e-31   -1.6021766e-19    -9.156439e-20    2.2290421e-19             1627                1
   -0.00055077439    8.0175276e-05     0.0094973696    0.00027434374    -0.0082871905    -0.0042953049    9.1093825e-31   -1.6021766e-19    -9.156439e-20    2.2290421e-19             1717                1
     0.0033385451    1.6390367e-06      0.012283966    -0.0013165796   -0.00034494806     0.0042982819    9.1093825e-31   -1.6021766e-19    -9.156439e-20    2.2290421e-19             1319                1
    -0.0075157909    5.4801712e-05    -0.0048866635    -0.0028444754    -0.0015712408    0.00034620412    9.1093825e-31   -1.6021766e-19    -9.156439e-20    2.2290421e-19              243                0
    -0.0052226922    9.2789953e-05      0.013683029     0.0032229237     0.0092804432    0.00011339733    9.1093825e-31   -1.6021766e-19    -9.156439e-20    2.2290421e-19             1582                1
    -0.0030997638    3.0144201e-05     0.0022956375    -0.0010457535   -0.00029794427     0.0022441701    9.1093825e-31   -1.6021766e-19    -9.156439e-20    2.2290421e-19              512                0
    -0.0028617578    3.5259422e-05    0.00024795791     -0.002932695    -0.0013371897    -0.0029535932    9.1093825e-31   -1.6021766e-19    -9.156439e-20    2.2290421e-19              303                0
    0.00023276653    4.3095806e-05    -0.0037747417     0.0026593357    -0.0096389623     -0.001156795    9.1093825e-31   -1.6021766e-19    -9.156439e-20    2.2290421e-19             1638                1
    -0.0015204024    1.1466504e-05    -0.0087170089    -0.0037612799     0.0051271673     0.0027112728    9.1093825e-31   -1.6021766e-19    -9.156439e-20    2.2290421e-19             1720                1
    -0.0012531215    4.5748009e-05     -0.014206524    -6.189425e-05     0.0075832084   -0.00065619766    9.1093825e-31   -1.6021766e-19    -9.156439e-20    2.2290421e-19             1642                1
    -0.0026589225    3.4538032e-05    -0.0081110131    0.00016449591    -0.0034663456     0.0008731577    9.1093825e-31   -1.6021766e-19    -9.156439e-20    2.2290421e-19              217                0
    0.00040576194    6.3220423e-06    -0.0087842057   -0.00056638871      0.009179458    -4.350642e-06    9.1093825e-31   -1.6021766e-19    -9.156439e-20    2.2290421e-19             1754                1
    -0.0090389028     9.876374e-05    -0.0016545301      -0.00063728    0.00060161867    0.00069732137    9.1093825e-31   -1.6021766e-19    -9.156439e-20    2.2290421e-19              888                0
    -0.0082055759    9.0969093e-05    -0.0084185163    9.2235437e-05    0.00058384304     0.0020289423    9.1093825e-31   -1.6021766e-19    -9.156439e-20    2.2290421e-19              443                0
     0.0019587267    1.9990577e-05     -0.012604951    0.00050716673      0.008982351    6.0853086e-05    9.1093825e-31   -1.6021766e-19    -9.156439e-20    2.2290421e-19             1718                1
    7.9202167e-05    4.6357309e-05     -0.012034886    0.00032209398    -0.0018765378     0.0031143529    9.1093825e-31   -1.6021766e-19    -9.156439e-20    2.2290421e-19              483                0
    -0.0089913579    1.2082816e-05      0.013777651     0.0013421226    0.00018345089   -0.00050243404    9.1093825e-31   -1.6021766e-19    -9.156439e-20    2.2290421e-19              503                0
    -0.0049163224     7.521568e-06     -0.010772495    -0.0047342363      0.002221046     0.0012026998    9.1093825e-31   -1.6021766e-19    -9.156439e-20    2.2290421e-19             1690                1
     0.0033965716    9.7102158e-05    -0.0017265424     0.0019252691     0.0020824599    -0.0016400585    9.1093825e-31   -1.6021766e-19    -9.156439e-20    2.2290421e-19             1506                1
     0.0058619315     1.842541e-05    -0.0038720274     0.0032094684    -0.0023913994   -0.00025566653    9.1093825e-31   -1.6021766e-19    -9.156439e-20    2.2290421e-19              807                0
    -9.044302e-05    9.3005372e-05      0.013838569     0.0016856419      0.011469055    0.00050111371    9.1093825e-31   -1.6021766e-19    -9.156439e-20    2.2290421e-19             1609                1
    0.00046075616    1.5164806e-05    0.00022451885   -0.00072115258     0.0069405027    0.00019867811    9.1093825e-31   -1.6021766e-19    -9.156439e-20    2.2290421e-19             1727                1
    -0.0040073777    9.2232367e-05     0.0052344128    0.00022299941    -0.0056132632    -0.0024584241    9.1093825e-31   -1.6021766e-19    -9.156439e-20    2.2290421e-19             1741                1
    -0.0040485417    6.5769714e-06      0.014700417   -0.00097477838    -0.0010154988    -0.0050715669    9.1093825e-31   -1.6021766e-19    -9.156439e-20    2.2290421e-19             1463                1
    0.00011105331    2.0112086e-05    -0.0011881122    -0.0023743787    -0.0087211654    -0.0082222065    9.1093825e-31   -1.6021766e-19    -9.156439e-20    2.2290421e-19             1543                1
     0.0017543131    6.2251806e-05     0.0071146232    -0.0052784011     0.0049704346     0.0046321503    9.1093825e-31   -1.6021766e-19    -9.156439e-20    2.2290421e-19             1467                1
     0.0045571723    7.9317411e-05       0.00409937     0.0036278164    -0.0058754249    -0.0028434559    9.1093825e-31   -1.6021766e-19    -9.156439e-20    2.2290421e-19             1686                1
    -0.0090378448    7.5400465e-05    -0.0043662069    -0.0027702423    1.6085747e-05    0.00050310587    9.1093825e-31   -1.6021766e-19    -9.156439e-20    2.2290421e-19              723                0
      0.002723288     5.399104e-05     -0.003971912   -0.00020871889    -0.0074824002     0.0028183684    9.1093825e-31   -1.6021766e-19    -9.156439e-20    2.2290421e-19             1620                1
     0.0031218291    7.2405659e-05      0.014181871   -8.7057393e-05    -0.0085038412   -0.00033956883    9.1093825e-31   -1.6021766e-19    -9.156439e-20    2.2290421e-19             1707                1
     0.0065996931    9.7322474e-05     0.0056148511     0.0017179721      0.001938293     0.0018567268    9.1093825e-31   -1.6021766e-19    -9.156439e-20    2.2290421e-19              782                0
     0.0017979878    7.5977565e-05      0.010610388      0.002065931    -0.0081794625     0.0072605889    9.1093825e-31   -1.6021766e-19    -9.156439e-20    2.2290421e-19             1709                1
     0.0025766133    2.5422012e-05    0.00048313214     0.0037133531    -0.0015564122     0.0012067538    9.1093825e-31   -1.6021766e-19    -9.156439e-20    2.2290421e-19              822                0
     0.0024192939    3.9437822e-05      0.010123698   -0.00011378944     0.0050504492    0.00072780106    9.1093825e-31   -1.6021766e-19    -9.156439e-20    2.2290421e-19             1621                1
    -0.0010362559    8.0366997e-05     0.0058091027     0.0032328926    -0.0051663485    -0.0024626979    9.1093825e-31   -1.6021766e-19    -9.156439e-20    2.2290421e-19             1671                1
    -0.0013508467    1.4216125e-05    -0.0081355572   -0.00081962044       0.00901464     0.0024075578    9.1093825e-31   -1.6021766e-19    -9.156439e-20    2.2290421e-19             1736                1
    -0.0013440503    1.0052314e-05    -0.0081367679     0.0034709992     0.0063854652     0.0016429682    9.1093825e-31   -1.6021766e-19    -9.156439e-20    2.2290421e-19             1737                1
     0.0040778136    6.7138103e-07    -0.0069265817   -0.00015769203     0.0033902032    -0.0022731139    9.1093825e-31   -1.6021766e-19    -9.156439e-20    2.2290421e-19             1758                1
