%  ASCII export : 
%
%  Momentum is normalized to the product of particle's mass and speed of light.
%  All other quantities are in SI units.
%
%            posX             posY             posZ             momX             momY             momZ             mass           charge     macro-charge             time       particleID         sourceID

    -0.0013253412    8.5213949e-05     -0.012531985     0.0048125782    -0.0014199732     0.0028431511    9.1093825e-31   -1.6021766e-19    -9.156439e-20    3.5004216e-19             2186                1
     0.0035799765    9.9777055e-05      -0.01393391     0.0014909563     0.0028775737   -0.00017321036    9.1093825e-31   -1.6021766e-19    -9.156439e-20    3.5004216e-19                3                0
    -0.0089511974    5.7927514e-06    -0.0088816732     0.0015362453   -0.00048228598    -0.0005652855    9.1093825e-31   -1.6021766e-19    -9.156439e-20    3.5004216e-19                5                0
    -0.0026009164    1.6741706e-05     7.380655e-05   -0.00029126997    -0.0010671511   -0.00056344405    9.1093825e-31   -1.6021766e-19    -9.156439e-20    3.5004216e-19              348                0
     -0.009241811    2.2278804e-05    -0.0044507752     0.0020710453   -0.00054828089     0.0008598179    9.1093825e-31   -1.6021766e-19    -9.156439e-20    3.5004216e-19             1002                1
    -0.0014708246      9.63477e-05    -0.0085448669     0.0057891323    -0.0035360672     0.0041735503    9.1093825e-31   -1.6021766e-19    -9.156439e-20    3.5004216e-19             2273                1
      -0.00633275    1.1398128e-05     0.0040034316    5.5586068e-05     -0.001605977    3.0072451e-05    9.1093825e-31   -1.6021766e-19    -9.156439e-20    3.5004216e-19              997                0
   -0.00066114403    5.4226042e-05     -0.012167336    0.00042940813      0.003164392    -0.0011817313    9.1093825e-31   -1.6021766e-19    -9.156439e-20    3.5004216e-19               55                0
     0.0063552004    1.7641887e-05      0.014298682   -0.00055288209    -0.0012259407    0.00091664796    9.1093825e-31   -1.6021766e-19    -9.156439e-20    3.5004216e-19              171                0
      0.001840461    9.3491644e-06      0.010533866     0.0011985592     0.0024616108    -0.0041748472    9.1093825e-31   -1.6021766e-19    -9.156439e-20    3.5004216e-19             2238                1
     0.0044340692    2.9934406e-05     0.0052690799   -0.00056613429    -0.0023539271   -0.00038314491    9.1093825e-31   -1.6021766e-19    -9.156439e-20    3.5004216e-19              154                0
     0.0065590623    7.3042975e-05      -0.01336019     0.0014225764     0.0016028013     0.0013954096    9.1093825e-31   -1.6021766e-19    -9.156439e-20    3.5004216e-19              488                0
    -0.0024487404    5.6695542e-05     -0.014827644    -0.0012155344     0.0024256029    0.00063369586    9.1093825e-31   -1.6021766e-19    -9.156439e-20    3.5004216e-19               27                0
   -0.00068426644    7.2557414e-05    -0.0080639077     0.0057625431     0.0093015293    -0.0022813282    9.1093825e-31   -1.6021766e-19    -9.156439e-20    3.5004216e-19             2084                1
     0.0047841389    1.3301877e-05    -0.0018173264    -0.0030162507    -0.0038617523    -0.0039302786    9.1093825e-31   -1.6021766e-19    -9.156439e-20    3.5004216e-19             2038                1
     0.0013296213    5.8241262e-06      0.011345914    -0.0027562028      0.004284848    0.00050166965    9.1093825e-31   -1.6021766e-19    -9.156439e-20    3.5004216e-19             2267                1
     0.0080896104    2.0280004e-05      0.014932025   -0.00069500442    -0.0008308515     0.0010856445    9.1093825e-31   -1.6021766e-19    -9.156439e-20    3.5004216e-19              986                0
     0.0079886606    1.1015683e-05     0.0085961102    -0.0021725001    -0.0012772274   -0.00020097187    9.1093825e-31   -1.6021766e-19    -9.156439e-20    3.5004216e-19              961                0
     0.0087349815    1.3883304e-05    0.00017269701      0.002085723   -0.00038100471    0.00017318997    9.1093825e-31   -1.6021766e-19    -9.156439e-20    3.5004216e-19              386                0
    0.00040733829      7.78553e-05    -0.0087478748    -0.0027471483     0.0097040413     0.0033386347    9.1093825e-31   -1.6021766e-19    -9.156439e-20    3.5004216e-19             2090                1
    0.00079996185    1.9473282e-05     0.0011196987    0.00029569285     0.0055625048     0.0025585415    9.1093825e-31   -1.6021766e-19    -9.156439e-20    3.5004216e-19             2217                1
   -0.00045807534    7.3236937e-05    -0.0026798074     0.0019383264      0.011211113    -0.0036081995    9.1093825e-31   -1.6021766e-19    -9.156439e-20    3.5004216e-19             2170                1
     -0.005225739    6.4938395e-05     0.0089499904     0.0014765807    -0.0024771248   -0.00043723299    9.1093825e-31   -1.6021766e-19    -9.156439e-20    3.5004216e-19              355                0
     0.0076675029    3.6843074e-05     -0.011891983   -0.00082759274    0.00074017828    0.00070925849    9.1093825e-31   -1.6021766e-19    -9.156439e-20    3.5004216e-19              451                0
    -0.0066895098    1.0729228e-05      0.011496403     0.0022720436    -0.0015676202    -0.0018205703    9.1093825e-31   -1.6021766e-19    -9.156439e-20    3.5004216e-19              716                0
    -0.0064208875    2.7797008e-05    -0.0020252061   -0.00012137776     0.0001362718     0.0009330968    9.1093825e-31   -1.6021766e-19    -9.156439e-20    3.5004216e-19               32                0
   -0.00071451813    8.1234299e-05    -0.0083746547   -0.00087175128      0.010241538   -0.00038713036    9.1093825e-31   -1.6021766e-19    -9.156439e-20    3.5004216e-19             2116                1
     0.0082555907     2.738189e-05    0.00063519151    -0.0016579704   -0.00033209889   -0.00062182505    9.1093825e-31   -1.6021766e-19    -9.156439e-20    3.5004216e-19              455                0
    -0.0021145826    6.2022709e-06      0.006287951   -0.00012366626     0.0049381037    -0.0013714553    9.1093825e-31   -1.6021766e-19    -9.156439e-20    3.5004216e-19             2269                1
   -0.00089052209     6.271786e-05    -0.0028419888    0.00069821411     0.0094171632   -0.00067765062    9.1093825e-31   -1.6021766e-19    -9.156439e-20    3.5004216e-19             2160                1
    -0.0035022285    4.0012445e-05     0.0025079288   -0.00074605562    -0.0053581782     0.0012042479    9.1093825e-31   -1.6021766e-19    -9.156439e-20    3.5004216e-19             2153                1
     0.0018844134    2.3844377e-05       0.01059684    -0.0032851396      0.008800013     0.0017986621    9.1093825e-31   -1.6021766e-19    -9.156439e-20    3.5004216e-19             2248                1
     0.0016109451    3.1412677e-05     0.0025520744     0.0061955634     0.0069124731     0.0032136925    9.1093825e-31   -1.6021766e-19    -9.156439e-20    3.5004216e-19             2206                1
       0.00192583    7.1186005e-05      0.010731725    -0.0028543237   -0.00044383071    -0.0015585605    9.1093825e-31   -1.6021766e-19    -9.156439e-20    3.5004216e-19             1991                1
    -0.0001902458    6.7844005e-05    -0.0075343442    0.00022227512     0.0098911328     0.0022987078    9.1093825e-31   -1.6021766e-19    -9.156439e-20    3.5004216e-19             2150                1
    -0.0054732487    1.0287973e-05     0.0063728318      0.001460688    -0.0021569291     0.0014977116    9.1093825e-31   -1.6021766e-19    -9.156439e-20    3.5004216e-19              902                0
   -0.00050275819    3.6374946e-05     0.0094704311    0.00087906141    -0.0077816499    1.0228951e-05    9.1093825e-31   -1.6021766e-19    -9.156439e-20    3.5004216e-19             2012                1
     -0.005049401    9.6803633e-05     -0.014936146   -0.00030754504     0.0021789041    -0.0025965618    9.1093825e-31   -1.6021766e-19    -9.156439e-20    3.5004216e-19              839                0
     0.0012593304    1.8655846e-05      0.011398008     4.559731e-05     0.0053479578   -5.0173338e-05    9.1093825e-31   -1.6021766e-19    -9.156439e-20    3.5004216e-19             2241                1
     -0.006626484    2.1341886e-05      0.003921051      0.003084125    -0.0012947125    -0.0015918062    9.1093825e-31   -1.6021766e-19    -9.156439e-20    3.5004216e-19              695                0
     0.0070285155    7.3271694e-05     0.0080689276    0.00094234355    0.00069974409   -0.00055535749    9.1093825e-31   -1.6021766e-19    -9.156439e-20    3.5004216e-19             1763                1
     0.0012055592    4.3198273e-05        0.0136523    -0.0046365089    -0.0095229568     0.0087576304    9.1093825e-31   -1.6021766e-19    -9.156439e-20    3.5004216e-19             2171                1
     0.0065804459      5.09491e-05    -0.0075996127     0.0022437228     0.0018373532     0.0016494582    9.1093825e-31   -1.6021766e-19    -9.156439e-20    3.5004216e-19                4                0
     0.0010944839    9.2867835e-05    -0.0066296393    -0.0054309289      0.010946572     0.0045797345    9.1093825e-31   -1.6021766e-19    -9.156439e-20    3.5004216e-19             2104                1
    -0.0044486551    9.4483927e-05       0.01207354    8.9034911e-05    -0.0010928628   -0.00014727996    9.1093825e-31   -1.6021766e-19    -9.156439e-20    3.5004216e-19             1316                1
    -0.0061338325    1.8278964e-05     -0.012040342    1.5460179e-07     0.0014902301     -0.001366674    9.1093825e-31   -1.6021766e-19    -9.156439e-20    3.5004216e-19              385                0
     0.0025135863    3.7587128e-05      0.012237775    -0.0031077547    -0.0092930393   -0.00035722656    9.1093825e-31   -1.6021766e-19    -9.156439e-20    3.5004216e-19             2156                1
    0.00042090932    6.5078115e-05    -0.0088241845     0.0042453748     -0.008175265    -0.0029060603    9.1093825e-31   -1.6021766e-19    -9.156439e-20    3.5004216e-19             2227                1
    -0.0011538686    9.6223619e-07     0.0046772361     0.0014508243     -0.003408703     0.0014667533    9.1093825e-31   -1.6021766e-19    -9.156439e-20    3.5004216e-19              968                0
    -0.0051381476    8.0420352e-05      0.006127954    -0.0010829357    -0.0017802856     0.0012493795    9.1093825e-31   -1.6021766e-19    -9.156439e-20    3.5004216e-19              895                0
     0.0030958734    6.0699655e-05    -0.0043587834    0.00011830332       0.01060974     0.0020919885    9.1093825e-31   -1.6021766e-19    -9.156439e-20    3.5004216e-19             2180                1
     0.0061183954    2.3114118e-05     0.0048334268    -0.0011049224    -0.0014888253    0.00066409219    9.1093825e-31   -1.6021766e-19    -9.156439e-20    3.5004216e-19              751                0
     0.0015067371    7.8651312e-05     -0.012916422    -0.0075830179    -0.0029252209    -0.0029399556    9.1093825e-31   -1.6021766e-19    -9.156439e-20    3.5004216e-19             2190                1
    -0.0005818248    5.5525787e-05    -0.0025476385    -0.0026832237      0.008073858   -0.00067434978    9.1093825e-31   -1.6021766e-19    -9.156439e-20    3.5004216e-19             2143                1
     0.0019081564     7.988268e-05     -0.012573806    -0.0050361897     0.0086816642     0.0013627483    9.1093825e-31   -1.6021766e-19    -9.156439e-20    3.5004216e-19             2117                1
     -0.007383809    6.5815111e-05    -0.0070731868    -0.0011640859    0.00084770308    -0.0026720578    9.1093825e-31   -1.6021766e-19    -9.156439e-20    3.5004216e-19              532                0
     0.0055322209    7.5240452e-05      0.011536593       0.00170155    -0.0043257484    -0.0013451611    9.1093825e-31   -1.6021766e-19    -9.156439e-20    3.5004216e-19             2103                1
     0.0055040168    2.2565464e-06      0.010675568   -0.00014235239     0.0021912996   -9.3059483e-05    9.1093825e-31   -1.6021766e-19    -9.156439e-20    3.5004216e-19             2272                1
    -0.0013538009    9.5853597e-05    -0.0079777958    -0.0025847279    -0.0058666351    -0.0028876136    9.1093825e-31   -1.6021766e-19    -9.156439e-20    3.5004216e-19             2277                1
     0.0025571957    8.3774874e-05      0.012228156       0.00520236    -0.0046269181     0.0019995419    9.1093825e-31   -1.6021766e-19    -9.156439e-20    3.5004216e-19             2210                1
   -0.00090652768     9.630659e-05    -0.0057557076     0.0032068242   -0.00079839013     0.0052071279    9.1093825e-31   -1.6021766e-19    -9.156439e-20    3.5004216e-19             2253                1
    -0.0016698799    3.5764304e-05      0.010748227    -0.0056432574    -0.0088569066     0.0076084356    9.1093825e-31   -1.6021766e-19    -9.156439e-20    3.5004216e-19             2128                1
     0.0043319603    6.1531988e-05    -0.0086100036     0.0028339238     0.0075647864      0.001914359    9.1093825e-31   -1.6021766e-19    -9.156439e-20    3.5004216e-19             2096                1
     0.0011455377    9.3256065e-05    -0.0095542194   -0.00039887533     0.0099256607    0.00039101861    9.1093825e-31   -1.6021766e-19    -9.156439e-20    3.5004216e-19             2042                1
    -0.0007624873    9.3392868e-05    -0.0081053656   -0.00086820865     0.0092706764    -0.0064041372    9.1093825e-31   -1.6021766e-19    -9.156439e-20    3.5004216e-19             2009                1
     0.0016187192    4.2605127e-05    -0.0030154809     0.0017600618     0.0077483025    0.00027804993    9.1093825e-31   -1.6021766e-19    -9.156439e-20    3.5004216e-19             2173                1
     0.0061851623    8.9234127e-05     -0.014225195     0.0010412482     0.0022723004   -0.00096724404    9.1093825e-31   -1.6021766e-19    -9.156439e-20    3.5004216e-19              365                0
     0.0010883693    3.3513941e-05     0.0028087981    -0.0013109704      0.007607887    0.00016798983    9.1093825e-31   -1.6021766e-19    -9.156439e-20    3.5004216e-19             2213                1
     0.0010861058    1.5711143e-05     0.0028500808   -0.00088378403    -0.0064673573     0.0018913728    9.1093825e-31   -1.6021766e-19    -9.156439e-20    3.5004216e-19             2085                1
     -0.008286369    5.5446399e-05      0.014635614    6.9119473e-05   -9.2161245e-05      0.001215727    9.1093825e-31   -1.6021766e-19    -9.156439e-20    3.5004216e-19              719                0
    -0.0090625016    4.7545065e-05     0.0023879295   -0.00066116289   -0.00060580083     0.0014007419    9.1093825e-31   -1.6021766e-19    -9.156439e-20    3.5004216e-19              874                0
     0.0010209556    4.2464799e-05     0.0059951171     0.0011284433      0.010892333    -0.0026082792    9.1093825e-31   -1.6021766e-19    -9.156439e-20    3.5004216e-19             2222                1
    -0.0052497284    6.1886021e-05      0.013747385    -0.0029639909    -0.0069693304    -0.0034464768    9.1093825e-31   -1.6021766e-19    -9.156439e-20    3.5004216e-19             2181                1
    -0.0042591202     5.943764e-05     0.0060275206     0.0015864214    -0.0024444871   -0.00078233902    9.1093825e-31   -1.6021766e-19    -9.156439e-20    3.5004216e-19              628                0
     0.0065890006    2.4324236e-05     0.0056914883    0.00045109296     -0.002099134   -0.00062697224    9.1093825e-31   -1.6021766e-19    -9.156439e-20    3.5004216e-19              420                0
     0.0013418134    3.3008666e-05    -0.0033993961   -0.00059913401     0.0072640092      0.001243244    9.1093825e-31   -1.6021766e-19    -9.156439e-20    3.5004216e-19             2187                1
   -9.6840675e-05    3.2020962e-05     0.0036990177   -0.00067087146     0.0056727245    -0.0015096269    9.1093825e-31   -1.6021766e-19    -9.156439e-20    3.5004216e-19             2191                1
     0.0033519967    1.1794648e-05     0.0091461791     0.0046866103    -0.0099515487    -0.0080337198    9.1093825e-31   -1.6021766e-19    -9.156439e-20    3.5004216e-19             2119                1
     0.0072898483    7.5617587e-05     0.0059419228   -0.00062387565    -0.0011720255     0.0019555017    9.1093825e-31   -1.6021766e-19    -9.156439e-20    3.5004216e-19              828                0
     -0.006667519    7.9794176e-05     -0.003211488      0.001125559     0.0011593675    0.00097672024    9.1093825e-31   -1.6021766e-19    -9.156439e-20    3.5004216e-19              984                0
    -0.0036016786    2.9007693e-05    -0.0013856805     0.0041095284    -0.0026782635     0.0059582754    9.1093825e-31   -1.6021766e-19    -9.156439e-20    3.5004216e-19             1938                1
    -0.0016550568    1.8011306e-05      0.010729013    -0.0015788496      0.008753838       0.00185674    9.1093825e-31   -1.6021766e-19    -9.156439e-20    3.5004216e-19             2262                1
     0.0052950606    3.4108602e-05      0.006432387      0.001102117    -0.0024437986    -0.0004003236    9.1093825e-31   -1.6021766e-19    -9.156439e-20    3.5004216e-19              580                0
     0.0028829693    3.7690275e-05    -0.0070025008    -0.0042395242     0.0067491084     0.0023268827    9.1093825e-31   -1.6021766e-19    -9.156439e-20    3.5004216e-19             2152                1
      0.008385269    4.8757549e-05     -0.012684137    -0.0022295122     0.0010238175     0.0022225992    9.1093825e-31   -1.6021766e-19    -9.156439e-20    3.5004216e-19              586                0
    -0.0016592802    8.8993067e-05     -0.011173693    0.00094074639    -0.0016255672   -9.5903451e-05    9.1093825e-31   -1.6021766e-19    -9.156439e-20    3.5004216e-19             2214                1
    -0.0050543565     4.772278e-05      -0.00519305     0.0010415561     0.0015599359   -0.00094634708    9.1093825e-31   -1.6021766e-19    -9.156439e-20    3.5004216e-19              660                0
     0.0013987765    1.9720092e-05      0.011447304    -0.0018205293     0.0077708531    0.00020601401    9.1093825e-31   -1.6021766e-19    -9.156439e-20    3.5004216e-19             2254                1
    -0.0077716401    3.6214475e-05      0.010985745    0.00062203349    -0.0010347897     0.0015235024    9.1093825e-31   -1.6021766e-19    -9.156439e-20    3.5004216e-19              652                0
     0.0025656854    2.1873077e-05    0.00042889285    -0.0030495967    -0.0042873477     -0.001849113    9.1093825e-31   -1.6021766e-19    -9.156439e-20    3.5004216e-19             2051                1
    -0.0014807292     5.873257e-05    -0.0066410075    0.00029405902     0.0091813812     0.0051771295    9.1093825e-31   -1.6021766e-19    -9.156439e-20    3.5004216e-19             2157                1
    -0.0090639116    3.3744086e-06     0.0015237285    -0.0022100876   -0.00047109253    0.00013326931    9.1093825e-31   -1.6021766e-19    -9.156439e-20    3.5004216e-19              760                0
    -0.0022153398    1.2159127e-05     0.0029478737    -0.0009073813     0.0041634869    0.00094137527    9.1093825e-31   -1.6021766e-19    -9.156439e-20    3.5004216e-19             2231                1
     0.0047300807    6.8677131e-05    -0.0034456281    -0.0031365529     0.0083633447     0.0018216269    9.1093825e-31   -1.6021766e-19    -9.156439e-20    3.5004216e-19             2139                1
    -0.0036620661     4.961378e-05     -0.014340477    -0.0004845713      0.005141052   -0.00058637949    9.1093825e-31   -1.6021766e-19    -9.156439e-20    3.5004216e-19             2112                1
     0.0058547496    9.3590461e-05    -0.0074935001    -0.0001215853      0.002325465    -0.0009349949    9.1093825e-31   -1.6021766e-19    -9.156439e-20    3.5004216e-19              840                0
     0.0029701705    3.0445708e-05    -0.0056398502     -0.001724277     0.0017334035    1.2505303e-05    9.1093825e-31   -1.6021766e-19    -9.156439e-20    3.5004216e-19              860                0
   -0.00094538706    5.6424091e-05    -0.0064013815    -0.0016042312     0.0043879808   -0.00036096512    9.1093825e-31   -1.6021766e-19    -9.156439e-20    3.5004216e-19             1859                1
     -0.003254961    3.9338993e-05     -0.012511749   -0.00086348568     0.0027250112    -0.0015393194    9.1093825e-31   -1.6021766e-19    -9.156439e-20    3.5004216e-19              900                0
    -0.0065173353    2.3372377e-05    -0.0087836003    0.00092189177     0.0015901783    -0.0013274186    9.1093825e-31   -1.6021766e-19    -9.156439e-20    3.5004216e-19              132                0
      0.008956451    3.9646337e-05      0.013157205     0.0016588195     0.0013819375      -0.00142176    9.1093825e-31   -1.6021766e-19    -9.156439e-20    3.5004216e-19             1962                1
    -0.0072798012     5.471316e-05    -0.0026750371    0.00062535127     0.0009310887    0.00067831972    9.1093825e-31   -1.6021766e-19    -9.156439e-20    3.5004216e-19             1012                1
     -0.003746792    1.5211981e-05    0.00045392659    -0.0013337905    -0.0011356679     0.0026016461    9.1093825e-31   -1.6021766e-19    -9.156439e-20    3.5004216e-19              893                0
     0.0076095769    4.4602548e-05     -0.013003751     0.0023765154     0.0011221038    -0.0016999473    9.1093825e-31   -1.6021766e-19    -9.156439e-20    3.5004216e-19              311                0
    -0.0069836667    1.8540708e-05    -0.0077682622    -0.0012888213    0.00088960561    0.00055295939    9.1093825e-31   -1.6021766e-19    -9.156439e-20    3.5004216e-19              791                0
     0.0021909398    4.9607406e-05     -0.014758709    0.00060936995    -0.0082521588   -1.7709593e-06    9.1093825e-31   -1.6021766e-19    -9.156439e-20    3.5004216e-19             2193                1
    0.00077160785    4.1677442e-05     0.0097339554     0.0061087166     0.0055564325     0.0010764891    9.1093825e-31   -1.6021766e-19    -9.156439e-20    3.5004216e-19             2194                1
    1.3191611e-05    1.7323167e-05     0.0038020676    -0.0047989069     0.0084233126    0.00020606662    9.1093825e-31   -1.6021766e-19    -9.156439e-20    3.5004216e-19             2258                1
     0.0020499988    2.3057146e-06      0.014644506    0.00043472447      0.005728147     0.0001412376    9.1093825e-31   -1.6021766e-19    -9.156439e-20    3.5004216e-19             2278                1
    -0.0062051085    8.8346742e-06     0.0028784997    2.9132869e-05     -0.001213165   -0.00011872716    9.1093825e-31   -1.6021766e-19    -9.156439e-20    3.5004216e-19              677                0
    -0.0032793642     6.130213e-06     0.0061560934    4.4280976e-05    -0.0081909252    -0.0011593908    9.1093825e-31   -1.6021766e-19    -9.156439e-20    3.5004216e-19             2025                1
    -0.0084654903    6.9570466e-05    -0.0047939178    0.00033050333     0.0007523172   -0.00011240484    9.1093825e-31   -1.6021766e-19    -9.156439e-20    3.5004216e-19              210                0
   -0.00074809516    5.6552621e-05    -0.0059066438     0.0073245349     0.0075847581      0.001723561    9.1093825e-31   -1.6021766e-19    -9.156439e-20    3.5004216e-19             2054                1
      0.007912375    5.5427179e-05     0.0084504429   -0.00031457594   -0.00091454381      0.001262358    9.1093825e-31   -1.6021766e-19    -9.156439e-20    3.5004216e-19              254                0
     0.0058836369    5.7095807e-05     0.0044497517   -0.00062801334    -0.0016968162   -0.00088048785    9.1093825e-31   -1.6021766e-19    -9.156439e-20    3.5004216e-19              270                0
     -0.001061556    4.1312218e-05     0.0060829599   -0.00016006731     0.0071194037    0.00038535276    9.1093825e-31   -1.6021766e-19    -9.156439e-20    3.5004216e-19             2196                1
   -0.00097852387    5.8151895e-06     0.0058805277    -0.0016011044      0.002886293     0.0056750607    9.1093825e-31   -1.6021766e-19    -9.156439e-20    3.5004216e-19             2257                1
   -0.00086697348     9.652986e-05    -0.0059328792   -0.00027532395       0.01013907    5.3315875e-05    9.1093825e-31   -1.6021766e-19    -9.156439e-20    3.5004216e-19             2055                1
    -0.0017084666    8.4515457e-05     -0.011128453    -0.0046926071     0.0090462398     0.0032186031    9.1093825e-31   -1.6021766e-19    -9.156439e-20    3.5004216e-19             2053                1
    -0.0075638094    6.2561019e-05      -0.01216908    -0.0011529498     0.0016414797    -0.0012035813    9.1093825e-31   -1.6021766e-19    -9.156439e-20    3.5004216e-19              673                0
    -0.0021113728    3.7062264e-06     0.0062916609     0.0023701333     0.0029979702      0.001510984    9.1093825e-31   -1.6021766e-19    -9.156439e-20    3.5004216e-19             2270                1
     0.0085296407     1.471134e-05      0.010215843     0.0002654987    -0.0007143945   -9.2195376e-05    9.1093825e-31   -1.6021766e-19    -9.156439e-20    3.5004216e-19              410                0
    -0.0011017632    2.5275831e-05     0.0058991364    -0.0025517349     0.0084626004    -0.0030349626    9.1093825e-31   -1.6021766e-19    -9.156439e-20    3.5004216e-19             2239                1
    -0.0010748991    1.6237789e-05     0.0060825166    -0.0024849912     0.0027530885    0.00030835174    9.1093825e-31   -1.6021766e-19    -9.156439e-20    3.5004216e-19             2197                1
     0.0010254618    2.4486555e-05     0.0059912624     0.0040090317     0.0058983229    -0.0021784916    9.1093825e-31   -1.6021766e-19    -9.156439e-20    3.5004216e-19             2220                1
   -0.00078397919    5.4285731e-05    -0.0028191651    0.00046020263     0.0077185375    0.00052152842    9.1093825e-31   -1.6021766e-19    -9.156439e-20    3.5004216e-19             2131                1
     0.0033706455    1.5810276e-05      0.012619079    -0.0019471862     -0.010548385    -0.0062229112    9.1093825e-31   -1.6021766e-19    -9.156439e-20    3.5004216e-19             2138                1
    -0.0094227726    9.2322894e-05    -0.0066481777    0.00039951783    0.00032690779    0.00041480028    9.1093825e-31   -1.6021766e-19    -9.156439e-20    3.5004216e-19              192                0
   -0.00061959267    9.8634591e-05    -0.0077175051     0.0017411029      0.013160491      0.001376475    9.1093825e-31   -1.6021766e-19    -9.156439e-20    3.5004216e-19             2158                1
    0.00015879939    9.8380246e-05    -0.0058760326     0.0026208868      0.010605626     0.0034891691    9.1093825e-31   -1.6021766e-19    -9.156439e-20    3.5004216e-19             2065                1
     0.0047797775    1.0453613e-06    -0.0035942721     0.0003000765    -0.0029197822    -0.0065599126    9.1093825e-31   -1.6021766e-19    -9.156439e-20    3.5004216e-19             1930                1
     0.0035045634     2.137037e-05     0.0033420837     0.0011807779    -0.0021207279     0.0021979143    9.1093825e-31   -1.6021766e-19    -9.156439e-20    3.5004216e-19              991                0
    -0.0019609041    2.0010038e-05     0.0045345337    -0.0013198047    -0.0032299589    -0.0013481508    9.1093825e-31   -1.6021766e-19    -9.156439e-20    3.5004216e-19              630                0
    -0.0091851866    2.2713344e-05    -0.0019199997     0.0011777302   -9.0430658e-05   -0.00095280434    9.1093825e-31   -1.6021766e-19    -9.156439e-20    3.5004216e-19              212                0
     0.0084343506    1.5852887e-05     0.0015730108    0.00022389839   -0.00043222698   -0.00083003409    9.1093825e-31   -1.6021766e-19    -9.156439e-20    3.5004216e-19              525                0
     0.0092461091    1.0438046e-05    -0.0091758994     0.0011375448    0.00032745485    -0.0014043819    9.1093825e-31   -1.6021766e-19    -9.156439e-20    3.5004216e-19              690                0
     0.0010629826           0.0001    -0.0092664408    -0.0022949502      0.011859221    0.00056073989    9.1093825e-31   -1.6021766e-19    -9.156439e-20    3.5004216e-19             2126                1
    9.3535004e-05    6.6196793e-05    -0.0013028162    -0.0058609606     0.0092939399      -0.00293002    9.1093825e-31   -1.6021766e-19    -9.156439e-20    3.5004216e-19             2159                1
    -0.0087189376    5.4960474e-05    -0.0012177618    0.00091082964   -0.00033563009    0.00099261897    9.1093825e-31   -1.6021766e-19    -9.156439e-20    3.5004216e-19              750                0
     0.0025246826    5.7668509e-05    -0.0077907718    7.6206372e-05      0.010077897    7.4913827e-05    9.1093825e-31   -1.6021766e-19    -9.156439e-20    3.5004216e-19             2182                1
    -0.0014746005    9.5101925e-05    -0.0085422145     0.0019749219     -0.004794918     0.0068521034    9.1093825e-31   -1.6021766e-19    -9.156439e-20    3.5004216e-19             2274                1
    -0.0030884272     3.627624e-05    -0.0016941711    -0.0021081967     0.0063118464    -0.0019581178    9.1093825e-31   -1.6021766e-19    -9.156439e-20    3.5004216e-19             2163                1
    -0.0074290889    7.1241157e-05    -0.0013859969     0.0028597333    0.00053650152   -0.00085138407    9.1093825e-31   -1.6021766e-19    -9.156439e-20    3.5004216e-19              257                0
    -0.0056568417    3.9714068e-05     0.0058308998    -0.0011145265    -0.0017701196     0.0010291971    9.1093825e-31   -1.6021766e-19    -9.156439e-20    3.5004216e-19              220                0
    -0.0043306444    4.6018806e-05      -0.01236519      0.004973697     0.0060033482    2.4688277e-05    9.1093825e-31   -1.6021766e-19    -9.156439e-20    3.5004216e-19             2161                1
     0.0063704588     3.431653e-05    -0.0084900763    -0.0027380304     0.0017814557   -0.00053871947    9.1093825e-31   -1.6021766e-19    -9.156439e-20    3.5004216e-19              931                0
    -0.0026529201    1.7199973e-05    -0.0080778282    0.00015082402     0.0024545547    0.00087106851    9.1093825e-31   -1.6021766e-19    -9.156439e-20    3.5004216e-19              217                0
    -0.0034755259    9.4653871e-05    -0.0099513438    0.00041405592     -0.002666221     0.0013741686    9.1093825e-31   -1.6021766e-19    -9.156439e-20    3.5004216e-19             2265                1
    0.00040581735    8.6817541e-05    -0.0088146562     0.0003366642    -0.0025440955   -0.00043468885    9.1093825e-31   -1.6021766e-19    -9.156439e-20    3.5004216e-19             2226                1
    -0.0051883501    7.4652351e-05     -0.014064956    0.00089671771     0.0064684902   -0.00097467343    9.1093825e-31   -1.6021766e-19    -9.156439e-20    3.5004216e-19             2057                1
     0.0048437845    1.0755572e-05     0.0072326348    0.00023273021    -0.0030322345     0.0030172912    9.1093825e-31   -1.6021766e-19    -9.156439e-20    3.5004216e-19               18                0
     0.0059292526    8.2299521e-06     -0.002973597    -0.0011190191    0.00063016999    -0.0022774455    9.1093825e-31   -1.6021766e-19    -9.156439e-20    3.5004216e-19              256                0
    -0.0017457849    3.3692912e-05      0.001903208    -0.0075775972      0.006829835     0.0078795226    9.1093825e-31   -1.6021766e-19    -9.156439e-20    3.5004216e-19             2195                1
     0.0016408039    1.5155822e-05      0.011478317     0.0050169961     -0.010384577     0.0013727377    9.1093825e-31   -1.6021766e-19    -9.156439e-20    3.5004216e-19             2109                1
     0.0030091535    1.9781062e-05      0.014322206    0.00085508131     0.0060160188     0.0017529223    9.1093825e-31   -1.6021766e-19    -9.156439e-20    3.5004216e-19             2243                1
      0.002327167      1.55037e-05    -0.0091885254    -0.0050587738    1.7135128e-06    -0.0012730573    9.1093825e-31   -1.6021766e-19    -9.156439e-20    3.5004216e-19             1852                1
     0.0032746606    2.2861828e-05       0.01269891    -0.0058118287    -0.0082803424    0.00050393021    9.1093825e-31   -1.6021766e-19    -9.156439e-20    3.5004216e-19             2040                1
   -0.00096013048    7.3991723e-05     -0.008471258    -0.0024071648     0.0093513904    -0.0035056819    9.1093825e-31   -1.6021766e-19    -9.156439e-20    3.5004216e-19             2082                1
     0.0092759347    4.6254307e-05    0.00091490941     0.0014110125   -0.00044230433   -0.00017848574    9.1093825e-31   -1.6021766e-19    -9.156439e-20    3.5004216e-19              637                0
    -0.0024087566    7.1307746e-05    -0.0021671278     0.0070640901     0.0086328704    -0.0017492371    9.1093825e-31   -1.6021766e-19    -9.156439e-20    3.5004216e-19             2129                1
     0.0016517852    9.1399663e-05      -0.01443019    -0.0029884889      0.003277461   -0.00041108491    9.1093825e-31   -1.6021766e-19    -9.156439e-20    3.5004216e-19              983                0
     0.0047199996    6.0524722e-05     0.0021576479   -0.00071458617    -0.0010726062     0.0011522559    9.1093825e-31   -1.6021766e-19    -9.156439e-20    3.5004216e-19              229                0
    -0.0035118707    8.5658554e-05     -0.010006781   -0.00045244006    -0.0074546183     0.0010500018    9.1093825e-31   -1.6021766e-19    -9.156439e-20    3.5004216e-19             2264                1
    -0.0085627912     5.590486e-05    -0.0014586997     0.0008113588   -0.00028654694   -0.00040309416    9.1093825e-31   -1.6021766e-19    -9.156439e-20    3.5004216e-19              894                0
    0.00045172364    5.7732032e-05      0.012898973    0.00011435224    -0.0092978105     0.0010142828    9.1093825e-31   -1.6021766e-19    -9.156439e-20    3.5004216e-19             2198                1
     0.0079008704    5.2206058e-05    -0.0031488037     0.0016543686   -6.9116883e-05     0.0023099913    9.1093825e-31   -1.6021766e-19    -9.156439e-20    3.5004216e-19              309                0
    -0.0089425193    5.5626526e-05      0.011220788   -0.00022813521   -0.00022516404   -0.00060471206    9.1093825e-31   -1.6021766e-19    -9.156439e-20    3.5004216e-19              329                0
     0.0076041105    8.8326553e-05     -0.014076413    -0.0028879121     0.0017626022     0.0013584469    9.1093825e-31   -1.6021766e-19    -9.156439e-20    3.5004216e-19              349                0
     0.0090489676    6.0357892e-05      0.007939619    -0.0010131884   -0.00037477262     0.0016580923    9.1093825e-31   -1.6021766e-19    -9.156439e-20    3.5004216e-19              369                0
     -0.005069565    2.4266206e-05     -0.010813523    -0.0033673726   -0.00098281284    -0.0031951629    9.1093825e-31   -1.6021766e-19    -9.156439e-20    3.5004216e-19             1993                1
     0.0010597139    6.2027495e-05    -0.0095422268     -0.005685383     0.0080076782      0.001124101    9.1093825e-31   -1.6021766e-19    -9.156439e-20    3.5004216e-19             2041                1
    -0.0022154988    5.4149798e-05      0.007194377     0.0020372847     -0.002752617     0.0001596021    9.1093825e-31   -1.6021766e-19    -9.156439e-20    3.5004216e-19              632                0
    0.00013373961     9.674218e-05    -0.0012357082   -5.7627414e-05   -0.00021885753    2.9286814e-05    9.1093825e-31   -1.6021766e-19    -9.156439e-20    3.5004216e-19             2246                1
     0.0014828399    3.8458962e-05      0.011495341    -0.0072577288    -0.0085966242     0.0026908196    9.1093825e-31   -1.6021766e-19    -9.156439e-20    3.5004216e-19             2110                1
    0.00068733282    1.5973843e-05     0.0097352974    -0.0013189545    -0.0094188666   -0.00036338024    9.1093825e-31   -1.6021766e-19    -9.156439e-20    3.5004216e-19             2046                1
     0.0033751721    2.6975958e-05      0.012718066    -0.0010484594    -0.0088227727     0.0017253623    9.1093825e-31   -1.6021766e-19    -9.156439e-20    3.5004216e-19             2092                1
     0.0073301536    3.5807312e-05    0.00087212067    -0.0015429602   -9.4573326e-05   -0.00085203553    9.1093825e-31   -1.6021766e-19    -9.156439e-20    3.5004216e-19              476                0
    -0.0049244934    4.0730116e-05     -0.012745768      0.001346446      0.002518506    -0.0016438981    9.1093825e-31   -1.6021766e-19    -9.156439e-20    3.5004216e-19              549                0
    -0.0010248537    8.5416053e-05      0.010185912     0.0026259632    -0.0032559442    0.00071925914    9.1093825e-31   -1.6021766e-19    -9.156439e-20    3.5004216e-19              569                0
    -0.0034201569    7.7789256e-05    -0.0099068256   -6.6434208e-05     0.0079891877   -0.00049004401    9.1093825e-31   -1.6021766e-19    -9.156439e-20    3.5004216e-19             2019                1
     0.0010310957    1.6676669e-05     0.0059983623     0.0036902535     0.0043794122    -0.0017893623    9.1093825e-31   -1.6021766e-19    -9.156439e-20    3.5004216e-19             2223                1
     0.0094973436     8.160474e-05     -0.014503575   -9.2748865e-05    0.00064500724     0.0020946327    9.1093825e-31   -1.6021766e-19    -9.156439e-20    3.5004216e-19              922                0
    -0.0011701215    2.9645693e-05     -0.012410404    -0.0023373226     0.0030329216   -0.00037846324    9.1093825e-31   -1.6021766e-19    -9.156439e-20    3.5004216e-19              649                0
    -0.0078177741    4.8588881e-05     0.0038649538     0.0011820642   -0.00076067261    0.00098692591    9.1093825e-31   -1.6021766e-19    -9.156439e-20    3.5004216e-19              934                0
   -0.00096713833    4.0801708e-05    -0.0058071502    -0.0014397805     0.0064531635    -0.0015092958    9.1093825e-31   -1.6021766e-19    -9.156439e-20    3.5004216e-19             2047                1
    -0.0041261967    8.6656502e-05     -0.009683378    -0.0019863038     0.0093612447   -0.00020891483    9.1093825e-31   -1.6021766e-19    -9.156439e-20    3.5004216e-19             2093                1
     0.0023407731    6.7096247e-05      0.013337187    0.00037429002    -0.0059171072    0.00071454066    9.1093825e-31   -1.6021766e-19    -9.156439e-20    3.5004216e-19             2061                1
    -0.0028691117    5.2796018e-05    -0.0057287659   -0.00030005828     0.0088002384    0.00026398047    9.1093825e-31   -1.6021766e-19    -9.156439e-20    3.5004216e-19             2169                1
   -8.3071764e-06    3.8030932e-05      0.013811164    0.00078718195    -0.0082439883      0.001093146    9.1093825e-31   -1.6021766e-19    -9.156439e-20    3.5004216e-19             2069                1
   -0.00011446673    1.4585619e-05     0.0035108433     0.0013429564     0.0021564541    -0.0028649312    9.1093825e-31   -1.6021766e-19    -9.156439e-20    3.5004216e-19             2172                1
     0.0054069101    2.9775754e-05     0.0020291319    0.00057080475    -0.0012719873     0.0025727015    9.1093825e-31   -1.6021766e-19    -9.156439e-20    3.5004216e-19               20                0
     0.0075639635     7.386408e-06    -0.0099772895    0.00042257732    0.00051253854   -0.00089850416    9.1093825e-31   -1.6021766e-19    -9.156439e-20    3.5004216e-19              786                0
    -0.0088909846    9.2191833e-05    -0.0045739217   -0.00061363459    0.00054372649    0.00089883513    9.1093825e-31   -1.6021766e-19    -9.156439e-20    3.5004216e-19              849                0
      0.007871531    7.5988246e-06     0.0028267684    -0.0010978616    -0.0012658535     1.794986e-05    9.1093825e-31   -1.6021766e-19    -9.156439e-20    3.5004216e-19              869                0
     0.0086476374    7.7503071e-05     0.0039983015    -0.0007166905    0.00024781804     -0.001170854    9.1093825e-31   -1.6021766e-19    -9.156439e-20    3.5004216e-19               36                0
   -5.9348029e-05    6.2644816e-05     0.0036558153      0.001194727     0.0094394749    -8.692166e-05    9.1093825e-31   -1.6021766e-19    -9.156439e-20    3.5004216e-19             2183                1
     0.0020354211    6.3334104e-05      0.010707008     0.0049700192    -0.0071654785   -6.7406043e-05    9.1093825e-31   -1.6021766e-19    -9.156439e-20    3.5004216e-19             2188                1
   -7.4775606e-05    2.1874075e-05     0.0037487734     0.0027580799     0.0040803757     0.0062217806    9.1093825e-31   -1.6021766e-19    -9.156439e-20    3.5004216e-19             2192                1
     0.0060378173    7.3657196e-05      0.011908825   -0.00067835144    -0.0016291196     0.0020726558    9.1093825e-31   -1.6021766e-19    -9.156439e-20    3.5004216e-19              280                0
    -0.0047408412    1.9488689e-05    -0.0082208607    -0.0014503192     0.0016213234     0.0017518874    9.1093825e-31   -1.6021766e-19    -9.156439e-20    3.5004216e-19              591                0
    -0.0093446188    8.2881539e-05     0.0025689225    0.00081139011    0.00022083175    0.00012258558    9.1093825e-31   -1.6021766e-19    -9.156439e-20    3.5004216e-19               44                0
     0.0050558881    9.3756598e-06     0.0072146598    5.7770285e-06    -0.0079098083    7.5692687e-06    9.1093825e-31   -1.6021766e-19    -9.156439e-20    3.5004216e-19             2035                1
     0.0003756505    7.5354241e-05    -0.0088013513   -0.00011168903      0.009476806    -0.0003612664    9.1093825e-31   -1.6021766e-19    -9.156439e-20    3.5004216e-19             2087                1
     0.0028513274    5.4974764e-05      0.009938159    0.00036017239     -0.002853425   -0.00023432555    9.1093825e-31   -1.6021766e-19    -9.156439e-20    3.5004216e-19              177                0
   -0.00052689435    1.7066797e-05    -0.0025158525      0.002360478     0.0045330054     0.0022371297    9.1093825e-31   -1.6021766e-19    -9.156439e-20    3.5004216e-19             2142                1
      0.001895126    6.2879953e-06      0.010595161     0.0008781479     0.0019797792     0.0011481118    9.1093825e-31   -1.6021766e-19    -9.156439e-20    3.5004216e-19             2249                1
   -8.6983433e-05    6.0344733e-05     0.0043597687    -0.0004965798     0.0075086574    -0.0032694971    9.1093825e-31   -1.6021766e-19    -9.156439e-20    3.5004216e-19             2175                1
    -0.0083388155    4.3156277e-05     0.0036706994    0.00097307493   -0.00080208451    -0.0031897747    9.1093825e-31   -1.6021766e-19    -9.156439e-20    3.5004216e-19              184                0
    -0.0018409792    6.2176638e-05     0.0039700442    -0.0013956203    -0.0023385766    9.3264149e-05    9.1093825e-31   -1.6021766e-19    -9.156439e-20    3.5004216e-19              699                0
    -0.0076244678    3.0196408e-05    -0.0048734872    -0.0028571021    9.7137519e-05    0.00034536878    9.1093825e-31   -1.6021766e-19    -9.156439e-20    3.5004216e-19              243                0
      0.001239833    3.3358807e-05      0.011363364    -0.0060485657    -0.0089485124     0.0010837289    9.1093825e-31   -1.6021766e-19    -9.156439e-20    3.5004216e-19             2101                1
    -0.0086293267    4.3280383e-05     0.0021080172    0.00043776532   -0.00042230947   -0.00017248568    9.1093825e-31   -1.6021766e-19    -9.156439e-20    3.5004216e-19              264                0
     0.0050884089    4.1364183e-05    0.00029872579    0.00022673706   -0.00079170533    -0.0012758159    9.1093825e-31   -1.6021766e-19    -9.156439e-20    3.5004216e-19              284                0
    -0.0055761118    5.4931097e-06     0.0055863801    0.00082397158    -0.0021886406     -0.000453455    9.1093825e-31   -1.6021766e-19    -9.156439e-20    3.5004216e-19              906                0
     0.0013264841    1.8296123e-05     0.0024605095     0.0026479396     0.0034348597     0.0010931548    9.1093825e-31   -1.6021766e-19    -9.156439e-20    3.5004216e-19             2178                1
      0.002970119    9.9148529e-05   -0.00085464364   -0.00024522888     0.0034386816     0.0014780978    9.1093825e-31   -1.6021766e-19    -9.156439e-20    3.5004216e-19             1896                1
    -0.0013147844    8.8472174e-05     -0.014166207    -0.0034771776    -0.0051484904    -0.0038082218    9.1093825e-31   -1.6021766e-19    -9.156439e-20    3.5004216e-19             2255                1
   -0.00098870823     1.919472e-05    -0.0021067485   -7.0324561e-05    0.00032553554    0.00018902878    9.1093825e-31   -1.6021766e-19    -9.156439e-20    3.5004216e-19              384                0
    -0.0029947371    8.1729209e-05     -0.010348905    -0.0014481734    -0.0068539507     0.0026248011    9.1093825e-31   -1.6021766e-19    -9.156439e-20    3.5004216e-19             2251                1
     0.0040434953    5.3213109e-05    -0.0069716261    0.00057810289     0.0076947166   -3.6432386e-05    9.1093825e-31   -1.6021766e-19    -9.156439e-20    3.5004216e-19             2141                1
    -0.0092211906    5.8934387e-05   -0.00045334653    1.9848199e-05    -0.0001560274    0.00067071983    9.1093825e-31   -1.6021766e-19    -9.156439e-20    3.5004216e-19              444                0
    -0.0059375837    5.6129234e-06    -0.0019561029    0.00021641517    0.00030107624    -0.0010533038    9.1093825e-31   -1.6021766e-19    -9.156439e-20    3.5004216e-19              464                0
    -0.0012888828    2.3011959e-05     0.0067300177   -0.00058025902    -0.0084796166     0.0027919181    9.1093825e-31   -1.6021766e-19    -9.156439e-20    3.5004216e-19             2122                1
     0.0055290335      4.74138e-05     0.0092591038     0.0015710632    -0.0015597846     0.0017083698    9.1093825e-31   -1.6021766e-19    -9.156439e-20    3.5004216e-19             1322                1
     0.0017540157    1.2877244e-05     0.0068601547     0.0022490735     -0.010103343   -0.00085808354    9.1093825e-31   -1.6021766e-19    -9.156439e-20    3.5004216e-19             2151                1
     0.0014553361    9.4386465e-05    -0.0089378823   -0.00067232712    -0.0061841914    -0.0002470997    9.1093825e-31   -1.6021766e-19    -9.156439e-20    3.5004216e-19             2275                1
     0.0084331967    3.2429445e-05    -0.0038738241   -0.00065980037    0.00052750169    0.00088337675    9.1093825e-31   -1.6021766e-19    -9.156439e-20    3.5004216e-19              564                0
     0.0040044677    6.5309432e-05     -0.011755284    -0.0047264821     0.0073204106      0.002512513    9.1093825e-31   -1.6021766e-19    -9.156439e-20    3.5004216e-19             2105                1
    -0.0030150616    8.7459164e-05     -0.010413791    -0.0012463492     0.0083566867     0.0016820325    9.1093825e-31   -1.6021766e-19    -9.156439e-20    3.5004216e-19             2001                1
    -0.0014831416    8.3327366e-05     -0.011233154     0.0043459814     0.0080616567    -0.0022926794    9.1093825e-31   -1.6021766e-19    -9.156439e-20    3.5004216e-19             1987                1
     0.0050675697    1.7201019e-05    0.00018630673     0.0072043729     0.0036884213   -0.00073954993    9.1093825e-31   -1.6021766e-19    -9.156439e-20    3.5004216e-19             2184                1
    -0.0068381988    5.8822105e-05    0.00082334346    0.00023274199   -0.00012191685   -8.8752553e-05    9.1093825e-31   -1.6021766e-19    -9.156439e-20    3.5004216e-19              664                0
     -0.007703593    2.2318945e-05     -0.014891558    0.00079283613    0.00011662164    0.00073505187    9.1093825e-31   -1.6021766e-19    -9.156439e-20    3.5004216e-19              684                0
     0.0033982941    3.7662892e-05     0.0047514043   -0.00021266969     -0.002250344    -0.0018765241    9.1093825e-31   -1.6021766e-19    -9.156439e-20    3.5004216e-19              704                0
    -0.0026688087    8.8201123e-05     -0.014308476    -0.0014662727     0.0030079351    0.00011541764    9.1093825e-31   -1.6021766e-19    -9.156439e-20    3.5004216e-19              494                0
      -0.00662087    6.3690844e-05     0.0093984222     0.0010457831    -0.0010779744     0.0016270938    9.1093825e-31   -1.6021766e-19    -9.156439e-20    3.5004216e-19              871                0
    -0.0040913885    3.3517164e-05     -0.012637108    0.00025266255     0.0048597632   -0.00031832478    9.1093825e-31   -1.6021766e-19    -9.156439e-20    3.5004216e-19             2176                1
    -0.0066796611    7.9572659e-05     -0.010930534    0.00099134573     0.0014446148    0.00099969981    9.1093825e-31   -1.6021766e-19    -9.156439e-20    3.5004216e-19              125                0
     -0.005101026    6.9016503e-05      0.013369114    0.00096270663    -0.0013034568    0.00043423299    9.1093825e-31   -1.6021766e-19    -9.156439e-20    3.5004216e-19              804                0
     0.0040144473    2.8515282e-05     -0.012698521    0.00035463934     0.0021471344    -0.0025099064    9.1093825e-31   -1.6021766e-19    -9.156439e-20    3.5004216e-19              266                0
    9.1487993e-05    7.9456331e-05     -0.011916144    0.00032263491     0.0039412831     0.0031185769    9.1093825e-31   -1.6021766e-19    -9.156439e-20    3.5004216e-19              483                0
     -0.002468714    4.6019093e-05    -0.0021787551   -0.00074631127     0.0077712797      0.003322883    9.1093825e-31   -1.6021766e-19    -9.156439e-20    3.5004216e-19             2168                1
    -0.0027788864    7.3948984e-05    -0.0089375498     0.0011572738     0.0033561308      0.001147921    9.1093825e-31   -1.6021766e-19    -9.156439e-20    3.5004216e-19              360                0
    -0.0040653516    7.7965618e-05    -0.0096737109     0.0048099631    -0.0049879844    -0.0011615354    9.1093825e-31   -1.6021766e-19    -9.156439e-20    3.5004216e-19             2224                1
    0.00041663513     8.998558e-05    -0.0075619863     0.0042076199    -0.0005414171    0.00048702591    9.1093825e-31   -1.6021766e-19    -9.156439e-20    3.5004216e-19             2215                1
     0.0014860858      6.82717e-05    -0.0050744615    -0.0022760367     0.0080748135     0.0058314358    9.1093825e-31   -1.6021766e-19    -9.156439e-20    3.5004216e-19             2056                1
    0.00053997344    5.7985326e-05     -0.011870372    3.5085075e-05      0.003761664    0.00023428249    9.1093825e-31   -1.6021766e-19    -9.156439e-20    3.5004216e-19              958                0
     0.0015270733     5.132948e-05     -0.005120398     0.0008197056     0.0081855422   -0.00062197872    9.1093825e-31   -1.6021766e-19    -9.156439e-20    3.5004216e-19             2145                1
    -0.0067859502    7.2482493e-05       0.01223757    0.00034015515    -0.0010447657    0.00066861737    9.1093825e-31   -1.6021766e-19    -9.156439e-20    3.5004216e-19              988                0
     0.0075123361    9.9411782e-06     0.0086975712    -0.0013790232    -0.0016682222   -0.00062252942    9.1093825e-31   -1.6021766e-19    -9.156439e-20    3.5004216e-19              867                0
    -0.0014792918    8.9935413e-05     -0.012415578    -0.0086996881    -0.0030701105     -0.006268716    9.1093825e-31   -1.6021766e-19    -9.156439e-20    3.5004216e-19             2233                1
    -0.0015320918    6.3834967e-05     -0.011257671   -5.4159802e-05    -0.0090259742    -4.046192e-05    9.1093825e-31   -1.6021766e-19    -9.156439e-20    3.5004216e-19             2229                1
    -0.0033135114     4.176049e-05     0.0062238881    0.00071702688     0.0074567893     0.0030834528    9.1093825e-31   -1.6021766e-19    -9.156439e-20    3.5004216e-19             2201                1
    -0.0013104561    8.6392698e-05     -0.014236392     0.0038512582    -0.0083288038   -0.00054008764    9.1093825e-31   -1.6021766e-19    -9.156439e-20    3.5004216e-19             2266                1
     0.0031862392    6.2921528e-05      0.014123575      0.005044309    -0.0061816992    -0.0073212651    9.1093825e-31   -1.6021766e-19    -9.156439e-20    3.5004216e-19             2106                1
    -0.0052082799    6.4278115e-06     0.0068613687     0.0023777401    -0.0027290119      0.002195596    9.1093825e-31   -1.6021766e-19    -9.156439e-20    3.5004216e-19              982                0
      0.001574682    2.8977931e-05     0.0025147512   -0.00058775092     0.0064677019    -0.0037683407    9.1093825e-31   -1.6021766e-19    -9.156439e-20    3.5004216e-19             2207                1
    0.00090472394    5.6092322e-06     0.0078529529     0.0053875158     0.0025353644    0.00064748386    9.1093825e-31   -1.6021766e-19    -9.156439e-20    3.5004216e-19             2259                1
    -0.0025714987    3.2802425e-05     0.0061337682     0.0013174345    -0.0031968921    0.00040753858    9.1093825e-31   -1.6021766e-19    -9.156439e-20    3.5004216e-19              485                0
   -0.00087351637    1.4422304e-18     0.0058397842   -0.00044325663     -0.010235734     0.0051671006    9.1093825e-31   -1.6021766e-19    -9.156439e-20    3.5004216e-19             2133                1
     0.0033579043    1.4832422e-06   -0.00094932888   -0.00030101187     0.0021066149    0.00027065846    9.1093825e-31   -1.6021766e-19    -9.156439e-20    3.5004216e-19             2276                1
     0.0058528157    4.7369472e-06    -0.0049729832    -0.0012915176   -0.00064528571    -0.0021879561    9.1093825e-31   -1.6021766e-19    -9.156439e-20    3.5004216e-19             1641                1
    -0.0010837311    1.6496664e-05      0.005921327     0.0033754075     0.0081412541     0.0021031077    9.1093825e-31   -1.6021766e-19    -9.156439e-20    3.5004216e-19             2261                1
     0.0042163427     8.862219e-05     -0.014811283     0.0011175567    -0.0060100663     0.0029714413    9.1093825e-31   -1.6021766e-19    -9.156439e-20    3.5004216e-19             2263                1
    -0.0055051162    7.2656017e-05     -0.014251151   -0.00025197185     0.0071644811   -0.00077449059    9.1093825e-31   -1.6021766e-19    -9.156439e-20    3.5004216e-19             2140                1
    5.2738636e-05    2.1633587e-05    -0.0011353747     0.0015393518     0.0048710858     0.0014099086    9.1093825e-31   -1.6021766e-19    -9.156439e-20    3.5004216e-19             2164                1
     0.0012457256    1.0941411e-05      0.011403427    -0.0043871207     0.0028339336     0.0017167601    9.1093825e-31   -1.6021766e-19    -9.156439e-20    3.5004216e-19             2240                1
   -0.00036725795     2.076567e-05    0.00034278265   -0.00097896939     0.0025460012     0.0007367981    9.1093825e-31   -1.6021766e-19    -9.156439e-20    3.5004216e-19             2070                1
   -0.00063404412    8.8742505e-05    -0.0082275635     0.0068508331    -0.0026628969   -0.00017163587    9.1093825e-31   -1.6021766e-19    -9.156439e-20    3.5004216e-19             2234                1
    -0.0037829212    2.1060165e-05      0.011560928    -0.0011017899     0.0042977771     0.0013569188    9.1093825e-31   -1.6021766e-19    -9.156439e-20    3.5004216e-19             2221                1
     0.0014770534    8.7922206e-05    -0.0089278789   -0.00078283215      0.010378749     0.0001083683    9.1093825e-31   -1.6021766e-19    -9.156439e-20    3.5004216e-19             2098                1
    -0.0029358636    5.9821814e-05     -0.014460343   -9.9379195e-06     0.0024741306    -0.0013808052    9.1093825e-31   -1.6021766e-19    -9.156439e-20    3.5004216e-19              422                0
    -0.0017006092    9.7617419e-07      0.010649905    -0.0025676303     0.0049173427    -0.0067575914    9.1093825e-31   -1.6021766e-19    -9.156439e-20    3.5004216e-19             2279                1
     0.0018535466    6.4431937e-05      0.011975504    -0.0015357471     -0.007974037    -0.0012823283    9.1093825e-31   -1.6021766e-19    -9.156439e-20    3.5004216e-19             2199                1
     -0.003970061    3.4789973e-05      0.011603842    -0.0017234468     -0.010567502    -0.0039673769    9.1093825e-31   -1.6021766e-19    -9.156439e-20    3.5004216e-19             2179                1
    -0.0042542033    6.7236542e-05       0.01033657    -0.0028699043    -0.0022361334     0.0010089114    9.1093825e-31   -1.6021766e-19    -9.156439e-20    3.5004216e-19              687                0
   -0.00042289609    7.9405982e-05    0.00032013218    -0.0048276451     0.0066129509   -0.00082710938    9.1093825e-31   -1.6021766e-19    -9.156439e-20    3.5004216e-19             2071                1
   -0.00059120171    8.2693121e-05    -0.0082615325     0.0040337681    -0.0035152272     0.0022102126    9.1093825e-31   -1.6021766e-19    -9.156439e-20    3.5004216e-19             2230                1
     0.0016146152    2.6323551e-05     0.0036338326    -0.0018892364    -0.0063130711    -0.0025965734    9.1093825e-31   -1.6021766e-19    -9.156439e-20    3.5004216e-19             2107                1
     0.0053559938    4.6527282e-05     0.0033091488     0.0002194994    -0.0016343744   -0.00070456043    9.1093825e-31   -1.6021766e-19    -9.156439e-20    3.5004216e-19              581                0
     0.0041539329    8.8959277e-05    -0.0087215211   -0.00056657568      0.010373744    -0.0010156708    9.1093825e-31   -1.6021766e-19    -9.156439e-20    3.5004216e-19             2132                1
    -0.0025470576    8.6497399e-05    0.00067824492     0.0052270545     0.0020391231    -0.0046027289    9.1093825e-31   -1.6021766e-19    -9.156439e-20    3.5004216e-19             1768                1
     0.0013946001    4.7036618e-05     0.0016894105    -0.0001010162    -0.0013291429     -0.001636126    9.1093825e-31   -1.6021766e-19    -9.156439e-20    3.5004216e-19              641                0
    -0.0010391439    1.2145487e-05     0.0060611484     0.0029787533     0.0041533946   -0.00090293703    9.1093825e-31   -1.6021766e-19    -9.156439e-20    3.5004216e-19             2242                1
    -0.0027268415    1.1476101e-05     0.0069885971     0.0010449886    -0.0092977704   -0.00010247937    9.1093825e-31   -1.6021766e-19    -9.156439e-20    3.5004216e-19             2118                1
    -0.0012223499    1.3472242e-05     0.0055568651    1.1658666e-05      0.005318481    7.8655677e-05    9.1093825e-31   -1.6021766e-19    -9.156439e-20    3.5004216e-19             2247                1
    -0.0069436668    1.8914412e-05     -0.014226063    -0.0018059331    0.00075579359   -0.00014492772    9.1093825e-31   -1.6021766e-19    -9.156439e-20    3.5004216e-19              394                0
      0.003334864    5.4080563e-05     0.0079415543     0.0011585568    -0.0065856432     0.0029536809    9.1093825e-31   -1.6021766e-19    -9.156439e-20    3.5004216e-19             2165                1
    -0.0067713675    1.9069232e-05     0.0026137738   -0.00039136375     0.0041633942   -5.1537991e-05    9.1093825e-31   -1.6021766e-19    -9.156439e-20    3.5004216e-19             2211                1
     -0.002929169    7.6163073e-05     -0.010506079     0.0032726831     0.0077772518    -0.0031748528    9.1093825e-31   -1.6021766e-19    -9.156439e-20    3.5004216e-19             2002                1
    -0.0024792212    5.3343811e-05    -0.0021492809     0.0011314232     0.0071100397   -0.00024971826    9.1093825e-31   -1.6021766e-19    -9.156439e-20    3.5004216e-19             2130                1
     0.0093821175    6.3584375e-05    -0.0042392551    0.00046806701    -6.335826e-05     0.0016113858    9.1093825e-31   -1.6021766e-19    -9.156439e-20    3.5004216e-19              821                0
     0.0044396194    4.7487545e-05    -0.0019521069     -0.007592028     0.0061965156     0.0038098379    9.1093825e-31   -1.6021766e-19    -9.156439e-20    3.5004216e-19             2137                1
   -4.3098607e-05    2.2649458e-05      0.013821382   -3.2636395e-05     0.0072457264    0.00044870804    9.1093825e-31   -1.6021766e-19    -9.156439e-20    3.5004216e-19             2245                1
     -0.003002173    8.5403051e-05     -0.010352802    -0.0043375008    -0.0054277005     0.0011112659    9.1093825e-31   -1.6021766e-19    -9.156439e-20    3.5004216e-19             2250                1
     0.0016243225    3.8415659e-05     0.0073743616    0.00025412138     0.0064731338   -0.00053926831    9.1093825e-31   -1.6021766e-19    -9.156439e-20    3.5004216e-19             2203                1
     0.0001518285    2.0686139e-05     -0.001130768      0.001607368     0.0047764881     0.0048003541    9.1093825e-31   -1.6021766e-19    -9.156439e-20    3.5004216e-19             2166                1
    -0.0091882451    1.2705331e-05       0.01219449    0.00080115732   -0.00095008704   -0.00012288333    9.1093825e-31   -1.6021766e-19    -9.156439e-20    3.5004216e-19              938                0
     0.0016019248    1.6903405e-05     0.0073710266    -0.0037844258     0.0025915005    -0.0011396124    9.1093825e-31   -1.6021766e-19    -9.156439e-20    3.5004216e-19             2202                1
     0.0015735077    6.4113032e-05      -0.01293753    -0.0021002935      -0.00933675    0.00017532197    9.1093825e-31   -1.6021766e-19    -9.156439e-20    3.5004216e-19             2228                1
     0.0013327146    9.1904676e-06      0.011345555   -0.00035292169     0.0069007599    0.00022257128    9.1093825e-31   -1.6021766e-19    -9.156439e-20    3.5004216e-19             2268                1
   -0.00078345987    4.9850951e-05     -0.002803029    -0.0053536249     0.0097824102       0.00186374    9.1093825e-31   -1.6021766e-19    -9.156439e-20    3.5004216e-19             2189                1
    -0.0083855959    7.5035828e-06     0.0084990105    0.00072921743   -0.00078503572   -0.00013091389    9.1093825e-31   -1.6021766e-19    -9.156439e-20    3.5004216e-19               58                0
     0.0090369936    2.8861088e-05     -0.012641493     0.0013679358     0.0023582336    -0.0021544036    9.1093825e-31   -1.6021766e-19    -9.156439e-20    3.5004216e-19             2078                1
    -0.0011812096    2.6598258e-05     0.0066372547    0.00056946639    -0.0071599805     0.0021037094    9.1093825e-31   -1.6021766e-19    -9.156439e-20    3.5004216e-19             1979                1
     0.0041279583    4.4869634e-05     0.0011247931    -0.0015624076    -0.0013011678    -0.0015100221    9.1093825e-31   -1.6021766e-19    -9.156439e-20    3.5004216e-19              118                0
     0.0063191396    9.2891205e-05     -0.011450088     0.0020798009     0.0020575067    0.00039906055    9.1093825e-31   -1.6021766e-19    -9.156439e-20    3.5004216e-19               51                0
    -0.0094373748    2.6856602e-05    -0.0036421418     0.0005249863    0.00032611948    0.00042815611    9.1093825e-31   -1.6021766e-19    -9.156439e-20    3.5004216e-19              158                0
     0.0033315474    6.3745603e-05    -0.0075015393     0.0028446922    -0.0072352667    0.00094110554    9.1093825e-31   -1.6021766e-19    -9.156439e-20    3.5004216e-19             2219                1
   -0.00073100411    9.1285117e-05    -0.0027329908     0.0056669395    -0.0025951997     0.0061859027    9.1093825e-31   -1.6021766e-19    -9.156439e-20    3.5004216e-19             2252                1
    0.00038804213    3.6385376e-05    -0.0038245451     0.0017806039     0.0088032028     0.0049314275    9.1093825e-31   -1.6021766e-19    -9.156439e-20    3.5004216e-19             2205                1
     0.0016152456    9.6426746e-05     -0.012981475     0.0023607691     0.0084580909    -0.0043569794    9.1093825e-31   -1.6021766e-19    -9.156439e-20    3.5004216e-19             1997                1
     0.0068847421    5.6735804e-05     -0.013573101   -0.00047445382     0.0016499211    0.00094262423    9.1093825e-31   -1.6021766e-19    -9.156439e-20    3.5004216e-19              213                0
    0.00090150681    1.6870577e-05     0.0078388099     0.0039100689     0.0077071455    -0.0058461828    9.1093825e-31   -1.6021766e-19    -9.156439e-20    3.5004216e-19             2260                1
    -0.0028254092    4.9327926e-05    -0.0069437129     0.0036470767     0.0078182556     0.0041825054    9.1093825e-31   -1.6021766e-19    -9.156439e-20    3.5004216e-19             2149                1
    -0.0060833916    8.8234141e-05    -0.0030494062      0.002141472     0.0010280892   -0.00071904354    9.1093825e-31   -1.6021766e-19    -9.156439e-20    3.5004216e-19              318                0
    -0.0091434987    8.7216795e-05    -0.0043470291    -0.0027731739    0.00055311335    0.00050321827    9.1093825e-31   -1.6021766e-19    -9.156439e-20    3.5004216e-19              723                0
     0.0022739139    1.0914378e-05   -2.9334555e-05    -0.0049792198     0.0042560757    -0.0024859605    9.1093825e-31   -1.6021766e-19    -9.156439e-20    3.5004216e-19             2232                1
     0.0023999924    6.2181636e-05    -0.0092745861    -0.0015818938     0.0093537904   -0.00017151047    9.1093825e-31   -1.6021766e-19    -9.156439e-20    3.5004216e-19             2167                1
     0.0019255617    8.0008744e-05     -0.012619971     0.0048551015    -0.0036645797    -0.0019335137    9.1093825e-31   -1.6021766e-19    -9.156439e-20    3.5004216e-19             2212                1
     0.0023390488    5.6982644e-05   -5.4164484e-05     0.0013662279     0.0075810649   -0.00049636135    9.1093825e-31   -1.6021766e-19    -9.156439e-20    3.5004216e-19             2154                1
     0.0058643273    2.2754921e-06     0.0030106786     -0.000444679     0.0020929927     0.0001299296    9.1093825e-31   -1.6021766e-19    -9.156439e-20    3.5004216e-19             2271                1
     0.0018622836    3.4587483e-05    -0.0019583199   -0.00086114905     0.0066443146    -0.0027341505    9.1093825e-31   -1.6021766e-19    -9.156439e-20    3.5004216e-19             2174                1
    -0.0089402758    6.5281397e-06      0.013758501     0.0013386736   -0.00043681852   -0.00050238258    9.1093825e-31   -1.6021766e-19    -9.156439e-20    3.5004216e-19              503                0
     0.0011794034    6.0457656e-05    -0.0092382785   -0.00083543884     0.0086851958     0.0029487899    9.1093825e-31   -1.6021766e-19    -9.156439e-20    3.5004216e-19             2144                1
     -0.008893935    7.9299592e-05    -0.0012314979    0.00077609729    0.00053871912    -0.0017876516    9.1093825e-31   -1.6021766e-19    -9.156439e-20    3.5004216e-19              518                0
     0.0016422229      1.73059e-05     0.0073016337   -0.00019979695    -0.0083392998      0.005259247    9.1093825e-31   -1.6021766e-19    -9.156439e-20    3.5004216e-19             2022                1
     0.0032951345    6.7193963e-05     0.0079486147   -0.00073792617    -0.0027885067   -0.00054064603    9.1093825e-31   -1.6021766e-19    -9.156439e-20    3.5004216e-19              903                0
    -0.0085102059    3.8857721e-05      0.010148644    0.00099861028   -0.00034740462     0.0007163391    9.1093825e-31   -1.6021766e-19    -9.156439e-20    3.5004216e-19              578                0
   -0.00083104405    6.2383318e-05    -0.0084701907      0.001648552     0.0088676978    -0.0042647836    9.1093825e-31   -1.6021766e-19    -9.156439e-20    3.5004216e-19             2127                1
     0.0082234014     3.259024e-05     0.0096041039     0.0017301387   -0.00066615717    0.00014761984    9.1093825e-31   -1.6021766e-19    -9.156439e-20    3.5004216e-19              618                0
    0.00073828641     3.015348e-05    -0.0040537431    0.00088559312     0.0055614831     0.0013169324    9.1093825e-31   -1.6021766e-19    -9.156439e-20    3.5004216e-19             2072                1
    -0.0073572514    6.5651916e-06    -0.0089651393     0.0022046452    0.00099518429    -0.0001756647    9.1093825e-31   -1.6021766e-19    -9.156439e-20    3.5004216e-19              725                0
    -0.0015995816    1.6573043e-06       0.01067128     -0.002871884     -0.011877305     -0.001454059    9.1093825e-31   -1.6021766e-19    -9.156439e-20    3.5004216e-19             2134                1
    -0.0011604981    8.9130153e-05    -0.0041670306     0.0012089539     0.0098092444    -0.0015763466    9.1093825e-31   -1.6021766e-19    -9.156439e-20    3.5004216e-19             2079                1
     -0.004273159    7.5950578e-05     -0.012209176   -0.00065906066    -0.0042958828     0.0014095077    9.1093825e-31   -1.6021766e-19    -9.156439e-20    3.5004216e-19             2208                1
     0.0017971472    1.2448722e-05      0.012153429    0.00075014029     -0.011476553     0.0064561004    9.1093825e-31   -1.6021766e-19    -9.156439e-20    3.5004216e-19             2146                1
     0.0011801728    8.1151353e-05     -0.006723084    0.00043136886     0.0050058821    -0.0028923929    9.1093825e-31   -1.6021766e-19    -9.156439e-20    3.5004216e-19             1814                1
    -0.0011909499    1.6503451e-05     0.0066018216     0.0025161633    -0.0080911936    -0.0023581693    9.1093825e-31   -1.6021766e-19    -9.156439e-20    3.5004216e-19             2011                1
     0.0016562304    4.9972776e-05      0.010609154    -0.0089601744    -0.0070331888    -0.0031489723    9.1093825e-31   -1.6021766e-19    -9.156439e-20    3.5004216e-19             2023                1
   -0.00018995591    2.0619929e-05     0.0034971919     0.0012076006     0.0071704551      -0.00534361    9.1093825e-31   -1.6021766e-19    -9.156439e-20    3.5004216e-19             2235                1
    -0.0066694603    2.9978346e-05     0.0050644977    -0.0004468897    -0.0014590194      0.001069481    9.1093825e-31   -1.6021766e-19    -9.156439e-20    3.5004216e-19              573                0
     0.0066269082    8.0505284e-05     -0.011507921   -0.00014181675     0.0020956257    0.00042461042    9.1093825e-31   -1.6021766e-19    -9.156439e-20    3.5004216e-19              274                0
     0.0009644489    7.4614887e-05     0.0026198905    -0.0047517624    -0.0019115094     0.0037578219    9.1093825e-31   -1.6021766e-19    -9.156439e-20    3.5004216e-19             2162                1
     0.0042039459    5.4140968e-05    -0.0087266425    -0.0066051744     0.0070594931    -0.0066868439    9.1093825e-31   -1.6021766e-19    -9.156439e-20    3.5004216e-19             2095                1
   -5.5081306e-05    2.5871423e-05     0.0043037129     0.0034198249     0.0051262802    -0.0015656587    9.1093825e-31   -1.6021766e-19    -9.156439e-20    3.5004216e-19             2200                1
    -0.0060915011    1.8484847e-05    -0.0026601914     0.0063938079     0.0037700881     0.0006381977    9.1093825e-31   -1.6021766e-19    -9.156439e-20    3.5004216e-19             2177                1
     0.0019617646    2.4883015e-05      0.012116082     0.0078405673    -0.0092067793     0.0072080106    9.1093825e-31   -1.6021766e-19    -9.156439e-20    3.5004216e-19             2073                1
    0.00046122517    2.2785767e-05    0.00026436872    0.00015598156     0.0070456062     0.0012046752    9.1093825e-31   -1.6021766e-19    -9.156439e-20    3.5004216e-19             2225                1
    -0.0063042492    2.8273715e-05     0.0054216967   -0.00082954235    -0.0016533858    -0.0027874683    9.1093825e-31   -1.6021766e-19    -9.156439e-20    3.5004216e-19              985                0
   -0.00098512624     1.621967e-05     0.0056058723    0.00085216726     0.0021655143   -0.00033401905    9.1093825e-31   -1.6021766e-19    -9.156439e-20    3.5004216e-19             2185                1
     0.0076454221    6.6586086e-05    0.00066648214   -0.00055879389   -0.00036108171     0.0012065975    9.1093825e-31   -1.6021766e-19    -9.156439e-20    3.5004216e-19              614                0
   -0.00095099042    8.3815736e-05    -0.0058761607     0.0025012549      0.011423683     0.0026189508    9.1093825e-31   -1.6021766e-19    -9.156439e-20    3.5004216e-19             2148                1
    -0.0007930366    1.7806497e-05    -0.0083913282     0.0034891602     0.0047590625     0.0004026056    9.1093825e-31   -1.6021766e-19    -9.156439e-20    3.5004216e-19             2204                1
    9.3224378e-05    5.1566061e-05     -0.013348457   -7.9080586e-05     0.0029908582    0.00029464153    9.1093825e-31   -1.6021766e-19    -9.156439e-20    3.5004216e-19               79                0
   -0.00069175998    9.4878364e-05     -0.008264049    -0.0013687818      0.011561946     0.0013566548    9.1093825e-31   -1.6021766e-19    -9.156439e-20    3.5004216e-19             2124                1
    -0.0024526434     3.079321e-05    -0.0021145958     0.0046573118      0.005300987     0.0032227701    9.1093825e-31   -1.6021766e-19    -9.156439e-20    3.5004216e-19             2136                1
     0.0081758993    1.8695768e-05     -0.013378027   -0.00015033506      0.001688138    0.00082654366    9.1093825e-31   -1.6021766e-19    -9.156439e-20    3.5004216e-19             1982                1
     0.0017396573       2.4433e-05      0.012067148    -0.0059294142      0.010172794    -0.0036351362    9.1093825e-31   -1.6021766e-19    -9.156439e-20    3.5004216e-19             2256                1
   -0.00084984681    7.0514466e-06     0.0068581677      0.010489678     0.0011004839    -0.0007594924    9.1093825e-31   -1.6021766e-19    -9.156439e-20    3.5004216e-19             2209                1
     0.0004230499    2.6850093e-05    0.00020718086     0.0013993963     0.0070491955     0.0025639723    9.1093825e-31   -1.6021766e-19    -9.156439e-20    3.5004216e-19             2216                1
      0.007654164    7.9622841e-05     0.0052609765    -0.0010210858   -0.00079205993     0.0030265714    9.1093825e-31   -1.6021766e-19    -9.156439e-20    3.5004216e-19              219                0
    -0.0043097395    9.4314426e-05    -0.0073088384     0.0020717923    -0.0013828157     0.0011050701    9.1093825e-31   -1.6021766e-19    -9.156439e-20    3.5004216e-19             2244                1
     0.0011758428    6.6130215e-06      0.013614831    -0.0014637917     -0.010835342   -0.00032726396    9.1093825e-31   -1.6021766e-19    -9.156439e-20    3.5004216e-19             2097                1
    -0.0029738597    5.5383671e-06    0.00013542881    -0.0029494124   -0.00076799531    -0.0029539876    9.1093825e-31   -1.6021766e-19    -9.156439e-20    3.5004216e-19              303                0
     0.0012325771    5.7620109e-06      0.011390177    -0.0022759547     -0.011257458    -0.0017926191    9.1093825e-31   -1.6021766e-19    -9.156439e-20    3.5004216e-19             2115                1
    -0.0082022985    4.8173843e-05    -0.0084666181    7.9905149e-05    -0.0010965624    -0.0021891342    9.1093825e-31   -1.6021766e-19    -9.156439e-20    3.5004216e-19             1848                1
    0.00022926545    3.5565299e-05      0.012460086    -0.0032387592    -0.0082157059    -0.0020976644    9.1093825e-31   -1.6021766e-19    -9.156439e-20    3.5004216e-19             2044                1
    -0.0091703087    5.0748618e-05     0.0022086008    -0.0022349581    0.00021658013    -0.0018363202    9.1093825e-31   -1.6021766e-19    -9.156439e-20    3.5004216e-19              978                0
    -0.0031399387     3.398309e-06     0.0023812382     -0.001063071    -0.0017060562     0.0022451782    9.1093825e-31   -1.6021766e-19    -9.156439e-20    3.5004216e-19              512                0
     0.0010947727    2.4565064e-05     0.0060315845    0.00060071843     0.0082061803   -0.00055982132    9.1093825e-31   -1.6021766e-19    -9.156439e-20    3.5004216e-19             2236                1
     0.0018386212    1.7382588e-05      0.010546534    0.00059850793      0.005079451   -4.8092355e-05    9.1093825e-31   -1.6021766e-19    -9.156439e-20    3.5004216e-19             2237                1
     0.0013750776    9.9428304e-05    -0.0088655101     0.0064574447    -0.0057749795     0.0033797214    9.1093825e-31   -1.6021766e-19    -9.156439e-20    3.5004216e-19             2280                1
     0.0013750006    9.9125595e-05    -0.0088654114     0.0056802705    -0.0088329613     0.0043732082    9.1093825e-31   -1.6021766e-19    -9.156439e-20    3.5004216e-19             2281                1
      0.004148799    9.9375466e-05     -0.011635715    -0.0006395852    -0.0063086106    -0.0016486424    9.1093825e-31   -1.6021766e-19    -9.156439e-20    3.5004216e-19             2282                1
