%  ASCII export : 
%
%  Momentum is normalized to the product of particle's mass and speed of light.
%  All other quantities are in SI units.
%
%            posX             posY             posZ             momX             momY             momZ             mass           charge     macro-charge             time       particleID         sourceID

     0.0023821236    9.2602022e-05    -0.0091878725    -0.0023464914     -0.002546794     0.0032469176    9.1093825e-31   -1.6021766e-19    -9.156439e-20    5.5016057e-19             3300                1
   -0.00035637192    5.5627308e-05    -0.0082753664     0.0023027179    -0.0038487304    -0.0027112563    9.1093825e-31   -1.6021766e-19    -9.156439e-20    5.5016057e-19             3149                1
     0.0019139011    8.1014899e-05      0.010500221    0.00072136009     -0.001253119      0.002475925    9.1093825e-31   -1.6021766e-19    -9.156439e-20    5.5016057e-19             3188                1
    -0.0028795248    3.9945713e-05      -0.01048015     0.0037139996    -0.0082006305    -0.0073567689    9.1093825e-31   -1.6021766e-19    -9.156439e-20    5.5016057e-19             3198                1
     -0.002478889    9.3186252e-05    -0.0020247502    -0.0011019949    0.00028273687     0.0017968697    9.1093825e-31   -1.6021766e-19    -9.156439e-20    5.5016057e-19             3253                1
     0.0015275357    6.3696287e-05     -0.012950893    -0.0012257713     -0.007450249    0.00028403237    9.1093825e-31   -1.6021766e-19    -9.156439e-20    5.5016057e-19             3239                1
     0.0024277207    5.8462731e-05     -0.009186591    0.00043906298     -0.008264116    3.1352465e-05    9.1093825e-31   -1.6021766e-19    -9.156439e-20    5.5016057e-19             3266                1
   -0.00063556951    5.3278567e-05     -0.012238319    0.00042317048     0.0001206929     -0.001185202    9.1093825e-31   -1.6021766e-19    -9.156439e-20    5.5016057e-19               55                0
   -0.00099896814    8.5185413e-05     0.0059063174     0.0031189495      0.010579189     0.0045262272    9.1093825e-31   -1.6021766e-19    -9.156439e-20    5.5016057e-19             3160                1
    0.00027686128    8.9450725e-05    0.00017269328     0.0023758691     -0.010457167     0.0034510766    9.1093825e-31   -1.6021766e-19    -9.156439e-20    5.5016057e-19             3390                1
     0.0044009318    1.6799329e-05     0.0052460446   -0.00053796888    0.00045029446   -0.00038503183    9.1093825e-31   -1.6021766e-19    -9.156439e-20    5.5016057e-19              154                0
     0.0066451076     8.271687e-05     -0.013276501     0.0014464268   -1.9236244e-05     0.0013945379    9.1093825e-31   -1.6021766e-19    -9.156439e-20    5.5016057e-19              488                0
    -0.0025222797    5.1646603e-05     -0.014789543    -0.0012360547    -0.0011486412    0.00063553231    9.1093825e-31   -1.6021766e-19    -9.156439e-20    5.5016057e-19               27                0
    0.00027758587    7.3609539e-05      0.012335208    -0.0035017214      0.011844528      0.003760763    9.1093825e-31   -1.6021766e-19    -9.156439e-20    5.5016057e-19             3256                1
   -9.7962613e-05    5.2689607e-05      0.013784174    -0.0042776517     0.0069638179    -0.0011994963    9.1093825e-31   -1.6021766e-19    -9.156439e-20    5.5016057e-19             3228                1
    -0.0010043492    3.2919914e-05     0.0058469358     0.0016495959     0.0072214575    0.00043338805    9.1093825e-31   -1.6021766e-19    -9.156439e-20    5.5016057e-19             3245                1
    -0.0022846975    9.4369985e-05     0.0029110007     0.0019483746    -0.0012365796      0.001465807    9.1093825e-31   -1.6021766e-19    -9.156439e-20    5.5016057e-19             3354                1
     0.0011580414    2.5875019e-05    -0.0095865689    0.00016828424    -0.0089559527    7.8008103e-05    9.1093825e-31   -1.6021766e-19    -9.156439e-20    5.5016057e-19             3193                1
       0.00123724     3.281211e-05      0.011460696   -0.00098723371     0.0045031714   -0.00049944402    9.1093825e-31   -1.6021766e-19    -9.156439e-20    5.5016057e-19             3205                1
     0.0010769701     3.276089e-05     0.0077450611     0.0051868199      0.005298527    -0.0060445415    9.1093825e-31   -1.6021766e-19    -9.156439e-20    5.5016057e-19             3174                1
     0.0048161587    9.8123928e-05    -0.0035212871   -0.00097173348     -0.003793871   -0.00019947445    9.1093825e-31   -1.6021766e-19    -9.156439e-20    5.5016057e-19             3403                1
    -0.0024909254    9.2237868e-05    -0.0020724908     0.0018139675    -0.0031469504    0.00021086016    9.1093825e-31   -1.6021766e-19    -9.156439e-20    5.5016057e-19             3362                1
    -0.0051380512    4.1860105e-05      0.008923688     0.0014459342    -0.0010401697   -0.00043902756    9.1093825e-31   -1.6021766e-19    -9.156439e-20    5.5016057e-19              355                0
     0.0076183658    2.3075772e-05     -0.011849431   -0.00081083353     -0.000123302    0.00070906291    9.1093825e-31   -1.6021766e-19    -9.156439e-20    5.5016057e-19              451                0
     0.0011647501    3.0969692e-05        0.0113966    -0.0060741534      0.003508151    0.00089763227    9.1093825e-31   -1.6021766e-19    -9.156439e-20    5.5016057e-19             3184                1
    -0.0064289379    2.8347233e-05    -0.0019691964   -0.00014672507        0.0015838    0.00093396433    9.1093825e-31   -1.6021766e-19    -9.156439e-20    5.5016057e-19               32                0
   -0.00091826339    9.0453083e-05    -0.0058552595    0.00025544752    -0.0062163691    -0.0049395929    9.1093825e-31   -1.6021766e-19    -9.156439e-20    5.5016057e-19             3381                1
     0.0081564672    2.1237929e-05    0.00059788889    -0.0016461028    0.00052373559   -0.00062178186    9.1093825e-31   -1.6021766e-19    -9.156439e-20    5.5016057e-19              455                0
     0.0013516505    6.5367101e-05     0.0023918059    6.4671251e-05      0.009097633    -0.0014533269    9.1093825e-31   -1.6021766e-19    -9.156439e-20    5.5016057e-19             3140                1
     0.0015581821    7.5116885e-05    -0.0052140635    0.00094732823    -0.0065163281    7.0715272e-05    9.1093825e-31   -1.6021766e-19    -9.156439e-20    5.5016057e-19             3326                1
    -0.0053091086    5.3284683e-05      0.013668088    0.00035159077     0.0065411921    -0.0024441406    9.1093825e-31   -1.6021766e-19    -9.156439e-20    5.5016057e-19             3213                1
   -0.00092530734    3.4696972e-05     0.0060803979     0.0044890353     0.0061717071     0.0061091986    9.1093825e-31   -1.6021766e-19    -9.156439e-20    5.5016057e-19             3177                1
    1.8876204e-05    8.6116743e-05    -0.0013791793   -6.8229815e-06    -0.0041299751   -1.3622688e-05    9.1093825e-31   -1.6021766e-19    -9.156439e-20    5.5016057e-19             3344                1
    -0.0015890342    9.1182133e-05     -0.011241757     -0.002207879    -0.0046338784   -0.00033698705    9.1093825e-31   -1.6021766e-19    -9.156439e-20    5.5016057e-19             3364                1
     0.0013814634    9.7429067e-05     -0.012961251    0.00094699167    -0.0025876421    -0.0022161261    9.1093825e-31   -1.6021766e-19    -9.156439e-20    5.5016057e-19             3385                1
     0.0011070004     8.062501e-05     0.0057803881     0.0019680185      0.011132257     0.0036030826    9.1093825e-31   -1.6021766e-19    -9.156439e-20    5.5016057e-19             3186                1
    -0.0040697297    7.8681085e-05    -0.0096811131   -0.00032875352    -0.0069003422    -0.0012400722    9.1093825e-31   -1.6021766e-19    -9.156439e-20    5.5016057e-19             3335                1
    0.00081012922    2.5443251e-05     0.0097287614     0.0026493785     0.0060021011   -5.6090998e-05    9.1093825e-31   -1.6021766e-19    -9.156439e-20    5.5016057e-19             3278                1
     -0.003399414    7.1746595e-05    -0.0098898327    -0.0031011933    -0.0058176271     0.0030111915    9.1093825e-31   -1.6021766e-19    -9.156439e-20    5.5016057e-19             3263                1
    -0.0064421357    1.2312315e-05     0.0038255432     0.0030608785    0.00062198995    -0.0015923074    9.1093825e-31   -1.6021766e-19    -9.156439e-20    5.5016057e-19              695                0
   -0.00098367373    4.0280949e-05     0.0060802936     0.0043731607     0.0062129246    -0.0022154474    9.1093825e-31   -1.6021766e-19    -9.156439e-20    5.5016057e-19             3150                1
    -0.0029359895     9.168539e-05     -0.010304702     0.0047855289    -0.0030442821      0.004408414    9.1093825e-31   -1.6021766e-19    -9.156439e-20    5.5016057e-19             3315                1
     0.0067158649    8.5613035e-05    -0.0075006904       0.00227072     0.0016213463     0.0016492348    9.1093825e-31   -1.6021766e-19    -9.156439e-20    5.5016057e-19                4                0
     0.0010501546    2.0947007e-05     0.0077907662     0.0025052316     0.0040986175    -0.0014750378    9.1093825e-31   -1.6021766e-19    -9.156439e-20    5.5016057e-19             3175                1
     -0.001589987    8.6477259e-05     -0.012445298   -0.00015808297     0.0035785025    -0.0021495435    9.1093825e-31   -1.6021766e-19    -9.156439e-20    5.5016057e-19             2877                1
     0.0022315311    9.4949712e-05   -0.00012626909    -0.0040061325    -0.0024766179     0.0012389051    9.1093825e-31   -1.6021766e-19    -9.156439e-20    5.5016057e-19             3376                1
     0.0015382228    8.9702844e-05    -0.0052258018    -0.0042212205    -0.0027391606    -0.0029697006    9.1093825e-31   -1.6021766e-19    -9.156439e-20    5.5016057e-19             3327                1
     0.0033776565    2.2395074e-05       0.01266636   -0.00075144431     0.0060368567     0.0012781728    9.1093825e-31   -1.6021766e-19    -9.156439e-20    5.5016057e-19             3322                1
     0.0011400289    4.8567581e-05     0.0058600935     0.0046099289      0.010255773   -0.00036760813    9.1093825e-31   -1.6021766e-19    -9.156439e-20    5.5016057e-19             3264                1
    -0.0010079166    9.3483126e-05    -0.0059008524     0.0014606424    -0.0011752661     0.0032107383    9.1093825e-31   -1.6021766e-19    -9.156439e-20    5.5016057e-19             3267                1
    -0.0015237832    8.3488383e-05    -0.0066572656     0.0038583032    -0.0046732011     0.0022135803    9.1093825e-31   -1.6021766e-19    -9.156439e-20    5.5016057e-19             3325                1
     0.0060528656    2.1911286e-05     0.0048732557    -0.0010794241    0.00056462898    0.00066341413    9.1093825e-31   -1.6021766e-19    -9.156439e-20    5.5016057e-19              751                0
     0.0024840967     3.208769e-05   -9.3162926e-05   -0.00028250852     0.0067810956     0.0053512538    9.1093825e-31   -1.6021766e-19    -9.156439e-20    5.5016057e-19             3254                1
     0.0013849913    4.0353894e-05      0.011405312    -0.0051631527     0.0098038828     0.0010657889    9.1093825e-31   -1.6021766e-19    -9.156439e-20    5.5016057e-19             3310                1
   -0.00085948192     5.141415e-05    -0.0028828545      3.24709e-05     0.0067973174   -0.00029928322    9.1093825e-31   -1.6021766e-19    -9.156439e-20    5.5016057e-19             2996                1
    -0.0074542575    6.4108775e-05    -0.0072334926    -0.0011843031    0.00078636606    -0.0026720758    9.1093825e-31   -1.6021766e-19    -9.156439e-20    5.5016057e-19              532                0
    -0.0008977697    7.7325312e-05    -0.0027363601    -0.0059249164     0.0086206142     0.0043808515    9.1093825e-31   -1.6021766e-19    -9.156439e-20    5.5016057e-19             3058                1
     -0.002123205    6.7219975e-05     0.0062857904     0.0019270075     0.0089413738    0.00023130071    9.1093825e-31   -1.6021766e-19    -9.156439e-20    5.5016057e-19             3167                1
   -2.5554655e-05    4.6165918e-05     0.0039013908     0.0037171142     0.0080678258    0.00035183888    9.1093825e-31   -1.6021766e-19    -9.156439e-20    5.5016057e-19             3191                1
     0.0010919516    6.1226594e-05    -0.0068111829     0.0012263014    -0.0091359373      0.001814459    9.1093825e-31   -1.6021766e-19    -9.156439e-20    5.5016057e-19             3312                1
   -0.00084382854    7.5765784e-05    -0.0028064877   -9.8729703e-05      -0.00151621   -0.00069166761    9.1093825e-31   -1.6021766e-19    -9.156439e-20    5.5016057e-19             3216                1
      0.001273231    9.9994526e-05     -0.006958744     0.0087574506     0.0081526469    -0.0046544438    9.1093825e-31   -1.6021766e-19    -9.156439e-20    5.5016057e-19             3031                1
    -0.0011945248    3.5415585e-05     0.0054967771     0.0060029305     0.0062934416    -0.0018279264    9.1093825e-31   -1.6021766e-19    -9.156439e-20    5.5016057e-19             3170                1
     0.0020367091    8.6500302e-05      0.010645215    -0.0012391326   -8.2025821e-05     -0.001279061    9.1093825e-31   -1.6021766e-19    -9.156439e-20    5.5016057e-19             2471                1
     0.0047498974    2.8131995e-05    -0.0033026573    -0.0015470366     0.0042607631     0.0034829094    9.1093825e-31   -1.6021766e-19    -9.156439e-20    5.5016057e-19             2961                1
    -0.0017615705    3.0165279e-06      0.010648852    -0.0031238005     0.0022274235    -0.0044274209    9.1093825e-31   -1.6021766e-19    -9.156439e-20    5.5016057e-19             3379                1
    0.00053916971    9.4677125e-05    0.00028748228     0.0037947313    -0.0057939058    -0.0039129783    9.1093825e-31   -1.6021766e-19    -9.156439e-20    5.5016057e-19             3392                1
     -0.002962918    6.7972767e-05      -0.01032747    -0.0016888969    -0.0087537188      -0.00106355    9.1093825e-31   -1.6021766e-19    -9.156439e-20    5.5016057e-19             3316                1
    -0.0014748988     5.720531e-05    -0.0065956968   -6.2898493e-05    -0.0030715482    0.00074485532    9.1093825e-31   -1.6021766e-19    -9.156439e-20    5.5016057e-19             3162                1
    -0.0082825469     7.013006e-05      0.014708553    5.8329268e-05   -0.00038074623      0.001215649    9.1093825e-31   -1.6021766e-19    -9.156439e-20    5.5016057e-19              719                0
    -0.0091023035    2.3568546e-05     0.0024719625     -0.000667124   -0.00016516667     0.0014006257    9.1093825e-31   -1.6021766e-19    -9.156439e-20    5.5016057e-19              874                0
     -0.001087431    4.7864021e-05    -0.0039398791     0.0059533785     0.0070527773     0.0028449541    9.1093825e-31   -1.6021766e-19    -9.156439e-20    5.5016057e-19             3202                1
     0.0012323147    4.7036716e-05      0.011332258     0.0022391102     0.0078403112    -0.0017356775    9.1093825e-31   -1.6021766e-19    -9.156439e-20    5.5016057e-19             3246                1
    -0.0041647847    5.1988638e-05     0.0059805317      0.001558046      0.000284751   -0.00078441476    9.1093825e-31   -1.6021766e-19    -9.156439e-20    5.5016057e-19              628                0
     0.0033802893    2.5866009e-05      0.012667104   -8.7043118e-05     0.0069135386     0.0014663618    9.1093825e-31   -1.6021766e-19    -9.156439e-20    5.5016057e-19             3321                1
     0.0014110747    6.6007669e-05    -0.0086130425    -0.0012026755    -0.0040872167     0.0011878163    9.1093825e-31   -1.6021766e-19    -9.156439e-20    5.5016057e-19             3185                1
     0.0024091662    3.0709656e-05    -0.0092928875     0.0012323813     -0.014238892     0.0011973437    9.1093825e-31   -1.6021766e-19    -9.156439e-20    5.5016057e-19             3284                1
     0.0014506353    1.9723286e-05       0.01137521    0.00027854674     0.0044635688   -0.00056539912    9.1093825e-31   -1.6021766e-19    -9.156439e-20    5.5016057e-19             3279                1
     0.0072529959    7.0736751e-05      0.006059228   -0.00060425524    9.4546536e-05     0.0019550191    9.1093825e-31   -1.6021766e-19    -9.156439e-20    5.5016057e-19              828                0
      0.007969996    9.1694412e-05     0.0085668825     0.0012305295     0.0026432299   -0.00072511099    9.1093825e-31   -1.6021766e-19    -9.156439e-20    5.5016057e-19             2734                1
    -0.0017314526    4.5822726e-05      0.010861438   -0.00058718986    -0.0046739182    -0.0014059147    9.1093825e-31   -1.6021766e-19    -9.156439e-20    5.5016057e-19             3157                1
     0.0017207336    1.6051625e-05      0.011340431     0.0011420548     0.0050725769    -0.0047785933    9.1093825e-31   -1.6021766e-19    -9.156439e-20    5.5016057e-19             3331                1
     0.0053620124    7.4519467e-06     0.0064082989     0.0011309927   -0.00025258053   -0.00040236922    9.1093825e-31   -1.6021766e-19    -9.156439e-20    5.5016057e-19              580                0
     0.0002847646     3.591162e-05      0.012295076    -0.0023854577     0.0059969407    -0.0024777367    9.1093825e-31   -1.6021766e-19    -9.156439e-20    5.5016057e-19             3255                1
     0.0082518309    7.5137112e-05     -0.012550808    -0.0022173966    0.00043480005     0.0022222796    9.1093825e-31   -1.6021766e-19    -9.156439e-20    5.5016057e-19              586                0
    -0.0013854539    8.7903027e-05    -0.0084840795   -0.00041858965    -0.0049992413     0.0011335694    9.1093825e-31   -1.6021766e-19    -9.156439e-20    5.5016057e-19             3352                1
    -0.0049928287    6.8954738e-05    -0.0052498141     0.0010100054     0.0023726195   -0.00094524783    9.1093825e-31   -1.6021766e-19    -9.156439e-20    5.5016057e-19              660                0
    -0.0021523181    9.8068551e-05     0.0063691838    0.00096106227    -0.0021798303   -0.00029876863    9.1093825e-31   -1.6021766e-19    -9.156439e-20    5.5016057e-19             3394                1
    -0.0077348528    2.4298892e-05      0.011077136    0.00060408551   -0.00077943149     0.0015233328    9.1093825e-31   -1.6021766e-19    -9.156439e-20    5.5016057e-19              652                0
    -0.0022537045    4.6777015e-05     0.0028417434     0.0026787648       0.00706439    -0.0071174898    9.1093825e-31   -1.6021766e-19    -9.156439e-20    5.5016057e-19             3125                1
    -0.0011939079    1.1193423e-05     0.0058816774    -0.0051732198    -0.0028444615    -0.0078739915    9.1093825e-31   -1.6021766e-19    -9.156439e-20    5.5016057e-19             2855                1
   -0.00055548613    5.1486619e-05    -0.0082888315    -0.0013667835    -0.0099155288     0.0023303204    9.1093825e-31   -1.6021766e-19    -9.156439e-20    5.5016057e-19             3277                1
    -0.0015089223    6.8174311e-05    -0.0083532045    -0.0015720153    -0.0057668472     0.0036629834    9.1093825e-31   -1.6021766e-19    -9.156439e-20    5.5016057e-19             3251                1
    -0.0011990755    4.0479077e-05     0.0061044954    -0.0020443965      0.008461589    -0.0090881977    9.1093825e-31   -1.6021766e-19    -9.156439e-20    5.5016057e-19             3257                1
    -0.0030944187    8.8946646e-05    -0.0019278406    -0.0017822654    -0.0034734174    -0.0017516132    9.1093825e-31   -1.6021766e-19    -9.156439e-20    5.5016057e-19             3348                1
    -0.0010055776    8.9793713e-05    -0.0058400324    -0.0019780439    -0.0032713187     0.0038724025    9.1093825e-31   -1.6021766e-19    -9.156439e-20    5.5016057e-19             3338                1
     0.0028674998    2.9161705e-05    -0.0056390595    -0.0016986617     0.0025564951    1.3718693e-05    9.1093825e-31   -1.6021766e-19    -9.156439e-20    5.5016057e-19              860                0
     0.0019489564    3.5395991e-05     -0.012697508     0.0023552109    -0.0098440154   -0.00050864276    9.1093825e-31   -1.6021766e-19    -9.156439e-20    5.5016057e-19             3201                1
    -0.0033075351    3.9127299e-05     -0.012604163    -0.0008893265   -4.8177695e-05    -0.0015418967    9.1093825e-31   -1.6021766e-19    -9.156439e-20    5.5016057e-19              900                0
     -0.006462818    3.3701606e-05    -0.0088632591     0.0008952865     0.0010389093    -0.0013279455    9.1093825e-31   -1.6021766e-19    -9.156439e-20    5.5016057e-19              132                0
    -0.0014967846    9.8194192e-05    -0.0066044079     0.0030933935     -0.001524628     0.0040797866    9.1093825e-31   -1.6021766e-19    -9.156439e-20    5.5016057e-19             3383                1
    -0.0072429888      9.76835e-05     -0.002634333    0.00060358411     0.0019049851    0.00067928119    9.1093825e-31   -1.6021766e-19    -9.156439e-20    5.5016057e-19             1012                1
     0.0010827153    6.4136118e-05     0.0057340469    -0.0005605389     0.0094296755    -0.0012260422    9.1093825e-31   -1.6021766e-19    -9.156439e-20    5.5016057e-19             3187                1
     0.0077526444    5.3566746e-05     -0.013105751     0.0023932506     6.039879e-05    -0.0017003593    9.1093825e-31   -1.6021766e-19    -9.156439e-20    5.5016057e-19              311                0
    0.00072421611    8.3275016e-05     0.0010462641    -0.0034086646      0.010597845     -0.003569087    9.1093825e-31   -1.6021766e-19    -9.156439e-20    5.5016057e-19             3136                1
     0.0019218574    8.9359883e-06      0.012112543   -0.00056132779     0.0043321303    0.00097020791    9.1093825e-31   -1.6021766e-19    -9.156439e-20    5.5016057e-19             3361                1
     0.0014049716    6.3319596e-05    -0.0088380296   -4.4373595e-05    -0.0058827177     0.0032881785    9.1093825e-31   -1.6021766e-19    -9.156439e-20    5.5016057e-19             3225                1
    -0.0028277817    6.1670755e-05     -0.006802585   -0.00017814398    -0.0054290933     0.0019793585    9.1093825e-31   -1.6021766e-19    -9.156439e-20    5.5016057e-19             3229                1
    -0.0072691427    6.2284926e-05    -0.0014305522     0.0023412984   -0.00024884805   -0.00055494177    9.1093825e-31   -1.6021766e-19    -9.156439e-20    5.5016057e-19             2944                1
    -0.0062040887    1.8951007e-06     0.0028713779    4.5355009e-06    0.00091900083   -0.00011895089    9.1093825e-31   -1.6021766e-19    -9.156439e-20    5.5016057e-19              677                0
    0.00039199556    9.2994735e-05     -0.008710593     -0.001441918     -0.001792155     0.0024981536    9.1093825e-31   -1.6021766e-19    -9.156439e-20    5.5016057e-19             3217                1
    -0.0084460415    9.7744785e-05    -0.0048006643    0.00031847126     0.0010133309   -0.00011224734    9.1093825e-31   -1.6021766e-19    -9.156439e-20    5.5016057e-19              210                0
    0.00028073072    6.4321037e-05    -0.0088206762    0.00093479257    -0.0096814409     0.0036841296    9.1093825e-31   -1.6021766e-19    -9.156439e-20    5.5016057e-19             3318                1
     0.0078939637    5.1717583e-05     0.0085261688    -0.0002989411   -0.00027391137     0.0012620898    9.1093825e-31   -1.6021766e-19    -9.156439e-20    5.5016057e-19              254                0
     0.0058467323     4.536198e-05     0.0043969061   -0.00060165091    0.00055248011   -0.00088139856    9.1093825e-31   -1.6021766e-19    -9.156439e-20    5.5016057e-19              270                0
    -0.0010105955     8.622741e-05    -0.0059276419    0.00099444378    -0.0024451378    -0.0014548154    9.1093825e-31   -1.6021766e-19    -9.156439e-20    5.5016057e-19             3268                1
    -0.0018502483    9.7422737e-05     0.0019747161    -0.0047995332    -0.0050930814   -0.00058989401    9.1093825e-31   -1.6021766e-19    -9.156439e-20    5.5016057e-19             3402                1
     0.0014655819    6.8893714e-05    -0.0088873766    0.00025617081    -0.0039232043    0.00068758486    9.1093825e-31   -1.6021766e-19    -9.156439e-20    5.5016057e-19             3189                1
     -0.001866443    5.2556268e-05     0.0018532035    0.00053946592      0.008759317      0.001233542    9.1093825e-31   -1.6021766e-19    -9.156439e-20    5.5016057e-19             3194                1
    -0.0076334933    9.9530633e-05     -0.012241323    -0.0011716691    0.00065851258    -0.0012043524    9.1093825e-31   -1.6021766e-19    -9.156439e-20    5.5016057e-19              673                0
     0.0023940795    8.3105835e-05    -0.0092889173    -0.0016385415    -0.0042500529     0.0019467489    9.1093825e-31   -1.6021766e-19    -9.156439e-20    5.5016057e-19             3283                1
     0.0085458755    1.9308011e-06      0.010210306    0.00027597777   -0.00047002526   -9.2294264e-05    9.1093825e-31   -1.6021766e-19    -9.156439e-20    5.5016057e-19              410                0
    -0.0028857312    8.9699795e-05     -0.010444534     0.0030044937    -0.0025409253    -0.0033197608    9.1093825e-31   -1.6021766e-19    -9.156439e-20    5.5016057e-19             3199                1
      0.001309888    8.0967715e-05     0.0024475846      0.001493189      0.012636555    0.00096477923    9.1093825e-31   -1.6021766e-19    -9.156439e-20    5.5016057e-19             3203                1
    -0.0030067354    7.9571793e-05     -0.010468866    -0.0016197971    -0.0044453242    0.00025568777    9.1093825e-31   -1.6021766e-19    -9.156439e-20    5.5016057e-19             3247                1
     0.0018088452    5.4560074e-05      0.010430408    -0.0023438907     0.0092633748    -0.0064277179    9.1093825e-31   -1.6021766e-19    -9.156439e-20    5.5016057e-19             3248                1
    -0.0031082795    6.9617316e-05     -0.001796942     0.0041115214     0.0088266693     0.0022688492    9.1093825e-31   -1.6021766e-19    -9.156439e-20    5.5016057e-19             3144                1
    -0.0093990155    9.6492848e-05    -0.0066232923    0.00039249775    0.00035517965    0.00041480522    9.1093825e-31   -1.6021766e-19    -9.156439e-20    5.5016057e-19              192                0
    -0.0031502482    2.4492243e-05    -0.0017665059   -0.00011567184     0.0056514842    0.00031561681    9.1093825e-31   -1.6021766e-19    -9.156439e-20    5.5016057e-19             3282                1
     0.0014594009    6.1256025e-05     -0.013035368      0.001543859    -0.0095392354    0.00012307077    9.1093825e-31   -1.6021766e-19    -9.156439e-20    5.5016057e-19             3291                1
    -0.0042229923    4.4462489e-05     -0.012190267     0.0030419743    -0.0085236989    0.00037925894    9.1093825e-31   -1.6021766e-19    -9.156439e-20    5.5016057e-19             3208                1
     0.0035761585    9.1925549e-06      0.003473934     0.0012064216     0.0012338822      0.002196904    9.1093825e-31   -1.6021766e-19    -9.156439e-20    5.5016057e-19              991                0
   -3.2472541e-05    7.8518766e-05     0.0034241832    -0.0001880662      0.013072329    0.00062985875    9.1093825e-31   -1.6021766e-19    -9.156439e-20    5.5016057e-19             3220                1
    -0.0091147097    1.6142825e-05    -0.0019771608     0.0011714975    0.00024006031   -0.00095279224    9.1093825e-31   -1.6021766e-19    -9.156439e-20    5.5016057e-19              212                0
     0.0084480597    6.6179978e-06     0.0015232142    0.00023356914    0.00028557514   -0.00083006982    9.1093825e-31   -1.6021766e-19    -9.156439e-20    5.5016057e-19              525                0
     0.0093145547     1.026041e-05    -0.0092601543     0.0011442241     0.0001689434    -0.0014044042    9.1093825e-31   -1.6021766e-19    -9.156439e-20    5.5016057e-19              690                0
     0.0017986071    5.2256099e-05      0.012121627      0.003245089     0.0065550678     -0.005760713    9.1093825e-31   -1.6021766e-19    -9.156439e-20    5.5016057e-19             3206                1
     0.0017267986    6.4072265e-05    -0.0030758213   -0.00066386577    -0.0055290973     0.0072645033    9.1093825e-31   -1.6021766e-19    -9.156439e-20    5.5016057e-19             3272                1
     -0.008664486    3.6085989e-05    -0.0011582087    0.00090348261    0.00012994205    0.00099258055    9.1093825e-31   -1.6021766e-19    -9.156439e-20    5.5016057e-19              750                0
    -0.0014899253    6.5545028e-05    -0.0083915377     0.0013803223    -0.0061873766    -0.0022938461    9.1093825e-31   -1.6021766e-19    -9.156439e-20    5.5016057e-19             3252                1
    -0.0012753503    6.9371621e-05     0.0066119768    -0.0041528097      0.011939015    -0.0020332225    9.1093825e-31   -1.6021766e-19    -9.156439e-20    5.5016057e-19             3231                1
   -0.00064563908    9.1297465e-05     0.0068594427     0.0033531499      0.010604943    -0.0013621303    9.1093825e-31   -1.6021766e-19    -9.156439e-20    5.5016057e-19             3153                1
     0.0034272519    4.1977313e-05      0.012708036      0.002220578    -0.0052608247     0.0022867618    9.1093825e-31   -1.6021766e-19    -9.156439e-20    5.5016057e-19             2934                1
     -0.005724526     4.114586e-05     0.0058926223    -0.0011419294    0.00035591362     0.0010281727    9.1093825e-31   -1.6021766e-19    -9.156439e-20    5.5016057e-19              220                0
     0.0031328977    6.1508567e-06      0.014029664     0.0024284683     0.0057509379     0.0016432015    9.1093825e-31   -1.6021766e-19    -9.156439e-20    5.5016057e-19             3387                1
     0.0062070293    5.4302385e-05    -0.0085224276    -0.0027097531      0.001343269   -0.00053924939    9.1093825e-31   -1.6021766e-19    -9.156439e-20    5.5016057e-19              931                0
    -0.0011260926    1.3080569e-05     0.0057929833     0.0021499051      0.005518829    -0.0006453094    9.1093825e-31   -1.6021766e-19    -9.156439e-20    5.5016057e-19             3346                1
    -0.0009803063    3.6694466e-05     0.0055909581     0.0010157538     0.0070416122    0.00088315207    9.1093825e-31   -1.6021766e-19    -9.156439e-20    5.5016057e-19             3204                1
     0.0020808356    1.7561262e-05      0.014594783    -0.0026190041     0.0036732687   -0.00051510002    9.1093825e-31   -1.6021766e-19    -9.156439e-20    5.5016057e-19             3301                1
     0.0056440393    3.3170963e-05       0.01150266     0.0044963281    -0.0053840983     0.0016937439    9.1093825e-31   -1.6021766e-19    -9.156439e-20    5.5016057e-19             3112                1
     0.0005302378    9.4697854e-05     0.0002916684      -0.00623029    -0.0057709636    0.00078540557    9.1093825e-31   -1.6021766e-19    -9.156439e-20    5.5016057e-19             3393                1
      0.005862989     2.129759e-05    -0.0031101974    -0.0010905368     0.0020504412     -0.002276137    9.1093825e-31   -1.6021766e-19    -9.156439e-20    5.5016057e-19              256                0
     0.0015296914    6.1100698e-05     -0.012989271   -0.00091028295    -0.0078421859    -0.0053339112    9.1093825e-31   -1.6021766e-19    -9.156439e-20    5.5016057e-19             3240                1
     0.0041313302    7.1997558e-05      -0.01165667    -0.0029392978    -0.0074180765     0.0024040623    9.1093825e-31   -1.6021766e-19    -9.156439e-20    5.5016057e-19             3311                1
    -0.0010026048    8.5241554e-05    -0.0058079381    -0.0028971403    -0.0052075353    0.00078033307    9.1093825e-31   -1.6021766e-19    -9.156439e-20    5.5016057e-19             3345                1
    -0.0013560698    4.6928995e-05    -0.0085442085   -7.7042052e-05     -0.007870974    -0.0045834491    9.1093825e-31   -1.6021766e-19    -9.156439e-20    5.5016057e-19             3223                1
    -0.0093046213    7.5478252e-05     0.0020984374    -0.0022411323    0.00066585635    -0.0018361723    9.1093825e-31   -1.6021766e-19    -9.156439e-20    5.5016057e-19              978                0
   -0.00076928345    1.4004029e-05      0.006920022    -0.0077999658     0.0036086254     0.0040900321    9.1093825e-31   -1.6021766e-19    -9.156439e-20    5.5016057e-19             3154                1
     0.0093607297    2.7613949e-05    0.00090420077     0.0014168313   -1.8121138e-05   -0.00017854798    9.1093825e-31   -1.6021766e-19    -9.156439e-20    5.5016057e-19              637                0
   -0.00078676047    1.3274386e-05     0.0058844052     0.0015639814    -0.0026937551      0.001343632    9.1093825e-31   -1.6021766e-19    -9.156439e-20    5.5016057e-19             2841                1
     0.0016273562    3.0540061e-05      0.010383171     0.0007358017     0.0055329166   -0.00079146685    9.1093825e-31   -1.6021766e-19    -9.156439e-20    5.5016057e-19             3241                1
      0.004677983    7.3406627e-05     0.0022268125   -0.00068674376     0.0018202834     0.0011530049    9.1093825e-31   -1.6021766e-19    -9.156439e-20    5.5016057e-19              229                0
     0.0011595878    3.0516579e-05      0.013560452      0.003449871    -0.0072593363     2.377959e-05    9.1093825e-31   -1.6021766e-19    -9.156439e-20    5.5016057e-19             3131                1
    -0.0085143568    3.9065821e-05    -0.0014828797    0.00080252043     0.0002467545   -0.00040310621    9.1093825e-31   -1.6021766e-19    -9.156439e-20    5.5016057e-19              894                0
     0.0075934045    8.4335734e-05     0.0054425495    -0.0010045242    0.00032776844     0.0030263762    9.1093825e-31   -1.6021766e-19    -9.156439e-20    5.5016057e-19              219                0
     0.0080005452    3.4702072e-05     -0.003010208     0.0016687416    0.00050919893     0.0023100975    9.1093825e-31   -1.6021766e-19    -9.156439e-20    5.5016057e-19              309                0
    -0.0089564035    6.0850787e-05      0.011184509   -0.00023469058   -0.00013273205   -0.00060472236    9.1093825e-31   -1.6021766e-19    -9.156439e-20    5.5016057e-19              329                0
    -0.0026558319    3.2564603e-05     0.0068860431    6.5272514e-05      0.010099359    8.9757275e-05    9.1093825e-31   -1.6021766e-19    -9.156439e-20    5.5016057e-19             3332                1
      0.008988373    5.8842266e-05     0.0080390917    -0.0010067094   -8.6763052e-05     0.0016580409    9.1093825e-31   -1.6021766e-19    -9.156439e-20    5.5016057e-19              369                0
     0.0028095308    2.8627086e-05    -0.0071679167   -0.00063999655     0.0011501712     -0.003736512    9.1093825e-31   -1.6021766e-19    -9.156439e-20    5.5016057e-19             2430                1
    -0.0032298497    6.6535729e-05     0.0064806109     0.0022419698      0.013280232     0.0038048476    9.1093825e-31   -1.6021766e-19    -9.156439e-20    5.5016057e-19             3269                1
    -0.0020938534    6.8216628e-05      0.007203903     0.0020182163    0.00012935451    0.00015694802    9.1093825e-31   -1.6021766e-19    -9.156439e-20    5.5016057e-19              632                0
   -0.00025719556    9.3833565e-05    -0.0028056495   -0.00053835858    -0.0077577778    0.00059710612    9.1093825e-31   -1.6021766e-19    -9.156439e-20    5.5016057e-19             3395                1
   -0.00090599747    9.2750204e-05     -0.008358907    -0.0030756046    -0.0055754296     0.0017234589    9.1093825e-31   -1.6021766e-19    -9.156439e-20    5.5016057e-19             3384                1
   -0.00074437395    5.1788284e-05    -0.0084117865     0.0015526222    -0.0067283357    0.00031873639    9.1093825e-31   -1.6021766e-19    -9.156439e-20    5.5016057e-19             3210                1
     0.0018008964    2.4183008e-05      0.011371758     0.0037442944     0.0052028126    -0.0042664371    9.1093825e-31   -1.6021766e-19    -9.156439e-20    5.5016057e-19             3274                1
     0.0072381953    5.6068293e-05    0.00082102086    -0.0015237131     0.0013400833    -0.0008514318    9.1093825e-31   -1.6021766e-19    -9.156439e-20    5.5016057e-19              476                0
    -0.0048445691    6.2263425e-05     -0.012844464     0.0013170963    0.00023460647    -0.0016461298    9.1093825e-31   -1.6021766e-19    -9.156439e-20    5.5016057e-19              549                0
   -0.00086760463    7.1745657e-05      0.010228968     0.0026164353    -0.0018204906    0.00071670592    9.1093825e-31   -1.6021766e-19    -9.156439e-20    5.5016057e-19              569                0
   -0.00039388708     8.277801e-05    -0.0082546026   -0.00099283073    -0.0014553923   -0.00088733633    9.1093825e-31   -1.6021766e-19    -9.156439e-20    5.5016057e-19             3148                1
   -0.00031324485    9.0854497e-05    -0.0028416298    -0.0016178864      0.010236052    -0.0032912646    9.1093825e-31   -1.6021766e-19    -9.156439e-20    5.5016057e-19             3122                1
     0.0014798673    8.5990876e-05     -0.008731815     0.0013607156    -0.0038074031     0.0042056497    9.1093825e-31   -1.6021766e-19    -9.156439e-20    5.5016057e-19             3296                1
     0.0017930829    9.5260302e-06      0.012071791   -0.00076274393     0.0039108931    0.00034448408    9.1093825e-31   -1.6021766e-19    -9.156439e-20    5.5016057e-19             3351                1
    -0.0077473037    4.4054599e-05     0.0039241603     0.0011668589     0.0003689513    0.00098675792    9.1093825e-31   -1.6021766e-19    -9.156439e-20    5.5016057e-19              934                0
   -0.00095057592    8.7942819e-05     -0.002890981   -0.00078382913      0.010924808    -0.0035015293    9.1093825e-31   -1.6021766e-19    -9.156439e-20    5.5016057e-19             3165                1
    1.3486542e-06    4.5729361e-05     0.0036254383     0.0026634031     0.0069774375    -0.0045235646    9.1093825e-31   -1.6021766e-19    -9.156439e-20    5.5016057e-19             3119                1
     0.0017219015    8.6519583e-05     -0.003055458      0.002144671    -0.0074773841     0.0062957583    9.1093825e-31   -1.6021766e-19    -9.156439e-20    5.5016057e-19             3377                1
      0.001681206     1.223154e-05     -0.012830472   -0.00024927547     0.0019301084     0.0001654285    9.1093825e-31   -1.6021766e-19    -9.156439e-20    5.5016057e-19             3329                1
     0.0015104942    9.4403076e-05    -0.0052840174     0.0001431578    -0.0014469535    -0.0046665352    9.1093825e-31   -1.6021766e-19    -9.156439e-20    5.5016057e-19             3319                1
    -0.0020671561    2.8354783e-05     0.0064093559    0.00014121574     0.0049855923    7.6018652e-05    9.1093825e-31   -1.6021766e-19    -9.156439e-20    5.5016057e-19             3155                1
     0.0054419595    1.9908552e-05     0.0021834914    0.00059797108     0.0012448975     0.0025726927    9.1093825e-31   -1.6021766e-19    -9.156439e-20    5.5016057e-19               20                0
     0.0020513341     2.072837e-05      0.014641537   -0.00091834518    -0.0079284152      0.003441032    9.1093825e-31   -1.6021766e-19    -9.156439e-20    5.5016057e-19             3062                1
     0.0015680094    9.1437891e-05     0.0073382398    -0.0017738763      0.010428852    -0.0015760276    9.1093825e-31   -1.6021766e-19    -9.156439e-20    5.5016057e-19             3158                1
     0.0013106845    8.8457928e-05    -0.0033111679     0.0018486698    -0.0012539704     0.0020626546    9.1093825e-31   -1.6021766e-19    -9.156439e-20    5.5016057e-19             3273                1
     0.0011450086    8.0209189e-05    -0.0065143309    -0.0019547187    -0.0066121235    -0.0033044538    9.1093825e-31   -1.6021766e-19    -9.156439e-20    5.5016057e-19             3341                1
     0.0015220523    7.5338779e-05     0.0024656421    6.0604187e-05     0.0045491271    0.00038038232    9.1093825e-31   -1.6021766e-19    -9.156439e-20    5.5016057e-19             2808                1
     0.0048609399    3.8387723e-05     -0.003321595    0.00089096429     0.0053455634     0.0028468946    9.1093825e-31   -1.6021766e-19    -9.156439e-20    5.5016057e-19             3169                1
     0.0034103207     5.852223e-05    -0.0076087466    0.00010765352    0.00053308654   -0.00027433888    9.1093825e-31   -1.6021766e-19    -9.156439e-20    5.5016057e-19             2921                1
     0.0059979907    6.3091764e-05      0.012033156   -0.00064926175    -0.0014643342     0.0020724586    9.1093825e-31   -1.6021766e-19    -9.156439e-20    5.5016057e-19              280                0
     0.0017298824    7.5041021e-07     0.0068071322   -0.00079333346      -0.00372603    -0.0046090572    9.1093825e-31   -1.6021766e-19    -9.156439e-20    5.5016057e-19             2853                1
   -0.00053109956    8.5564359e-05    -0.0082738707   -0.00017543472    -0.0077632815   -0.00048067744    9.1093825e-31   -1.6021766e-19    -9.156439e-20    5.5016057e-19             3368                1
    -0.0004904659    1.2199008e-05      0.009425289    0.00086176122     0.0053687776     0.0076901317    9.1093825e-31   -1.6021766e-19    -9.156439e-20    5.5016057e-19             3355                1
    -0.0018441268    5.0108203e-05       0.00199893    -0.0001156026     0.0078521362     0.0020126014    9.1093825e-31   -1.6021766e-19    -9.156439e-20    5.5016057e-19             3145                1
     0.0028736843    5.0668834e-05     0.0099240355    0.00038529106    -0.0013835363   -0.00023647778    9.1093825e-31   -1.6021766e-19    -9.156439e-20    5.5016057e-19              177                0
   -0.00091048086    2.4870302e-05     0.0055779563     -0.001195856     0.0068332762      0.002642906    9.1093825e-31   -1.6021766e-19    -9.156439e-20    5.5016057e-19             3292                1
    -0.0011194347    6.7725268e-05     -0.012540353    -0.0064114719    -0.0079124989     -0.002040453    9.1093825e-31   -1.6021766e-19    -9.156439e-20    5.5016057e-19             3285                1
      0.001280805    3.1497555e-05      0.011334973    -0.0031846236     0.0066830758    -0.0054322984    9.1093825e-31   -1.6021766e-19    -9.156439e-20    5.5016057e-19             3276                1
    -0.0082807317     2.308164e-05     0.0034793264    0.00096205273    2.2572671e-05    -0.0031900057    9.1093825e-31   -1.6021766e-19    -9.156439e-20    5.5016057e-19              184                0
    -0.0019251899     6.503141e-05     0.0039756312    -0.0014117615     0.0014746994    9.2119437e-05    9.1093825e-31   -1.6021766e-19    -9.156439e-20    5.5016057e-19              699                0
    -0.0077963658    5.1010566e-06    -0.0048527513    -0.0028735329    0.00043648653     0.0003454636    9.1093825e-31   -1.6021766e-19    -9.156439e-20    5.5016057e-19              243                0
     0.0014661434    7.8523408e-05    -0.0089071542     0.0013709575    -0.0079505453      0.003793214    9.1093825e-31   -1.6021766e-19    -9.156439e-20    5.5016057e-19             3347                1
    -0.0086032934    3.3787983e-05     0.0020976686    0.00042954294    0.00019123813   -0.00017253729    9.1093825e-31   -1.6021766e-19    -9.156439e-20    5.5016057e-19              264                0
     0.0051028412    3.1715488e-05    0.00022222525    0.00025460147     0.0017471601    -0.0012749705    9.1093825e-31   -1.6021766e-19    -9.156439e-20    5.5016057e-19              284                0
    0.00039959137    7.5970318e-05     0.0002014218    -0.0002692244     0.0097686965    0.00096113194    9.1093825e-31   -1.6021766e-19    -9.156439e-20    5.5016057e-19             3126                1
     0.0012762956    1.5127612e-05      0.011358858     0.0009700206      0.003896262     0.0018211214    9.1093825e-31   -1.6021766e-19    -9.156439e-20    5.5016057e-19             3294                1
    -0.0012712401    4.3812062e-05     0.0055408259    -0.0014479569     0.0070935762     0.0024519635    9.1093825e-31   -1.6021766e-19    -9.156439e-20    5.5016057e-19             3171                1
     0.0016744358    5.4034201e-05     -0.012957476   -0.00010724858    -0.0082785673     0.0035465504    9.1093825e-31   -1.6021766e-19    -9.156439e-20    5.5016057e-19             3221                1
    -0.0009932149    2.1014266e-05    -0.0020952888   -7.9813821e-05     0.0032057455    0.00019256004    9.1093825e-31   -1.6021766e-19    -9.156439e-20    5.5016057e-19              384                0
    -0.0036958118    5.9891961e-05     -0.014359349     0.0027112933    -0.0090166666     0.0012325867    9.1093825e-31   -1.6021766e-19    -9.156439e-20    5.5016057e-19             3275                1
     0.0015263358    6.4430795e-05     0.0024473206   -0.00030879825      0.008473062     0.0022762383    9.1093825e-31   -1.6021766e-19    -9.156439e-20    5.5016057e-19             3115                1
    -0.0092201745    5.3222848e-05   -0.00041310623    1.3745698e-05    0.00023153277    0.00067073008    9.1093825e-31   -1.6021766e-19    -9.156439e-20    5.5016057e-19              444                0
    -0.0059254542    1.6369513e-05    -0.0020192573    0.00018858106     0.0019769561    -0.0010519827    9.1093825e-31   -1.6021766e-19    -9.156439e-20    5.5016057e-19              464                0
     0.0023530424    9.0572714e-05     -0.007637185   -0.00020811327     -0.005376494     0.0046916641    9.1093825e-31   -1.6021766e-19    -9.156439e-20    5.5016057e-19             3373                1
     0.0056241555    7.1111637e-05     0.0093615958     0.0015995739   -0.00032876179      0.001707582    9.1093825e-31   -1.6021766e-19    -9.156439e-20    5.5016057e-19             1322                1
     0.0018458279    6.0357761e-05      0.012205608     0.0010526552     0.0076176743     0.0012425556    9.1093825e-31   -1.6021766e-19    -9.156439e-20    5.5016057e-19             3209                1
    -0.0020253477    3.4873043e-05      0.006447813     0.0039122268     0.0055615935     0.0035454191    9.1093825e-31   -1.6021766e-19    -9.156439e-20    5.5016057e-19             3156                1
     0.0083939815    5.1291714e-05    -0.0038208265   -0.00064808503    0.00090560515    0.00088356133    9.1093825e-31   -1.6021766e-19    -9.156439e-20    5.5016057e-19              564                0
   -2.8483502e-05     8.651855e-05     0.0042655789   -0.00013584479       0.01031579    0.00012259782    9.1093825e-31   -1.6021766e-19    -9.156439e-20    5.5016057e-19             3133                1
     0.0014040377    9.5773166e-06      0.011555946    0.00055775611     0.0046888865     0.0022944286    9.1093825e-31   -1.6021766e-19    -9.156439e-20    5.5016057e-19             3365                1
    0.00047301772     8.177993e-05    -0.0087700291    0.00035660149    -0.0054683853    9.5601754e-05    9.1093825e-31   -1.6021766e-19    -9.156439e-20    5.5016057e-19             3323                1
      0.001843219    1.2051319e-05      0.012265706     0.0043675327    -0.0071032709     0.0037944943    9.1093825e-31   -1.6021766e-19    -9.156439e-20    5.5016057e-19             3009                1
    -0.0068249423     8.243652e-05    0.00081804377    0.00021054015     0.0015652368   -8.7905202e-05    9.1093825e-31   -1.6021766e-19    -9.156439e-20    5.5016057e-19              664                0
    -0.0029087856    9.4941526e-05    -0.0056114467     0.0011386103    -0.0052132611    -0.0028535058    9.1093825e-31   -1.6021766e-19    -9.156439e-20    5.5016057e-19             3389                1
     0.0033862968    4.2039472e-05     0.0046388041   -0.00018734888     0.0010907862    -0.0018778673    9.1093825e-31   -1.6021766e-19    -9.156439e-20    5.5016057e-19              704                0
   -0.00097944995    6.6167457e-05     0.0059044273    -0.0038109764      0.011134053     0.0053973547    9.1093825e-31   -1.6021766e-19    -9.156439e-20    5.5016057e-19             3218                1
    -0.0065588714    8.7048385e-05     0.0094960444     0.0010214141   -0.00021178377     0.0016266824    9.1093825e-31   -1.6021766e-19    -9.156439e-20    5.5016057e-19              871                0
   -0.00083184202    8.0908962e-05    -0.0029090513      0.004557238     0.0088405674    -0.0016410013    9.1093825e-31   -1.6021766e-19    -9.156439e-20    5.5016057e-19             3065                1
    -0.0066209184    7.8255893e-05     -0.010870576    0.00096677698    0.00036925718    0.00099900574    9.1093825e-31   -1.6021766e-19    -9.156439e-20    5.5016057e-19              125                0
    -0.0050441935    7.8127508e-05      0.013395188    0.00093194982    -0.0017182627    0.00043464301    9.1093825e-31   -1.6021766e-19    -9.156439e-20    5.5016057e-19              804                0
     0.0016936098    3.0442287e-05     0.0074344072    -0.0006731528     0.0059396648   -0.00035383026    9.1093825e-31   -1.6021766e-19    -9.156439e-20    5.5016057e-19             3214                1
     0.0011281309    4.4477893e-06      0.013769669    3.7510887e-05     0.0028264059    -0.0001593006    9.1093825e-31   -1.6021766e-19    -9.156439e-20    5.5016057e-19             3380                1
     0.0030679477    6.9770773e-05    -0.0043826494   -0.00021117079     0.0084335599     0.0012748215    9.1093825e-31   -1.6021766e-19    -9.156439e-20    5.5016057e-19             3172                1
     0.0010941235    5.5025383e-05    -0.0094322218     0.0026526744     -0.010942915    -0.0016595338    9.1093825e-31   -1.6021766e-19    -9.156439e-20    5.5016057e-19             3303                1
     0.0031362101    2.8098698e-06      0.014025163     0.0054705893     0.0026837082    -0.0024911098    9.1093825e-31   -1.6021766e-19    -9.156439e-20    5.5016057e-19             3388                1
      0.001252826    6.5505606e-05      0.011468615     0.0001977361    -0.0026462968       0.00155603    9.1093825e-31   -1.6021766e-19    -9.156439e-20    5.5016057e-19             2668                1
    -0.0030895332    8.3819046e-05    -0.0019170158   -7.9857498e-05    -0.0052587721     0.0020183711    9.1093825e-31   -1.6021766e-19    -9.156439e-20    5.5016057e-19             3349                1
    0.00054223416    9.1726288e-05     -0.011856482    4.0446732e-05    0.00089915935    0.00022961444    9.1093825e-31   -1.6021766e-19    -9.156439e-20    5.5016057e-19              958                0
     0.0040593501    7.0732567e-05    -0.0068370565     0.0021631427     0.0063860998     0.0070528747    9.1093825e-31   -1.6021766e-19    -9.156439e-20    5.5016057e-19             3110                1
     -0.006766282    7.7623547e-05      0.012277686    0.00031552001   -0.00098890252    0.00066856999    9.1093825e-31   -1.6021766e-19    -9.156439e-20    5.5016057e-19              988                0
     0.0016569666    1.0964324e-05      0.012097242    0.00030112406     0.0043034195     0.0020278457    9.1093825e-31   -1.6021766e-19    -9.156439e-20    5.5016057e-19             3350                1
    -0.0012076005    8.1101007e-06     -0.012524382    -0.0017346923     -0.012007298    -0.0010097197    9.1093825e-31   -1.6021766e-19    -9.156439e-20    5.5016057e-19             3190                1
   -0.00063488627     8.334608e-05    -0.0081366776    -0.0066043632    -0.0033951788     0.0028047785    9.1093825e-31   -1.6021766e-19    -9.156439e-20    5.5016057e-19             3258                1
      0.004201421    2.7630522e-05    -0.0087828878    0.00064174121    -0.0010456099    -0.0014300009    9.1093825e-31   -1.6021766e-19    -9.156439e-20    5.5016057e-19             2858                1
    -0.0016328737    6.9590569e-05     -0.012512266     0.0003856048     -0.004904205     0.0017863703    9.1093825e-31   -1.6021766e-19    -9.156439e-20    5.5016057e-19             3151                1
   -4.1561361e-05    3.2829095e-05     0.0035007091     -0.002960084     0.0085969036    -0.0030547718    9.1093825e-31   -1.6021766e-19    -9.156439e-20    5.5016057e-19             3297                1
    -0.0039240578     4.122801e-05      0.011644414     0.0012300614     0.0056672916    -0.0021540737    9.1093825e-31   -1.6021766e-19    -9.156439e-20    5.5016057e-19             3215                1
   -6.2131177e-05     4.469098e-05     0.0034023481    -0.0040788623     0.0086387759    -0.0022431952    9.1093825e-31   -1.6021766e-19    -9.156439e-20    5.5016057e-19             3219                1
    -0.0015550262    7.8336721e-05     -0.012446951      0.001704832    -0.0052078357     0.0051845293    9.1093825e-31   -1.6021766e-19    -9.156439e-20    5.5016057e-19             3242                1
    -0.0024930905    8.5486517e-06     0.0061581088     0.0012959016   -8.1113703e-06    0.00040396419    9.1093825e-31   -1.6021766e-19    -9.156439e-20    5.5016057e-19              485                0
     0.0025010551    7.1535163e-05     -0.007712801     0.0013135007    -0.0085575487    0.00055453472    9.1093825e-31   -1.6021766e-19    -9.156439e-20    5.5016057e-19             3333                1
     0.0048649819    2.5838759e-05     0.0071969889    -0.0055581853     0.0055044424     0.0030588158    9.1093825e-31   -1.6021766e-19    -9.156439e-20    5.5016057e-19             3260                1
   -0.00049178023    8.8724169e-05    -0.0026300629     0.0026708124     0.0056652906    -0.0017938187    9.1093825e-31   -1.6021766e-19    -9.156439e-20    5.5016057e-19             2718                1
    0.00026011249    8.6700718e-05    -0.0087889563   -0.00015577693    -0.0062056286   -7.3264717e-05    9.1093825e-31   -1.6021766e-19    -9.156439e-20    5.5016057e-19             3359                1
     -0.001230888    9.2573973e-05    -0.0085067768     0.0022679747     0.0065223873    0.00060457934    9.1093825e-31   -1.6021766e-19    -9.156439e-20    5.5016057e-19             2951                1
    -0.0015829846    8.9290988e-05     -0.011203594    -0.0035237717    -0.0023584454    0.00081370323    9.1093825e-31   -1.6021766e-19    -9.156439e-20    5.5016057e-19             3137                1
    -0.0010588124    3.3327906e-05     0.0061112121    0.00024976584     0.0063208239    2.7147239e-06    9.1093825e-31   -1.6021766e-19    -9.156439e-20    5.5016057e-19             3195                1
   -7.6070864e-05    8.6653374e-05     0.0043076696     -0.001449547      0.011251532    -0.0019633381    9.1093825e-31   -1.6021766e-19    -9.156439e-20    5.5016057e-19             3161                1
   -0.00092750037    7.8794437e-05     0.0060222438     0.0014367867      0.010724815    -0.0015299389    9.1093825e-31   -1.6021766e-19    -9.156439e-20    5.5016057e-19             3182                1
      0.001059495           0.0001    -0.0092823906     0.0029972657     0.0067748986    -0.0035918606    9.1093825e-31   -1.6021766e-19    -9.156439e-20    5.5016057e-19             3041                1
     -0.000577592    9.4401788e-05    -0.0081401579     0.0001384714    -0.0020274546     0.0010333218    9.1093825e-31   -1.6021766e-19    -9.156439e-20    5.5016057e-19             3313                1
     -0.001241199    9.4446827e-05     0.0066228793    0.00063930277      0.015454057   -0.00049808662    9.1093825e-31   -1.6021766e-19    -9.156439e-20    5.5016057e-19             3232                1
    -0.0029371518    5.8587277e-05     -0.014543189   -3.3069926e-05   -0.00094365177     -0.001381564    9.1093825e-31   -1.6021766e-19    -9.156439e-20    5.5016057e-19              422                0
      0.001642613    7.0505987e-05     0.0026321553      0.001002625     0.0080907568    -0.0011238401    9.1093825e-31   -1.6021766e-19    -9.156439e-20    5.5016057e-19             3084                1
   -0.00098975177     5.537003e-05     0.0059908913    -0.0020202212     0.0082928976    -0.0029281629    9.1093825e-31   -1.6021766e-19    -9.156439e-20    5.5016057e-19             3178                1
    -0.0010720621     1.277131e-06      0.006084152    0.00056454429     0.0020770545    -0.0025809647    9.1093825e-31   -1.6021766e-19    -9.156439e-20    5.5016057e-19             3396                1
    -0.0044272887    7.2957904e-05       0.01039707    -0.0029002852    -0.0011582319     0.0010076914    9.1093825e-31   -1.6021766e-19    -9.156439e-20    5.5016057e-19              687                0
   -0.00091703853    8.2950741e-05    -0.0080802934    -0.0030216726     0.0068287533     0.0040848604    9.1093825e-31   -1.6021766e-19    -9.156439e-20    5.5016057e-19             3111                1
     0.0015010382    3.7990212e-05      0.011394708     0.0024430286     0.0073782313   -0.00047554763    9.1093825e-31   -1.6021766e-19    -9.156439e-20    5.5016057e-19             3270                1
     0.0074695582    9.1649577e-05     0.0086974585   -0.00026085155     0.0024201598    0.00042207527    9.1093825e-31   -1.6021766e-19    -9.156439e-20    5.5016057e-19             2677                1
     0.0053699701     3.567493e-05     0.0032668721    0.00024693451    0.00098123564   -0.00070514873    9.1093825e-31   -1.6021766e-19    -9.156439e-20    5.5016057e-19              581                0
     0.0026912289    4.0399525e-05      0.012223593   -0.00037148269      0.012835694   -0.00051791884    9.1093825e-31   -1.6021766e-19    -9.156439e-20    5.5016057e-19             3340                1
    -0.0039531607     4.297158e-05       0.01161671    0.00074535294     0.0044850563    0.00068486598    9.1093825e-31   -1.6021766e-19    -9.156439e-20    5.5016057e-19             3180                1
     0.0013889185    6.1606617e-05     0.0015913291   -8.8639805e-05     0.0026550686    -0.0016342998    9.1093825e-31   -1.6021766e-19    -9.156439e-20    5.5016057e-19              641                0
    0.00010354586    5.3501797e-05    -0.0011206234     0.0036537843    -0.0041751745    -0.0030324999    9.1093825e-31   -1.6021766e-19    -9.156439e-20    5.5016057e-19             3226                1
    4.1433203e-05    8.1470811e-05    -0.0059208865    -0.0026571057     0.0075288429    2.1053807e-05    9.1093825e-31   -1.6021766e-19    -9.156439e-20    5.5016057e-19             2993                1
     0.0034372553    1.4239231e-05       0.01268576    0.00032774193     0.0082446374    0.00048124406    9.1093825e-31   -1.6021766e-19    -9.156439e-20    5.5016057e-19             3378                1
    3.1439013e-05    8.5044609e-05    -0.0058765449    0.00035842819    -0.0077766352   -6.6875349e-05    9.1093825e-31   -1.6021766e-19    -9.156439e-20    5.5016057e-19             3369                1
     0.0013568555    2.0214326e-05      0.011486413   -0.00041178186     0.0093707861    -0.0018552765    9.1093825e-31   -1.6021766e-19    -9.156439e-20    5.5016057e-19             3363                1
     0.0013831655    1.4740051e-05      0.011530686     0.0050425353     0.0049001677      0.004318133    9.1093825e-31   -1.6021766e-19    -9.156439e-20    5.5016057e-19             3336                1
    -0.0013659293     9.097212e-05    -0.0084967045     -0.001389846    -0.0020016839     0.0017270824    9.1093825e-31   -1.6021766e-19    -9.156439e-20    5.5016057e-19             3224                1
    -0.0024251908    6.8134636e-05    -0.0020963913    0.00035290455    -0.0057161832     0.0010479342    9.1093825e-31   -1.6021766e-19    -9.156439e-20    5.5016057e-19             3295                1
     0.0094103729    5.0828206e-05    -0.0041425792     0.0004741555    0.00012803759     0.0016113924    9.1093825e-31   -1.6021766e-19    -9.156439e-20    5.5016057e-19              821                0
    4.7963207e-05     2.865277e-05    -0.0074772993     0.0019195329   -0.00072758959    -0.0016317592    9.1093825e-31   -1.6021766e-19    -9.156439e-20    5.5016057e-19             2974                1
    0.00085514534     4.410265e-05     0.0026520998   -0.00061124779      0.006659308    0.00094330544    9.1093825e-31   -1.6021766e-19    -9.156439e-20    5.5016057e-19             3098                1
      0.001381445     8.626109e-05    -0.0089403056     0.0079980958    -0.0039121979     0.0039526257    9.1093825e-31   -1.6021766e-19    -9.156439e-20    5.5016057e-19             3302                1
   -0.00073013222    9.2011978e-05    -0.0058841505    -0.0033204951    -0.0015862328     0.0013964799    9.1093825e-31   -1.6021766e-19    -9.156439e-20    5.5016057e-19             3280                1
   -0.00021180052    4.5918554e-05      0.013824075     0.0012474043      0.011482216   -0.00061359443    9.1093825e-31   -1.6021766e-19    -9.156439e-20    5.5016057e-19             3320                1
    -0.0051554553    6.0413549e-05     -0.010834027    -0.0030977384   -0.00071305293    0.00044311216    9.1093825e-31   -1.6021766e-19    -9.156439e-20    5.5016057e-19             2846                1
    -0.0006398916    9.4268231e-05    -0.0078107789    -0.0037917173    -0.0034568012    -0.0055011744    9.1093825e-31   -1.6021766e-19    -9.156439e-20    5.5016057e-19             3374                1
   -0.00084687764    5.7152818e-05    -0.0084934421   -0.00061816507    -0.0093747778    -0.0029329916    9.1093825e-31   -1.6021766e-19    -9.156439e-20    5.5016057e-19             3289                1
     0.0022916929    8.2741863e-05    -0.0091317277     0.0031075843    -0.0047330577    0.00033298545    9.1093825e-31   -1.6021766e-19    -9.156439e-20    5.5016057e-19             3304                1
     -0.001389729    2.9569983e-05      0.011083841    -0.0022248328     0.0070664999      0.001252167    9.1093825e-31   -1.6021766e-19    -9.156439e-20    5.5016057e-19             3298                1
     0.0014492683    4.8509271e-05      0.011367464   -0.00025740548      0.010021652    9.2145849e-05    9.1093825e-31   -1.6021766e-19    -9.156439e-20    5.5016057e-19             3286                1
   -4.8169226e-05    6.6579683e-05     0.0039181202     0.0013125635       0.01023306      0.002135471    9.1093825e-31   -1.6021766e-19    -9.156439e-20    5.5016057e-19             3192                1
     -0.001663779    2.8043836e-05      0.010482971   -0.00041171187      0.010805788     0.0015308305    9.1093825e-31   -1.6021766e-19    -9.156439e-20    5.5016057e-19             3353                1
     0.0040350244    2.9502404e-05     0.0010342392    -0.0015353156     0.0018343998    -0.0015094579    9.1093825e-31   -1.6021766e-19    -9.156439e-20    5.5016057e-19              118                0
    -0.0017054941       7.7999e-05     -0.011099112    0.00027456722    -0.0074408385    0.00070360705    9.1093825e-31   -1.6021766e-19    -9.156439e-20    5.5016057e-19             3337                1
    -0.0094061065    3.9455539e-05    -0.0036164548    0.00051784707    0.00055809668      0.000428225    9.1093825e-31   -1.6021766e-19    -9.156439e-20    5.5016057e-19              158                0
     0.0047984687    3.9391998e-05    -0.0035848815     0.0019522103    0.00048027778   -0.00022829164    9.1093825e-31   -1.6021766e-19    -9.156439e-20    5.5016057e-19             2664                1
     0.0043546939    7.5564858e-05     -0.014739276     0.0010834952    -0.0058110543     0.0027285116    9.1093825e-31   -1.6021766e-19    -9.156439e-20    5.5016057e-19             3265                1
     0.0040614693     8.703403e-05    -0.0086186416    -0.0038294808     0.0059645269     0.0036217617    9.1093825e-31   -1.6021766e-19    -9.156439e-20    5.5016057e-19             3012                1
     0.0032108051    9.3515246e-06      0.014073482    0.00016465185     0.0037862454     0.0017616624    9.1093825e-31   -1.6021766e-19    -9.156439e-20    5.5016057e-19             3356                1
     0.0068569188    7.9224577e-05     -0.013516582   -0.00045187646    0.00015211361    0.00094167818    9.1093825e-31   -1.6021766e-19    -9.156439e-20    5.5016057e-19              213                0
    -0.0015970946    1.6844488e-05     -0.012433675    0.00096280838    -0.0089557823     0.0021719697    9.1093825e-31   -1.6021766e-19    -9.156439e-20    5.5016057e-19             3139                1
   -6.2730294e-05    1.3193744e-05      0.013788993    0.00011511713    -0.0093153073   -0.00010445765    9.1093825e-31   -1.6021766e-19    -9.156439e-20    5.5016057e-19             3159                1
    0.00018162216    1.8202862e-05    -0.0010455749    8.7443084e-05   -3.5583278e-05    0.00023060037    9.1093825e-31   -1.6021766e-19    -9.156439e-20    5.5016057e-19             3023                1
    -0.0015552673    2.3932454e-05      -0.01237332      0.004305297    -0.0097800409    -0.0017491415    9.1093825e-31   -1.6021766e-19    -9.156439e-20    5.5016057e-19             3173                1
    -0.0035713806    8.6579443e-05    -0.0099938093     0.0064319642    -0.0047914726     0.0031181863    9.1093825e-31   -1.6021766e-19    -9.156439e-20    5.5016057e-19             3339                1
     0.0018071414      8.57949e-06     0.0074278978    -0.0013055141     0.0052142153    0.00050102262    9.1093825e-31   -1.6021766e-19    -9.156439e-20    5.5016057e-19             3375                1
    -0.0014813873    9.0306552e-05    -0.0080301045     1.042504e-05    -0.0045871492    0.00030161912    9.1093825e-31   -1.6021766e-19    -9.156439e-20    5.5016057e-19             3360                1
     0.0034490274    3.9140094e-05     0.0091249421     0.0037869927      0.011092249     0.0020595097    9.1093825e-31   -1.6021766e-19    -9.156439e-20    5.5016057e-19             3328                1
   -0.00061612658    9.3075869e-05    -0.0083633233     -0.001397496    -0.0018974992      0.001038856    9.1093825e-31   -1.6021766e-19    -9.156439e-20    5.5016057e-19             3250                1
     0.0017870179    4.0044946e-05     0.0073568649    0.00031378755     0.0066687362       -0.0062245    9.1093825e-31   -1.6021766e-19    -9.156439e-20    5.5016057e-19             3197                1
   -0.00093838753    7.8932528e-05    -0.0058564255    0.00096616655    -0.0058283173     0.0012705937    9.1093825e-31   -1.6021766e-19    -9.156439e-20    5.5016057e-19             3330                1
    -0.0008694001    8.9173169e-05    -0.0083582131     0.0018667121    -0.0037749237     0.0010350726    9.1093825e-31   -1.6021766e-19    -9.156439e-20    5.5016057e-19             3334                1
     0.0030072816    2.3608065e-05      0.014318643     -0.003202108    -0.0088439984    -0.0015877216    9.1093825e-31   -1.6021766e-19    -9.156439e-20    5.5016057e-19             3176                1
     0.0013023269    4.7299673e-05      -0.01311581    -0.0054516522    -0.0096382322     0.0022114445    9.1093825e-31   -1.6021766e-19    -9.156439e-20    5.5016057e-19             3230                1
     0.0032516452    6.5268774e-05     0.0079161078   -0.00071170327   -0.00044272872   -0.00054332282    9.1093825e-31   -1.6021766e-19    -9.156439e-20    5.5016057e-19              903                0
    -0.0084505985    4.8749345e-05      0.010191622    0.00098856946   -0.00011751583    0.00071629515    9.1093825e-31   -1.6021766e-19    -9.156439e-20    5.5016057e-19              578                0
     0.0010574695    8.9744324e-05    -0.0096133174     -0.001046182     -0.003012049   -0.00041662765    9.1093825e-31   -1.6021766e-19    -9.156439e-20    5.5016057e-19             3271                1
     0.0083275717    3.3282176e-05      0.009612957     0.0017424582   -0.00024841371    0.00014750105    9.1093825e-31   -1.6021766e-19    -9.156439e-20    5.5016057e-19              618                0
     0.0014833432    1.2179917e-05      0.011367968    0.00054134295     0.0060772137   -0.00010638589    9.1093825e-31   -1.6021766e-19    -9.156439e-20    5.5016057e-19             3366                1
     0.0011956495    8.2559181e-06      0.011342932     0.0032224804     0.0072340081     0.0011366892    9.1093825e-31   -1.6021766e-19    -9.156439e-20    5.5016057e-19             3386                1
     0.0015645199     4.439813e-05     0.0024761744     0.0014312173     0.0077503794    0.00081542332    9.1093825e-31   -1.6021766e-19    -9.156439e-20    5.5016057e-19             3179                1
    -0.0024098719    7.0997805e-05    -0.0022585369   -0.00095157622     0.0084061269    -0.0008628465    9.1093825e-31   -1.6021766e-19    -9.156439e-20    5.5016057e-19             3099                1
    -0.0012686792    5.9754246e-05     -0.014154715     -0.001551048     -0.010516165    0.00074436661    9.1093825e-31   -1.6021766e-19    -9.156439e-20    5.5016057e-19             3305                1
    -0.0033169864    5.3724725e-05     0.0062750825    0.00042961174     0.0072327885    0.00029697601    9.1093825e-31   -1.6021766e-19    -9.156439e-20    5.5016057e-19             3163                1
     0.0010359016    1.2036889e-05      0.013580427     0.0022032415     0.0051109456     0.0010741361    9.1093825e-31   -1.6021766e-19    -9.156439e-20    5.5016057e-19             3358                1
    -0.0018726205    8.3208659e-05     0.0018653231     0.0032381141     0.0099623138     0.0040389095    9.1093825e-31   -1.6021766e-19    -9.156439e-20    5.5016057e-19             3123                1
     0.0011269413    7.0559297e-05      -0.00689313    -0.0025529347    -0.0063809748    -0.0017275598    9.1093825e-31   -1.6021766e-19    -9.156439e-20    5.5016057e-19             3293                1
    -0.0018665431    5.2992928e-05     0.0018666146    -0.0029982044     0.0084121283      0.003247045    9.1093825e-31   -1.6021766e-19    -9.156439e-20    5.5016057e-19             3166                1
    -0.0066969399     1.960185e-05     0.0051286407   -0.00046980314    0.00025553483     0.0010687662    9.1093825e-31   -1.6021766e-19    -9.156439e-20    5.5016057e-19              573                0
     -0.001271123     4.350684e-05    -0.0085592065   -0.00026036362    -0.0062495936     0.0014790422    9.1093825e-31   -1.6021766e-19    -9.156439e-20    5.5016057e-19             3181                1
     0.0011195469    3.5790099e-06      0.013627985    0.00016325642     0.0090861451     0.0001521643    9.1093825e-31   -1.6021766e-19    -9.156439e-20    5.5016057e-19             3404                1
      0.004900367    3.7825386e-05     0.0071867644    0.00011413382      0.007426627     0.0014212148    9.1093825e-31   -1.6021766e-19    -9.156439e-20    5.5016057e-19             3261                1
    -0.0017068647    2.9631277e-05      0.010592445      0.006130531     0.0080094142    -0.0011758545    9.1093825e-31   -1.6021766e-19    -9.156439e-20    5.5016057e-19             3317                1
    -0.0013834239    1.3748174e-05      0.011099019   -0.00089882774     0.0037324913     0.0044441074    9.1093825e-31   -1.6021766e-19    -9.156439e-20    5.5016057e-19             3299                1
   -0.00044542362    8.1262559e-05     -0.008251112     0.0035842925    -0.0044674478    -0.0028596639    9.1093825e-31   -1.6021766e-19    -9.156439e-20    5.5016057e-19             3288                1
    -0.0009689664    3.1440024e-05     0.0058994177     0.0036938367     0.0061784647    -0.0041536428    9.1093825e-31   -1.6021766e-19    -9.156439e-20    5.5016057e-19             3196                1
    -0.0063547422    1.7664643e-05       0.00525444   -0.00085426529    0.00026993066    -0.0027883872    9.1093825e-31   -1.6021766e-19    -9.156439e-20    5.5016057e-19              985                0
    -0.0042490438    7.6208591e-05     -0.012105327    0.00016203757    -0.0038923323     0.0096608642    9.1093825e-31   -1.6021766e-19    -9.156439e-20    5.5016057e-19             3164                1
      0.007612396    6.5507767e-05    0.00073887908   -0.00054220326    0.00083410146     0.0012067884    9.1093825e-31   -1.6021766e-19    -9.156439e-20    5.5016057e-19              614                0
    -0.0016178263    4.8947706e-05     -0.012382949     0.0016903172    -0.0090597989     0.0034113047    9.1093825e-31   -1.6021766e-19    -9.156439e-20    5.5016057e-19             3227                1
     0.0018389914    2.2329205e-05      0.010449857     0.0022033991     0.0043981657     -0.003498612    9.1093825e-31   -1.6021766e-19    -9.156439e-20    5.5016057e-19             3249                1
    8.8506473e-05    4.7127152e-05     -0.013330846    -7.820395e-05   -0.00050181703    0.00029161776    9.1093825e-31   -1.6021766e-19    -9.156439e-20    5.5016057e-19               79                0
    -0.0010489442    6.5192879e-05    -0.0059399321    -0.0026375984     0.0065905899    -0.0041482742    9.1093825e-31   -1.6021766e-19    -9.156439e-20    5.5016057e-19             2982                1
    0.00040533897    6.5529974e-05    -0.0037693121    0.00065465871    -0.0058701751     0.0058014467    9.1093825e-31   -1.6021766e-19    -9.156439e-20    5.5016057e-19             3281                1
     0.0081672044    7.9529193e-05     -0.013328471   -0.00013639327    0.00091955892    0.00082584249    9.1093825e-31   -1.6021766e-19    -9.156439e-20    5.5016057e-19             1982                1
   -0.00054119993    9.3954564e-05    -0.0082098125    -0.0027504908    -0.0088889385     0.0032461567    9.1093825e-31   -1.6021766e-19    -9.156439e-20    5.5016057e-19             3397                1
    -0.0028174103    7.7833356e-05    -0.0056864545   -0.00037193904     0.0089346962    -0.0010132527    9.1093825e-31   -1.6021766e-19    -9.156439e-20    5.5016057e-19             3183                1
   -0.00070229202    6.4560983e-05    -0.0028710752     0.0080118189     0.0074753831    0.00030063881    9.1093825e-31   -1.6021766e-19    -9.156439e-20    5.5016057e-19             2995                1
    -0.0012689581    5.4091663e-05     0.0061723394   -0.00019750628      0.007374696    0.00056888594    9.1093825e-31   -1.6021766e-19    -9.156439e-20    5.5016057e-19             3152                1
     0.0013496534    8.7315457e-05    -0.0051639392    -0.0008634447    -0.0065413662   -0.00011112451    9.1093825e-31   -1.6021766e-19    -9.156439e-20    5.5016057e-19             3370                1
     0.0012511449    8.3749757e-05    -0.0092728548    -0.0016580714    -0.0048070946    0.00082401728    9.1093825e-31   -1.6021766e-19    -9.156439e-20    5.5016057e-19             3314                1
      0.001130826     7.655692e-05    -0.0064708558    0.00095099915    -0.0049460246   -0.00015527691    9.1093825e-31   -1.6021766e-19    -9.156439e-20    5.5016057e-19             3290                1
   -0.00085773587    9.5120726e-05     -0.008311037    6.1391734e-06    -0.0072081122    0.00052644202    9.1093825e-31   -1.6021766e-19    -9.156439e-20    5.5016057e-19             3398                1
     0.0017640592    7.0152797e-05    -0.0020360735     0.0014825602     0.0091551691    -0.0018936986    9.1093825e-31   -1.6021766e-19    -9.156439e-20    5.5016057e-19             3147                1
     0.0014564467    2.9160199e-05      0.011371099     0.0011118599     0.0063328203     0.0007829704    9.1093825e-31   -1.6021766e-19    -9.156439e-20    5.5016057e-19             3287                1
    -0.0024971685    7.0629409e-05    0.00073441374    -0.0035607393      0.011302998    -0.0027744127    9.1093825e-31   -1.6021766e-19    -9.156439e-20    5.5016057e-19             3211                1
      0.001961966    6.7500478e-05      -0.01241805     0.0059755272    -0.0048212199     0.0070331222    9.1093825e-31   -1.6021766e-19    -9.156439e-20    5.5016057e-19             3141                1
    0.00043448334     8.639825e-05    0.00019357936     -0.001031409    -0.0023285751    0.00088432629    9.1093825e-31   -1.6021766e-19    -9.156439e-20    5.5016057e-19             3324                1
     0.0011602299    7.8512901e-05    -0.0065098843     0.0028500501    -0.0071473764    -0.0019007473    9.1093825e-31   -1.6021766e-19    -9.156439e-20    5.5016057e-19             3342                1
    -0.0035788144    7.1608505e-05    -0.0013074673    -0.0010047286     0.0077604377    -0.0030829967    9.1093825e-31   -1.6021766e-19    -9.156439e-20    5.5016057e-19             3057                1
    -0.0035665231    7.4733434e-05    -0.0099323532    -0.0018520469     0.0046671908    0.00053234142    9.1093825e-31   -1.6021766e-19    -9.156439e-20    5.5016057e-19             2969                1
    0.00044362977    7.6358599e-05    -0.0037236062   -0.00020626106    -0.0072968686    -0.0037704676    9.1093825e-31   -1.6021766e-19    -9.156439e-20    5.5016057e-19             3343                1
    -5.089799e-05    9.5049647e-05      0.004262757    -0.0019327812      0.010999531   -0.00010202786    9.1093825e-31   -1.6021766e-19    -9.156439e-20    5.5016057e-19             3134                1
    -0.0025429795    4.0809056e-05    -0.0018827583     0.0043941392     0.0073705651     0.0044689882    9.1093825e-31   -1.6021766e-19    -9.156439e-20    5.5016057e-19             3233                1
     0.0013747019    8.7755696e-05    -0.0033497191     0.0033168206    -0.0046116407    -0.0013678583    9.1093825e-31   -1.6021766e-19    -9.156439e-20    5.5016057e-19             3357                1
     0.0019259831    8.2338469e-05     -0.012640323     0.0047168573    -0.0047840215    0.00087673223    9.1093825e-31   -1.6021766e-19    -9.156439e-20    5.5016057e-19             3262                1
    -0.0015773959    5.3149604e-05     -0.012472938    -0.0015690534    -0.0089019276     0.0013855253    9.1093825e-31   -1.6021766e-19    -9.156439e-20    5.5016057e-19             3243                1
    -0.0028861021     6.700556e-05    -0.0057697576    0.00024921578    -0.0032458438   -0.00055254216    9.1093825e-31   -1.6021766e-19    -9.156439e-20    5.5016057e-19             3200                1
   -0.00041957499    8.9940208e-05    0.00028600564    0.00058590446    -0.0059885336   -0.00065857836    9.1093825e-31   -1.6021766e-19    -9.156439e-20    5.5016057e-19             3382                1
     0.0018596939    5.3119013e-05      -0.01246892    -0.0017773949    -0.0060441992    0.00028745041    9.1093825e-31   -1.6021766e-19    -9.156439e-20    5.5016057e-19             3142                1
   -0.00061861839    8.1385479e-05    -0.0080896756     -0.004036855    -0.0036896253      0.010223696    9.1093825e-31   -1.6021766e-19    -9.156439e-20    5.5016057e-19             3259                1
     0.0029871219    9.3358147e-05    -0.0044250241    5.7940338e-06     -0.003235626    -0.0056075482    9.1093825e-31   -1.6021766e-19    -9.156439e-20    5.5016057e-19             3367                1
    -0.0033771165    4.2666372e-05    -0.0098829279      0.000465055    -0.0083936071   -0.00090098125    9.1093825e-31   -1.6021766e-19    -9.156439e-20    5.5016057e-19             3212                1
    -0.0037964422    2.8190767e-05      0.011664416     0.0064711408    -0.0056044287     0.0024865896    9.1093825e-31   -1.6021766e-19    -9.156439e-20    5.5016057e-19             3003                1
    0.00027702458    9.1113849e-05    0.00016501285      0.002540777    -0.0087761739    -0.0043071569    9.1093825e-31   -1.6021766e-19    -9.156439e-20    5.5016057e-19             3391                1
    -0.0015181669    4.8666039e-05    -0.0084961485    -0.0049434351     -0.008367449     0.0019234659    9.1093825e-31   -1.6021766e-19    -9.156439e-20    5.5016057e-19             3234                1
    -0.0014838612    7.2065137e-05     -0.008507655    7.7389835e-05    -0.0049446602    0.00023683161    9.1093825e-31   -1.6021766e-19    -9.156439e-20    5.5016057e-19             3235                1
    0.00085952308    4.2647178e-05     0.0060331831    -0.0027938113     0.0085195778    0.00042060806    9.1093825e-31   -1.6021766e-19    -9.156439e-20    5.5016057e-19             3236                1
     0.0010466827    5.8398273e-05    -0.0095644807    -0.0027364618    -0.0073356917    -0.0017154979    9.1093825e-31   -1.6021766e-19    -9.156439e-20    5.5016057e-19             3237                1
     0.0011893908    4.6744342e-05      0.011489742   -0.00021117994     0.0075171469     0.0023747755    9.1093825e-31   -1.6021766e-19    -9.156439e-20    5.5016057e-19             3238                1
      0.002698191     3.355445e-05      0.012286166    -0.0030817473      0.005415522   -0.00099295354    9.1093825e-31   -1.6021766e-19    -9.156439e-20    5.5016057e-19             3244                1
    -0.0036798292    4.1781979e-05      0.011592719   -0.00076866319     0.0099692671    -0.0010224221    9.1093825e-31   -1.6021766e-19    -9.156439e-20    5.5016057e-19             3306                1
    -0.0036845757    1.9033425e-05      0.011578526    -0.0018372684     0.0048662513    -0.0042104488    9.1093825e-31   -1.6021766e-19    -9.156439e-20    5.5016057e-19             3307                1
   -0.00088467507    6.3372041e-05    -0.0084286379    -0.0071435878    -0.0090616513     -0.003418158    9.1093825e-31   -1.6021766e-19    -9.156439e-20    5.5016057e-19             3308                1
   -0.00085290795    7.2939736e-05     -0.008413543    -1.279965e-05    -0.0069085597   -3.1094773e-05    9.1093825e-31   -1.6021766e-19    -9.156439e-20    5.5016057e-19             3309                1
     0.0015736884    9.2690934e-05    -0.0051501202     0.0015940485    -0.0040159798     7.894772e-05    9.1093825e-31   -1.6021766e-19    -9.156439e-20    5.5016057e-19             3371                1
     -0.003170548    8.5540458e-05     -0.010302374    -0.0031714474    -0.0082088523     0.0044699307    9.1093825e-31   -1.6021766e-19    -9.156439e-20    5.5016057e-19             3372                1
     0.0011945585    2.4030551e-06      0.013477478     -0.004860369     0.0049204826     0.0046907635    9.1093825e-31   -1.6021766e-19    -9.156439e-20    5.5016057e-19             3399                1
    -0.0015622742    9.7212651e-05     -0.011296306     0.0001504527    -0.0057782154    0.00073221442    9.1093825e-31   -1.6021766e-19    -9.156439e-20    5.5016057e-19             3400                1
    -0.0024994712     9.568705e-05    -0.0020732367    -0.0029626773    -0.0086848335    -0.0013976798    9.1093825e-31   -1.6021766e-19    -9.156439e-20    5.5016057e-19             3401                1
     0.0010384178    9.9460325e-05    -0.0066799768    -0.0013187203    -0.0027465809   -0.00088070129    9.1093825e-31   -1.6021766e-19    -9.156439e-20    5.5016057e-19             3405                1
   -0.00013010012    9.8467547e-07      0.013802841    -0.0021850306      0.004989028    -0.0033309765    9.1093825e-31   -1.6021766e-19    -9.156439e-20    5.5016057e-19             3406                1
