%  ASCII export : 
%
%  Momentum is normalized to the product of particle's mass and speed of light.
%  All other quantities are in SI units.
%
%            posX             posY             posZ             momX             momY             momZ             mass           charge     macro-charge             time       particleID         sourceID

    -0.0012367589    3.6830945e-05     0.0066269152   -7.8717319e-05    -0.0099424515    0.00033020589    9.1093825e-31   -1.6021766e-19    -9.156439e-20    2.3182037e-19             1657                1
      0.003527462    6.9932139e-05      -0.01392773     0.0014729584    0.00079990667   -0.00017588702    9.1093825e-31   -1.6021766e-19    -9.156439e-20    2.3182037e-19                3                0
     -0.009005717    3.4697499e-05    -0.0088616442     0.0015387122    -0.0010689711    -0.0005649646    9.1093825e-31   -1.6021766e-19    -9.156439e-20    2.3182037e-19                5                0
    -0.0025908502    5.2057458e-05    9.3715164e-05   -0.00027635595     -0.003164066   -0.00056033151    9.1093825e-31   -1.6021766e-19    -9.156439e-20    2.3182037e-19              348                0
    -0.0093153175    4.9345144e-05    -0.0044812532     0.0020757921    -0.0011038687    0.00086014433    9.1093825e-31   -1.6021766e-19    -9.156439e-20    2.3182037e-19             1002                1
     0.0033621651    3.4063905e-05     0.0078565944   -0.00070208265    -0.0017488331      0.002802528    9.1093825e-31   -1.6021766e-19    -9.156439e-20    2.3182037e-19             1435                1
    -0.0063350401    3.4495552e-05     0.0040023737    7.3486131e-05    -0.0010178965    2.9533328e-05    9.1093825e-31   -1.6021766e-19    -9.156439e-20    2.3182037e-19              997                0
   -0.00067643425    4.3830867e-05     -0.012125402    0.00043321779   -0.00064428028    -0.0011850854    9.1093825e-31   -1.6021766e-19    -9.156439e-20    2.3182037e-19               55                0
      0.006374984    2.0827965e-05      0.014266198   -0.00056427857     0.0014376579    0.00091684971    9.1093825e-31   -1.6021766e-19    -9.156439e-20    2.3182037e-19              171                0
     0.0025865401    1.9018968e-05    0.00048636107     0.0037143116    -0.0030547881     0.0012091653    9.1093825e-31   -1.6021766e-19    -9.156439e-20    2.3182037e-19              822                0
     0.0044544823     5.125899e-05     0.0052826824    -0.0005852519     -0.000669648   -0.00038492176    9.1093825e-31   -1.6021766e-19    -9.156439e-20    2.3182037e-19              154                0
     0.0065089315    5.9834147e-05     -0.013409631     0.0014068419    0.00022691692     0.0013945115    9.1093825e-31   -1.6021766e-19    -9.156439e-20    2.3182037e-19              488                0
     0.0070346221    9.3770068e-05      0.013635653     0.0026864219      0.002470505    0.00019349149    9.1093825e-31   -1.6021766e-19    -9.156439e-20    2.3182037e-19              405                0
    0.00041314252    4.7186761e-05      0.012851509    -0.0038590622    -0.0065610264    -0.0063236626    9.1093825e-31   -1.6021766e-19    -9.156439e-20    2.3182037e-19             1663                1
   -0.00078512018    1.0213825e-05    -0.0027043195     0.0043653795     0.0055954927    -0.0030716588    9.1093825e-31   -1.6021766e-19    -9.156439e-20    2.3182037e-19             1774                1
     0.0082540801    1.6898341e-05   -0.00071660138    4.0101073e-05    -0.0018024001    -0.0015460532    9.1093825e-31   -1.6021766e-19    -9.156439e-20    2.3182037e-19              193                0
     0.0079025971     8.949601e-05     0.0077140657    0.00046815746    0.00092366681    -0.0015607565    9.1093825e-31   -1.6021766e-19    -9.156439e-20    2.3182037e-19              235                0
     0.0080658142    2.8861865e-05      0.008603246    -0.0021815139   -0.00014158939   -0.00020151952    9.1093825e-31   -1.6021766e-19    -9.156439e-20    2.3182037e-19              961                0
     0.0086611668    2.6901202e-05     0.0001665577     0.0020795704   -0.00070539134    0.00017330465    9.1093825e-31   -1.6021766e-19    -9.156439e-20    2.3182037e-19              386                0
    -0.0030670203    1.7485152e-05     -0.010442672     0.0042752065     0.0038635936   -0.00033854356    9.1093825e-31   -1.6021766e-19    -9.156439e-20    2.3182037e-19             1682                1
    -0.0051596244    7.1735662e-06     -0.014021981    -0.0021245882   -0.00038261537    -0.0013936058    9.1093825e-31   -1.6021766e-19    -9.156439e-20    2.3182037e-19              293                0
    -0.0039337995    6.4345892e-05      -0.01316651   -0.00037684166    0.00096362201    -0.0020545989    9.1093825e-31   -1.6021766e-19    -9.156439e-20    2.3182037e-19              645                0
    -0.0052783792    8.1316379e-05     0.0089655304     0.0014933937    0.00061585411   -0.00043923446    9.1093825e-31   -1.6021766e-19    -9.156439e-20    2.3182037e-19              355                0
     0.0076970141    4.2077751e-05      -0.01191712   -0.00083684613   -0.00045731396    0.00070914463    9.1093825e-31   -1.6021766e-19    -9.156439e-20    2.3182037e-19              451                0
    -0.0067702564    1.8519206e-05      0.011560945     0.0022846067    0.00092092529    -0.0018211143    9.1093825e-31   -1.6021766e-19    -9.156439e-20    2.3182037e-19              716                0
    -0.0064168461     3.961469e-05    -0.0020582953   -0.00010595407    -0.0017725087    0.00093418406    9.1093825e-31   -1.6021766e-19    -9.156439e-20    2.3182037e-19               32                0
     0.0055413959    9.4076029e-05      0.011531131   -0.00029379185     0.0073282807   -0.00010393774    9.1093825e-31   -1.6021766e-19    -9.156439e-20    2.3182037e-19             1607                1
      0.008314495    3.6411373e-05    0.00065722741    -0.0016661361   -0.00068638456    -0.0006216903    9.1093825e-31   -1.6021766e-19    -9.156439e-20    2.3182037e-19              455                0
      0.005878693    3.3381755e-05     0.0030106993   -0.00041412236    -0.0016906912   -5.1445181e-06    9.1093825e-31   -1.6021766e-19    -9.156439e-20    2.3182037e-19              475                0
    -0.0034877048    8.9298461e-05    -0.0064266277     -0.001566381    0.00083632622   -0.00019488193    9.1093825e-31   -1.6021766e-19    -9.156439e-20    2.3182037e-19             1466                1
     0.0033129845    9.8867262e-05      0.014379556   -0.00024397303     0.0040546255     0.0032798166    9.1093825e-31   -1.6021766e-19    -9.156439e-20    2.3182037e-19                7                0
     0.0051474753    3.6781625e-05    -0.0021658265    0.00082029845    -0.0030587479     0.0019346786    9.1093825e-31   -1.6021766e-19    -9.156439e-20    2.3182037e-19              535                0
    -0.0013530336    3.9410887e-05    -0.0081291152   -0.00081688107     0.0099879187     0.0024140275    9.1093825e-31   -1.6021766e-19    -9.156439e-20    2.3182037e-19             1736                1
    -0.0014482182    1.4917005e-05    -0.0085644173     0.0020382432    -0.0066113151     0.0034797222    9.1093825e-31   -1.6021766e-19    -9.156439e-20    2.3182037e-19             1601                1
    -0.0015720753    8.4535735e-05        0.0107122    -0.0039371992    -0.0044984464    -0.0040316153    9.1093825e-31   -1.6021766e-19    -9.156439e-20    2.3182037e-19             1739                1
     -0.005525351    2.7771532e-05     0.0063197766     0.0014788414   -0.00023235302     0.0014961144    9.1093825e-31   -1.6021766e-19    -9.156439e-20    2.3182037e-19              902                0
    0.00010277944    1.6629143e-05     0.0033157237     0.0024717308    -0.0026520051    -0.0010219854    9.1093825e-31   -1.6021766e-19    -9.156439e-20    2.3182037e-19              173                0
    0.00010300927    2.2385025e-06    -0.0012044115    -0.0059262472     0.0044682799     0.0028085508    9.1093825e-31   -1.6021766e-19    -9.156439e-20    2.3182037e-19             1787                1
    -0.0050725066    8.4949606e-05    -0.0018188744    0.00082182413   -0.00072504889    -0.0020140547    9.1093825e-31   -1.6021766e-19    -9.156439e-20    2.3182037e-19             1206                1
    -0.0067360816      3.65007e-05     0.0039774696     0.0031002366   -0.00075182988    -0.0015921603    9.1093825e-31   -1.6021766e-19    -9.156439e-20    2.3182037e-19              695                0
     0.0069953152    5.9363028e-06     0.0080885608    0.00093458284     0.0024179495   -0.00055348838    9.1093825e-31   -1.6021766e-19    -9.156439e-20    2.3182037e-19             1763                1
     0.0050601694    9.6687596e-05     0.0071458011   -0.00022231146      0.001135243     0.0036262008    9.1093825e-31   -1.6021766e-19    -9.156439e-20    2.3182037e-19              847                0
     0.0065011443    3.3914283e-05    -0.0076580481     0.0022306258   -0.00079673383     0.0016484787    9.1093825e-31   -1.6021766e-19    -9.156439e-20    2.3182037e-19                4                0
     0.0031215881    4.9827257e-05      0.014180963   -9.3068425e-05    -0.0085761854   -0.00033913794    9.1093825e-31   -1.6021766e-19    -9.156439e-20    2.3182037e-19             1707                1
    -0.0044521075    5.7580091e-05      0.012078724    0.00010431868     0.0030664511   -0.00014440708    9.1093825e-31   -1.6021766e-19    -9.156439e-20    2.3182037e-19             1316                1
    -0.0061341254    2.0158745e-05     -0.011991897    1.5220114e-05   -0.00058722723    -0.0013673318    9.1093825e-31   -1.6021766e-19    -9.156439e-20    2.3182037e-19              385                0
    -0.0021429516    8.8595232e-05     0.0061948728   -0.00010970928    -0.0070246705     0.0031504908    9.1093825e-31   -1.6021766e-19    -9.156439e-20    2.3182037e-19             1772                1
    -0.0053120716    1.8284873e-05     0.0049264277     -0.001077296    -0.0019948187    -0.0004936686    9.1093825e-31   -1.6021766e-19    -9.156439e-20    2.3182037e-19              248                0
    -0.0012054271    4.6429726e-05     0.0046253009     0.0014586115    -0.0017011423     0.0014637168    9.1093825e-31   -1.6021766e-19    -9.156439e-20    2.3182037e-19              968                0
    -0.0051000942    8.2092403e-05     0.0060836803    -0.0010654207    0.00015636122     0.0012482641    9.1093825e-31   -1.6021766e-19    -9.156439e-20    2.3182037e-19              895                0
     0.0010225872    3.4857185e-05      0.005957087     0.0019377319     -0.013028844    -0.0001675719    9.1093825e-31   -1.6021766e-19    -9.156439e-20    2.3182037e-19             1702                1
     0.0061578685    3.4123281e-05     0.0048098946    -0.0011220466   -0.00048390237    0.00066341058    9.1093825e-31   -1.6021766e-19    -9.156439e-20    2.3182037e-19              751                0
     0.0075185695    1.1187926e-05    -0.0091339992   -0.00071000773   -0.00099679048    0.00033191545    9.1093825e-31   -1.6021766e-19    -9.156439e-20    2.3182037e-19               10                0
     -0.005937424    1.5486998e-05     0.0018262599    4.4113363e-05     -0.002458636     0.0019861143    9.1093825e-31   -1.6021766e-19    -9.156439e-20    2.3182037e-19              832                0
   -0.00085385394    1.6635004e-05    -0.0058221016   -0.00082331192     0.0043927617    -0.0094965426    9.1093825e-31   -1.6021766e-19    -9.156439e-20    2.3182037e-19             1743                1
    -0.0073427367    7.0360926e-05    -0.0069784834    -0.0011538379    -0.0011313652    -0.0026718716    9.1093825e-31   -1.6021766e-19    -9.156439e-20    2.3182037e-19              532                0
    -0.0037851376    6.1885134e-05      0.011557163    -0.0006174692    -0.0077145388   -0.00077298936    9.1093825e-31   -1.6021766e-19    -9.156439e-20    2.3182037e-19             1713                1
     -0.004574229    7.3147552e-05     0.0036546474    2.0567742e-05    -0.0057232543   -0.00055736717    9.1093825e-31   -1.6021766e-19    -9.156439e-20    2.3182037e-19             1681                1
     0.0011146687    2.9107345e-05    -0.0092489216    -0.0034868929     0.0075325794    -0.0034755201    9.1093825e-31   -1.6021766e-19    -9.156439e-20    2.3182037e-19             1730                1
     0.0047708694    5.6419149e-06    -0.0034316727    0.00017317924     0.0071212598     8.060666e-05    9.1093825e-31   -1.6021766e-19    -9.156439e-20    2.3182037e-19             1784                1
     0.0033529792     5.260676e-05      0.012733292   -0.00017286236    -0.0069611981    -0.0026181778    9.1093825e-31   -1.6021766e-19    -9.156439e-20    2.3182037e-19             1684                1
    -0.0012818478    2.4521862e-05     0.0027805208    -0.0016784673    -0.0025295706   -0.00062982447    9.1093825e-31   -1.6021766e-19    -9.156439e-20    2.3182037e-19               96                0
     0.0018732739    8.6890002e-05      0.012037649     0.0028035229    -0.0024614497   -0.00052213803    9.1093825e-31   -1.6021766e-19    -9.156439e-20    2.3182037e-19             1692                1
     0.0035721089    8.6839529e-05     0.0012155428    0.00090834108    -0.0013130741   -0.00025667451    9.1093825e-31   -1.6021766e-19    -9.156439e-20    2.3182037e-19              201                0
    -0.0010357947     6.448599e-05     0.0058314465     0.0021599601    -0.0071124043     0.0013391826    9.1093825e-31   -1.6021766e-19    -9.156439e-20    2.3182037e-19             1670                1
    -0.0026734369     8.199655e-05     0.0065233367    -0.0017456674    0.00063477986     0.0019381766    9.1093825e-31   -1.6021766e-19    -9.156439e-20    2.3182037e-19              288                0
     0.0061485986     5.228895e-05     -0.014190883     0.0010221323     0.0010854985   -0.00096865156    9.1093825e-31   -1.6021766e-19    -9.156439e-20    2.3182037e-19              365                0
    -0.0012008621    1.4024437e-05     0.0066078375     0.0042388001     -0.012692011    -0.0019593879    9.1093825e-31   -1.6021766e-19    -9.156439e-20    2.3182037e-19             1656                1
    -0.0086365817    1.0192337e-05     -0.012886109   -0.00016869261   -0.00054780178    -0.0017665849    9.1093825e-31   -1.6021766e-19    -9.156439e-20    2.3182037e-19              301                0
    -0.0050564669    2.6061145e-05     0.0089277867    -0.0021694731    0.00016728607   -7.9015643e-07    9.1093825e-31   -1.6021766e-19    -9.156439e-20    2.3182037e-19              662                0
    -0.0075558131    5.2705236e-05    0.00087562937      0.001478425    0.00081337936    0.00068000861    9.1093825e-31   -1.6021766e-19    -9.156439e-20    2.3182037e-19             1389                1
    -0.0075349486    1.2437783e-05     0.0018819517   -0.00074871635    -0.0018490184    -0.0018013596    9.1093825e-31   -1.6021766e-19    -9.156439e-20    2.3182037e-19               12                0
     0.0013377742    7.2667703e-05       0.01136418    -0.0039386917    -0.0050435988     0.0033739083    9.1093825e-31   -1.6021766e-19    -9.156439e-20    2.3182037e-19             1695                1
     -0.004315685    7.5803691e-05     0.0060552759     0.0016048036   -0.00023634285    -0.0007843856    9.1093825e-31   -1.6021766e-19    -9.156439e-20    2.3182037e-19              628                0
     0.0065733255    5.7452471e-05     0.0057137366     0.0004335001   -0.00087659236   -0.00062824285    9.1093825e-31   -1.6021766e-19    -9.156439e-20    2.3182037e-19              420                0
     0.0014657935    1.8768535e-05    -0.0089209797    0.00011676842     0.0036389006    0.00031958846    9.1093825e-31   -1.6021766e-19    -9.156439e-20    2.3182037e-19             1677                1
   -0.00065067428    3.6755362e-05    -0.0082830573    0.00095937023     0.0054974752    -0.0068336348    9.1093825e-31   -1.6021766e-19    -9.156439e-20    2.3182037e-19             1668                1
   -0.00078940362    9.9795352e-06    -0.0027149997     0.0019616226     0.0054644835    -0.0090654176    9.1093825e-31   -1.6021766e-19    -9.156439e-20    2.3182037e-19             1773                1
    -0.0013129315    2.4254592e-05     -0.014184759   -0.00044774637     0.0069969255     0.0049773077    9.1093825e-31   -1.6021766e-19    -9.156439e-20    2.3182037e-19             1728                1
    -0.0067076017    6.2967425e-05    -0.0032461055     0.0011379399   -0.00091151003    0.00097655103    9.1093825e-31   -1.6021766e-19    -9.156439e-20    2.3182037e-19              984                0
    -0.0021620875    8.9206027e-05      0.013723394    0.00024162685     0.0085670603   -0.00033835089    9.1093825e-31   -1.6021766e-19    -9.156439e-20    2.3182037e-19             1608                1
    -0.0016229552    5.4569769e-05     -0.011179279     0.0051187887     0.0083313249    -0.0024786603    9.1093825e-31   -1.6021766e-19    -9.156439e-20    2.3182037e-19             1658                1
     0.0052563427    5.9300233e-05     0.0064466125       0.00108324   -0.00039391025   -0.00040238077    9.1093825e-31   -1.6021766e-19    -9.156439e-20    2.3182037e-19              580                0
    -0.0022853273    1.3894609e-06     0.0029222069    -0.0011197188     -0.015094759     0.0036821656    9.1093825e-31   -1.6021766e-19    -9.156439e-20    2.3182037e-19             1662                1
     0.0084644221    3.1086242e-05     -0.012762902    -0.0022372184    0.00038707664     0.0022222975    9.1093825e-31   -1.6021766e-19    -9.156439e-20    2.3182037e-19              586                0
     0.0015545432    3.4282821e-05     -0.012931799   -0.00037278628     0.0075637824   -0.00056600187    9.1093825e-31   -1.6021766e-19    -9.156439e-20    2.3182037e-19             1698                1
     -0.005091534    4.6724388e-05    -0.0051595098     0.0010571615    -0.0020336949    -0.0009457377    9.1093825e-31   -1.6021766e-19    -9.156439e-20    2.3182037e-19              660                0
      0.008940367    6.4868487e-05     0.0048105577   -0.00079456676     0.0010071214     0.0014984058    9.1093825e-31   -1.6021766e-19    -9.156439e-20    2.3182037e-19             1080                1
    -0.0077938419    4.2017731e-05      0.010931757    0.00063079159    0.00051595824     0.0015232263    9.1093825e-31   -1.6021766e-19    -9.156439e-20    2.3182037e-19              652                0
     0.0020928087     7.905269e-05      0.014635052      -0.00229701    -0.0085414369   -4.7137561e-05    9.1093825e-31   -1.6021766e-19    -9.156439e-20    2.3182037e-19             1760                1
     0.0012892295    4.8424113e-06     0.0025447563     -0.010759594     0.0015098506     0.0015337315    9.1093825e-31   -1.6021766e-19    -9.156439e-20    2.3182037e-19             1764                1
    -0.0089856787    1.7172626e-05     0.0015190053    -0.0022046177   -0.00059482019    0.00013330717    9.1093825e-31   -1.6021766e-19    -9.156439e-20    2.3182037e-19              760                0
     0.0018513894     7.558291e-05      0.012039538   -0.00054668944    -0.0041903122   -0.00023239816    9.1093825e-31   -1.6021766e-19    -9.156439e-20    2.3182037e-19             1691                1
     -0.004517924    8.2662438e-05     0.0065487195     -0.001397637    -0.0056208554   -0.00074413087    9.1093825e-31   -1.6021766e-19    -9.156439e-20    2.3182037e-19             1746                1
     0.0024143697    2.5233501e-05    -0.0092447251    -0.0011094778     0.0049613351     -0.004055887    9.1093825e-31   -1.6021766e-19    -9.156439e-20    2.3182037e-19             1694                1
     0.0058593024    6.9344162e-05    -0.0074603222   -0.00013629449   -0.00086051627   -0.00093661994    9.1093825e-31   -1.6021766e-19    -9.156439e-20    2.3182037e-19              840                0
     0.0030315151    4.4922876e-05    -0.0056403098    -0.0017375748    -0.0030811958     1.477862e-05    9.1093825e-31   -1.6021766e-19    -9.156439e-20    2.3182037e-19              860                0
    -0.0039098742    1.7942839e-05    -0.0020498743    -2.363259e-06    -0.0033523906   -0.00049777102    9.1093825e-31   -1.6021766e-19    -9.156439e-20    2.3182037e-19              880                0
     -0.003224649    2.8742044e-05     -0.012457157   -0.00084792217   -0.00037877646    -0.0015418567    9.1093825e-31   -1.6021766e-19    -9.156439e-20    2.3182037e-19              900                0
    -0.0065502506    1.8887522e-05    -0.0087365378    0.00093517365   -0.00098647294    -0.0013279509    9.1093825e-31   -1.6021766e-19    -9.156439e-20    2.3182037e-19              132                0
     0.0033940491    9.4838353e-05      0.012733934    0.00070933043     0.0069351518   -0.00024135852    9.1093825e-31   -1.6021766e-19    -9.156439e-20    2.3182037e-19             1499                1
    -0.0073021171    3.7852587e-05    -0.0026990792    0.00063540792   -0.00060614414    0.00067814841    9.1093825e-31   -1.6021766e-19    -9.156439e-20    2.3182037e-19             1012                1
    -0.0036998463    4.7603804e-05    0.00036167479     -0.001314959    -0.0027916599     0.0026039088    9.1093825e-31   -1.6021766e-19    -9.156439e-20    2.3182037e-19              893                0
     0.0075255549    3.4523127e-05     -0.012943494     0.0023652106    0.00010967127    -0.0017004027    9.1093825e-31   -1.6021766e-19    -9.156439e-20    2.3182037e-19              311                0
    -0.0069382051    2.9301193e-05    -0.0077878628     -0.001277297    -0.0013947923     0.0005533548    9.1093825e-31   -1.6021766e-19    -9.156439e-20    2.3182037e-19              791                0
     -0.004106883    3.0310923e-05    -0.0096624438     0.0010482071     0.0066125649     0.0053791874    9.1093825e-31   -1.6021766e-19    -9.156439e-20    2.3182037e-19             1712                1
    -0.0030260955    2.4028512e-05     0.0050981138   -0.00023816268     -0.001001198    -0.0012222371    9.1093825e-31   -1.6021766e-19    -9.156439e-20    2.3182037e-19              110                0
     0.0023033202    8.7968783e-06   -5.4681404e-05     0.0017123163     0.0060776547   -0.00050305878    9.1093825e-31   -1.6021766e-19    -9.156439e-20    2.3182037e-19             1779                1
     0.0011534698     4.864412e-05    -0.0067370823      0.001102039     0.0048444769     0.0022731228    9.1093825e-31   -1.6021766e-19    -9.156439e-20    2.3182037e-19             1649                1
    -0.0062064561    2.5531685e-05     0.0028827023    4.6934128e-05    -0.0011272273   -0.00011879404    9.1093825e-31   -1.6021766e-19    -9.156439e-20    2.3182037e-19              677                0
    0.00061989477    7.8475612e-05     0.0097530913     0.0041759359    -0.0073172781     0.0055349469    9.1093825e-31   -1.6021766e-19    -9.156439e-20    2.3182037e-19             1752                1
    -0.0084772743    5.6129513e-05    -0.0047899303    0.00033541376   -0.00015696927   -0.00011259228    9.1093825e-31   -1.6021766e-19    -9.156439e-20    2.3182037e-19              210                0
    -0.0010514659    1.1008943e-05    -0.0059113125     0.0057775616     0.0027799201     0.0052181729    9.1093825e-31   -1.6021766e-19    -9.156439e-20    2.3182037e-19             1738                1
     0.0079236859    5.9317175e-05     0.0084057087   -0.00032326867    0.00026234917      0.001262093    9.1093825e-31   -1.6021766e-19    -9.156439e-20    2.3182037e-19              254                0
     0.0059062298    7.5683784e-05     0.0044809654   -0.00064655894   -0.00080070639   -0.00088125624    9.1093825e-31   -1.6021766e-19    -9.156439e-20    2.3182037e-19              270                0
      0.009279565    7.8493467e-05      0.012585698     0.0010806883     0.0010101317   -0.00051244948    9.1093825e-31   -1.6021766e-19    -9.156439e-20    2.3182037e-19              812                0
     0.0089203119    2.7176719e-05     -0.013922453   -0.00069634354   -0.00079270441    0.00016465891    9.1093825e-31   -1.6021766e-19    -9.156439e-20    2.3182037e-19              310                0
     0.0078317169    1.5669219e-05     -0.011324672    0.00020514982    -0.0012993548    0.00046835633    9.1093825e-31   -1.6021766e-19    -9.156439e-20    2.3182037e-19              407                0
    -0.0037425109    2.3269713e-05    -0.0015435567     0.0036430573     0.0055785589      0.001010125    9.1093825e-31   -1.6021766e-19    -9.156439e-20    2.3182037e-19             1747                1
    -0.0075231628    3.7017886e-05     -0.012126403    -0.0011405507    0.00041433243    -0.0012044717    9.1093825e-31   -1.6021766e-19    -9.156439e-20    2.3182037e-19              673                0
     0.0089496002    7.4104355e-05     0.0060906848     -0.001443992    0.00078337506    0.00046901719    9.1093825e-31   -1.6021766e-19    -9.156439e-20    2.3182037e-19              390                0
     0.0085203247    2.2142502e-05      0.010219115     0.0002600608    0.00014659845   -9.2367729e-05    9.1093825e-31   -1.6021766e-19    -9.156439e-20    2.3182037e-19              410                0
     0.0022984287    1.1846245e-05   -5.3785403e-05    -0.0018171166     0.0082776081    0.00014300726    9.1093825e-31   -1.6021766e-19    -9.156439e-20    2.3182037e-19             1778                1
    -0.0013893017    5.1562885e-05     -0.012525319     0.0068807825      0.007667549    -0.0076078498    9.1093825e-31   -1.6021766e-19    -9.156439e-20    2.3182037e-19             1648                1
   -3.5213176e-05    6.1496583e-05      0.014561703   -5.6214718e-05     0.0066033918    0.00014744162    9.1093825e-31   -1.6021766e-19    -9.156439e-20    2.3182037e-19             1500                1
     0.0044468464    4.6916171e-05      -0.01347997    0.00049313635    -0.0018378437   -6.8324734e-05    9.1093825e-31   -1.6021766e-19    -9.156439e-20    2.3182037e-19             1596                1
    -0.0087342896    8.0289879e-05     0.0050036423    -0.0012688512    0.00070224539     0.0016878496    9.1093825e-31   -1.6021766e-19    -9.156439e-20    2.3182037e-19              510                0
    -0.0094369901    9.1140508e-05    -0.0066628787    0.00040288887   -0.00028127513    0.00041479143    9.1093825e-31   -1.6021766e-19    -9.156439e-20    2.3182037e-19              192                0
    -0.0042117378     2.155043e-05    -0.0097956443     0.0011294703     0.0037204186   -0.00079707906    9.1093825e-31   -1.6021766e-19    -9.156439e-20    2.3182037e-19             1664                1
     0.0090713762    1.7700677e-05     -0.012567834     -0.002503061   -0.00091860048    -0.0020286527    9.1093825e-31   -1.6021766e-19    -9.156439e-20    2.3182037e-19              747                0
     0.0033181729    9.1083035e-05     0.0092508132     -0.002445888    -0.0057545202   -0.00046038447    9.1093825e-31   -1.6021766e-19    -9.156439e-20    2.3182037e-19             1775                1
     0.0034630422    4.8121812e-05     0.0032641799     0.0011623928    -0.0016732878     0.0021973071    9.1093825e-31   -1.6021766e-19    -9.156439e-20    2.3182037e-19              991                0
    -0.0019143501    6.3702275e-05     0.0045823562    -0.0013074916    -0.0016554737    -0.0013508335    9.1093825e-31   -1.6021766e-19    -9.156439e-20    2.3182037e-19              630                0
     -0.009227003    2.9343275e-05    -0.0018862317     0.0011820232   -0.00050163403   -0.00095271628    9.1093825e-31   -1.6021766e-19    -9.156439e-20    2.3182037e-19              212                0
      0.008426548     2.599614e-05     0.0016024277    0.00021635383    -0.0006145488   -0.00082996814    9.1093825e-31   -1.6021766e-19    -9.156439e-20    2.3182037e-19              525                0
     0.0092058564    1.0685607e-05    -0.0091261249      0.001134129   -0.00024517562    -0.0014044013    9.1093825e-31   -1.6021766e-19    -9.156439e-20    2.3182037e-19              690                0
    -0.0011560569    8.0758335e-05     0.0066715856    -0.0043244753     -0.004836767     0.0049791727    9.1093825e-31   -1.6021766e-19    -9.156439e-20    2.3182037e-19             1674                1
    -0.0014663782    7.3789983e-05    -0.0066813366   -0.00091455522    -0.0015228372    -0.0012317017    9.1093825e-31   -1.6021766e-19    -9.156439e-20    2.3182037e-19             1170                1
    -0.0087513244    6.9471113e-05    -0.0012529441    0.00091660518   -0.00075878494    0.00099278532    9.1093825e-31   -1.6021766e-19    -9.156439e-20    2.3182037e-19              750                0
    -0.0016459067    9.8976006e-06     0.0084081665      0.001191886   -0.00056007749    -0.0016464354    9.1093825e-31   -1.6021766e-19    -9.156439e-20    2.3182037e-19             1655                1
    -0.0089271683    2.3253104e-05      0.010367275     0.0017796913    -0.0021549701   -0.00056014973    9.1093825e-31   -1.6021766e-19    -9.156439e-20    2.3182037e-19             1370                1
    -0.0039997627    1.6099695e-05     0.0093988823      0.003999182     -0.012133097    -0.0022637346    9.1093825e-31   -1.6021766e-19    -9.156439e-20    2.3182037e-19             1669                1
     -0.007530598    5.9939153e-05    -0.0013558284     0.0028695462   -0.00057625159   -0.00085134932    9.1093825e-31   -1.6021766e-19    -9.156439e-20    2.3182037e-19              257                0
    -0.0056176679    4.8886475e-05     0.0057944339     -0.001096815   -0.00016220546     0.0010281029    9.1093825e-31   -1.6021766e-19    -9.156439e-20    2.3182037e-19              220                0
     0.0067437375      7.63399e-05     0.0091452207     -0.001639329     0.0015508808     0.0013767466    9.1093825e-31   -1.6021766e-19    -9.156439e-20    2.3182037e-19              870                0
     0.0064677433    2.4950186e-05    -0.0084709618    -0.0027517404   -0.00091794494   -0.00053950312    9.1093825e-31   -1.6021766e-19    -9.156439e-20    2.3182037e-19              931                0
    -0.0010830233     3.960255e-05     0.0056931232    -0.0053605158     -0.010848867    0.00058522203    9.1093825e-31   -1.6021766e-19    -9.156439e-20    2.3182037e-19             1676                1
     0.0041708499    8.6665757e-05     -0.014875569    -0.0013372939      0.001650718    -0.0022183545    9.1093825e-31   -1.6021766e-19    -9.156439e-20    2.3182037e-19              833                0
    -0.0076554655    1.4847046e-05     0.0045385226   -0.00040672382    -0.0011858976     0.0013640447    9.1093825e-31   -1.6021766e-19    -9.156439e-20    2.3182037e-19              633                0
   -0.00016585989    2.8193999e-06    -0.0035582662    0.00056570733    -0.0024559835    -0.0030537618    9.1093825e-31   -1.6021766e-19    -9.156439e-20    2.3182037e-19             1630                1
     0.0048358827    4.7200239e-05     0.0071257623    0.00021334803   -0.00045771946     0.0030141564    9.1093825e-31   -1.6021766e-19    -9.156439e-20    2.3182037e-19               18                0
     0.0059691723    1.3565876e-05    -0.0028928975    -0.0011346566    -0.0018295239    -0.0022764069    9.1093825e-31   -1.6021766e-19    -9.156439e-20    2.3182037e-19              256                0
     -0.001722254    6.3303363e-05     0.0017825012    0.00069313997     -0.008490772     0.0023306042    9.1093825e-31   -1.6021766e-19    -9.156439e-20    2.3182037e-19             1710                1
    -0.0036027294    1.4759248e-06     -0.014342904    -0.0023528086    0.00042426153    0.00043926717    9.1093825e-31   -1.6021766e-19    -9.156439e-20    2.3182037e-19              567                0
     0.0033629667    7.8896206e-05      0.012699519   -0.00038493879    -0.0044212006   -0.00072198641    9.1093825e-31   -1.6021766e-19    -9.156439e-20    2.3182037e-19             1715                1
    -0.0016150464    4.2366592e-05     -0.011182808     0.0060691978     0.0068652425    -0.0029048433    9.1093825e-31   -1.6021766e-19    -9.156439e-20    2.3182037e-19             1659                1
    -0.0026386986    3.4180397e-05     -0.013950965     0.0042603184      0.009333156     0.0013900849    9.1093825e-31   -1.6021766e-19    -9.156439e-20    2.3182037e-19             1733                1
    -0.0090400251    9.0437199e-05      0.012490359    -0.0017068426     0.0012094323    2.0211904e-05    9.1093825e-31   -1.6021766e-19    -9.156439e-20    2.3182037e-19              865                0
     0.0092260223    6.0133381e-05    0.00092123501     0.0014055867   -0.00062003842   -0.00017842534    9.1093825e-31   -1.6021766e-19    -9.156439e-20    2.3182037e-19              637                0
      0.001199779    8.2533115e-05      0.013638272    -0.0010531743    -0.0038086302    -0.0010497461    9.1093825e-31   -1.6021766e-19    -9.156439e-20    2.3182037e-19             1723                1
     -0.003065879    3.8329752e-05     -0.010438834     0.0044420618     0.0068703955    0.00021820499    9.1093825e-31   -1.6021766e-19    -9.156439e-20    2.3182037e-19             1683                1
     0.0047456603    7.0805101e-05     0.0021167838   -0.00073369563    -0.0014275633     0.0011525709    9.1093825e-31   -1.6021766e-19    -9.156439e-20    2.3182037e-19              229                0
    -0.0028778496    1.3528604e-05    -0.0056561194    0.00042985129    -0.0034085303    -0.0028040726    9.1093825e-31   -1.6021766e-19    -9.156439e-20    2.3182037e-19              507                0
     -0.008591664    6.9870373e-05    -0.0014444159    0.00081789412   -0.00082238886   -0.00040288246    9.1093825e-31   -1.6021766e-19    -9.156439e-20    2.3182037e-19              894                0
    -0.0027625221    1.8218672e-05    -0.0088937487    0.00068593706    -0.0054240641    -0.0015720887    9.1093825e-31   -1.6021766e-19    -9.156439e-20    2.3182037e-19             1482                1
     0.0078424094    6.8490343e-05    -0.0032306816     0.0016446946    -0.0013086575     0.0023105748    9.1093825e-31   -1.6021766e-19    -9.156439e-20    2.3182037e-19              309                0
    -0.0089344978    5.1969892e-05       0.01124222   -0.00022480999    0.00037566136   -0.00060468115    9.1093825e-31   -1.6021766e-19    -9.156439e-20    2.3182037e-19              329                0
     0.0077067045    5.2714357e-05      -0.01412454     -0.002901712     0.0010155751     0.0013577493    9.1093825e-31   -1.6021766e-19    -9.156439e-20    2.3182037e-19              349                0
     0.0090849455    6.2177365e-05     0.0078808535    -0.0010169349    7.8239194e-05     0.0016580478    9.1093825e-31   -1.6021766e-19    -9.156439e-20    2.3182037e-19              369                0
    -0.0028754044    8.2333761e-05    -0.0069502569    -0.0019252277    0.00049805688   -0.00044863563    9.1093825e-31   -1.6021766e-19    -9.156439e-20    2.3182037e-19             1453                1
    0.00033749148    6.2126259e-05      0.012636966    -0.0028992821     0.0059927031    -0.0073857908    9.1093825e-31   -1.6021766e-19    -9.156439e-20    2.3182037e-19             1507                1
    -0.0022879236    5.6605335e-05     0.0071887504     0.0020489409    0.00072776206    0.00015716863    9.1093825e-31   -1.6021766e-19    -9.156439e-20    2.3182037e-19              632                0
     0.0055416217    2.0979029e-05     0.0035407543    -0.0014196504    -0.0015108264   -0.00024404314    9.1093825e-31   -1.6021766e-19    -9.156439e-20    2.3182037e-19              251                0
    -0.0089836791    9.3518523e-05    0.00046451428     0.0010522706    2.1413061e-05    0.00012336603    9.1093825e-31   -1.6021766e-19    -9.156439e-20    2.3182037e-19              469                0
     0.0063684196    4.6305831e-06    -0.0093923183     0.0023239385    -0.0021396342   -0.00017881884    9.1093825e-31   -1.6021766e-19    -9.156439e-20    2.3182037e-19             1004                1
     0.0015515978    8.2463186e-05      0.011486102    -0.0014085778     -0.003251466     -0.001536868    9.1093825e-31   -1.6021766e-19    -9.156439e-20    2.3182037e-19             1689                1
     0.0073850355     3.310763e-05    0.00090230897    -0.0015545338   -0.00064583658   -0.00085188192    9.1093825e-31   -1.6021766e-19    -9.156439e-20    2.3182037e-19              476                0
    -0.0049725547    1.9043706e-05     -0.012687465     0.0013650142    0.00015153165    -0.0016460812    9.1093825e-31   -1.6021766e-19    -9.156439e-20    2.3182037e-19              549                0
    -0.0011180228    9.2728318e-05      0.010160485     0.0026314761     0.0018982883     0.0007168114    9.1093825e-31   -1.6021766e-19    -9.156439e-20    2.3182037e-19              569                0
    -0.0011913732    5.8640621e-06     0.0056247371    -0.0019983829    -0.0089464569    -0.0062016952    9.1093825e-31   -1.6021766e-19    -9.156439e-20    2.3182037e-19             1600                1
      0.001357539    5.4122789e-05    -0.0088366149    -0.0017416544     0.0069836481   -8.1114835e-05    9.1093825e-31   -1.6021766e-19    -9.156439e-20    2.3182037e-19             1654                1
     0.0095007252    6.7451467e-05     -0.014577813   -9.8129516e-05    0.00042935245     0.0020946125    9.1093825e-31   -1.6021766e-19    -9.156439e-20    2.3182037e-19              922                0
    -0.0010874037    2.1543876e-05     -0.012396947    -0.0023309353   -0.00057382957   -0.00038155468    9.1093825e-31   -1.6021766e-19    -9.156439e-20    2.3182037e-19              649                0
    -0.0078598587    5.7257457e-05     0.0038299758     0.0011926069   -0.00046403235    0.00098680682    9.1093825e-31   -1.6021766e-19    -9.156439e-20    2.3182037e-19              934                0
    -0.0035608369    5.9811933e-05     0.0026508342   -0.00052154012    -0.0092543531    0.00096239953    9.1093825e-31   -1.6021766e-19    -9.156439e-20    2.3182037e-19             1714                1
    -0.0079333996    8.3712221e-05     0.0023837357    7.8321871e-05    0.00015144091   -6.3722669e-05    9.1093825e-31   -1.6021766e-19    -9.156439e-20    2.3182037e-19              709                0
     0.0029814285    4.7798076e-05   -0.00089761626   -0.00058050262     -0.006673574    0.00028679756    9.1093825e-31   -1.6021766e-19    -9.156439e-20    2.3182037e-19             1549                1
     0.0030932741     3.836602e-06    -0.0043540569     0.0022987458     0.0020723813     -0.001393643    9.1093825e-31   -1.6021766e-19    -9.156439e-20    2.3182037e-19             1770                1
   -0.00087061868    1.6215468e-05    -0.0057770815    -0.0050569084     0.0042786221     0.0018727217    9.1093825e-31   -1.6021766e-19    -9.156439e-20    2.3182037e-19             1744                1
     0.0016572602    2.3087832e-05     0.0036430091   -0.00079986919    -0.0022659793    0.00053137407    9.1093825e-31   -1.6021766e-19    -9.156439e-20    2.3182037e-19              754                0
     0.0053870277    5.1616189e-05     0.0019379354    0.00055092369    -0.0016862334     0.0025731195    9.1093825e-31   -1.6021766e-19    -9.156439e-20    2.3182037e-19               20                0
   -0.00074865972    8.4415506e-06    -0.0083265482    -0.0036642596     0.0027316124    -0.0062388275    9.1093825e-31   -1.6021766e-19    -9.156439e-20    2.3182037e-19             1734                1
    -0.0088692755    8.0909434e-05    -0.0046057762   -0.00061065063    -2.152305e-05    0.00089873117    9.1093825e-31   -1.6021766e-19    -9.156439e-20    2.3182037e-19              849                0
     0.0079106679    3.8981761e-05     0.0028261365    -0.0011106851    -0.0012224133    1.7922815e-05    9.1093825e-31   -1.6021766e-19    -9.156439e-20    2.3182037e-19              869                0
     0.0086730989    5.8985763e-05     0.0040397947   -0.00071974285    0.00042449552    -0.0011708107    9.1093825e-31   -1.6021766e-19    -9.156439e-20    2.3182037e-19               36                0
     0.0077573541    7.5454482e-06     0.0017020324     0.0012992006    -0.0012912983     0.0016550607    9.1093825e-31   -1.6021766e-19    -9.156439e-20    2.3182037e-19              977                0
    -0.0058602327    8.6199925e-06   -0.00025448282    0.00020814358    -0.0028297573   -0.00033165148    9.1093825e-31   -1.6021766e-19    -9.156439e-20    2.3182037e-19              622                0
      0.004842978    3.0894273e-05    -0.0017530362      0.002545177    -0.0088365395    0.00029922806    9.1093825e-31   -1.6021766e-19    -9.156439e-20    2.3182037e-19             1643                1
     0.0060621114    7.5611359e-05       0.01183538   -0.00069249724     0.0013796731     0.0020724011    9.1093825e-31   -1.6021766e-19    -9.156439e-20    2.3182037e-19              280                0
    -0.0046897316    3.7338013e-05    -0.0082829539    -0.0014349411    -0.0022853517     0.0017527735    9.1093825e-31   -1.6021766e-19    -9.156439e-20    2.3182037e-19              591                0
    -0.0093734199    7.0039794e-05      0.002564576    0.00081389793    0.00021104114    0.00012258551    9.1093825e-31   -1.6021766e-19    -9.156439e-20    2.3182037e-19               44                0
   -0.00010123059    2.3155122e-05    -0.0072484864    -0.0033690694    -0.0074215825   -0.00018755376    9.1093825e-31   -1.6021766e-19    -9.156439e-20    2.3182037e-19             1632                1
     0.0032865561    3.2980497e-05    -0.0075625037     0.0021796022     0.0060395366    -0.0059596486    9.1093825e-31   -1.6021766e-19    -9.156439e-20    2.3182037e-19             1703                1
     0.0028388035    5.7755082e-05     0.0099465111    0.00034720681     0.0017668481   -0.00023608323    9.1093825e-31   -1.6021766e-19    -9.156439e-20    2.3182037e-19              177                0
     0.0011334266    3.3412398e-05     0.0027972497     0.0011822466    -0.0091789216     0.0021128522    9.1093825e-31   -1.6021766e-19    -9.156439e-20    2.3182037e-19             1623                1
     0.0011907173    3.1960139e-05    -0.0096010948    -0.0041566011     0.0053475788     0.0052371551    9.1093825e-31   -1.6021766e-19    -9.156439e-20    2.3182037e-19             1665                1
    -0.0062889201    6.8478475e-05    -0.0027840165     0.0053612641    -0.0042330353     0.0043207239    9.1093825e-31   -1.6021766e-19    -9.156439e-20    2.3182037e-19             1629                1
     -0.008373457    5.9325936e-05     0.0037837531    0.00098170491     -0.000611973    -0.0031898632    9.1093825e-31   -1.6021766e-19    -9.156439e-20    2.3182037e-19              184                0
     0.0013917051    9.2088427e-05      0.011342403    -0.0021991774     -0.004115615    -0.0016814956    9.1093825e-31   -1.6021766e-19    -9.156439e-20    2.3182037e-19             1762                1
    -0.0042691291     5.403109e-05    -0.0073471852    -0.0015648118     0.0083406884   -0.00017096175    9.1093825e-31   -1.6021766e-19    -9.156439e-20    2.3182037e-19             1688                1
    -0.0060419175    7.3596762e-05    -0.0093241213   -0.00013096906     0.0016014059   -6.0087878e-05    9.1093825e-31   -1.6021766e-19    -9.156439e-20    2.3182037e-19             1436                1
    -0.0086449534    5.2591568e-05     0.0021141302    0.00044411773   -0.00049515272   -0.00017246066    9.1093825e-31   -1.6021766e-19    -9.156439e-20    2.3182037e-19              264                0
     0.0050807092    6.4945481e-05    0.00034391167     0.0002071667    -0.0022004258    -0.0012743424    9.1093825e-31   -1.6021766e-19    -9.156439e-20    2.3182037e-19              284                0
    -0.0056056599    3.0111254e-05     0.0056024771    0.00084298942   -0.00065230427    -0.0004549631    9.1093825e-31   -1.6021766e-19    -9.156439e-20    2.3182037e-19              906                0
   -0.00090013922     3.097123e-05    -0.0063702725    0.00014288447    -0.0068342006     -0.003146447    9.1093825e-31   -1.6021766e-19    -9.156439e-20    2.3182037e-19             1581                1
    -0.0040634056    8.0737656e-05     -0.012672662     -0.001668693    0.00048047397    0.00035341203    9.1093825e-31   -1.6021766e-19    -9.156439e-20    2.3182037e-19              344                0
    0.00099686836    6.8532347e-05      0.005983802    -0.0023916985    -0.0073508946     0.0043218592    9.1093825e-31   -1.6021766e-19    -9.156439e-20    2.3182037e-19             1701                1
   -0.00098631252    4.2494547e-05     -0.002113522   -6.4602456e-05    -0.0035559935    0.00019340421    9.1093825e-31   -1.6021766e-19    -9.156439e-20    2.3182037e-19              384                0
     0.0017822783    8.9136396e-05     0.0068897363    -0.0040976112    -0.0061869174     0.0016248863    9.1093825e-31   -1.6021766e-19    -9.156439e-20    2.3182037e-19             1767                1
    -0.0013347698    2.8220191e-05    -0.0081323721     0.0034729529     0.0073593734     0.0016476541    9.1093825e-31   -1.6021766e-19    -9.156439e-20    2.3182037e-19             1737                1
     -0.009221972    6.5174267e-05   -0.00047711912    2.4313676e-05   -0.00045411405    0.00067078322    9.1093825e-31   -1.6021766e-19    -9.156439e-20    2.3182037e-19              444                0
    -0.0059455275     1.328507e-05    -0.0019187935    0.00023282754    -0.0018329289    -0.0010521665    9.1093825e-31   -1.6021766e-19    -9.156439e-20    2.3182037e-19              464                0
    -0.0011916917    1.1702016e-06    -0.0041308543    -0.0035020437     -0.010912989     0.0029557208    9.1093825e-31   -1.6021766e-19    -9.156439e-20    2.3182037e-19             1628                1
     0.0054736459     3.560074e-05     0.0091985585     0.0015559295     0.0014239263     0.0017082127    9.1093825e-31   -1.6021766e-19    -9.156439e-20    2.3182037e-19             1322                1
      0.002418993    5.1426799e-05      0.010125639    -0.0001117405     0.0038121939    0.00072396483    9.1093825e-31   -1.6021766e-19    -9.156439e-20    2.3182037e-19             1621                1
     0.0033438934    3.7522703e-05    -0.0009844891    0.00040297519    -0.0033689882     0.0010118145    9.1093825e-31   -1.6021766e-19    -9.156439e-20    2.3182037e-19              666                0
     0.0084566623     2.501111e-05    -0.0039051319   -0.00066503469   -0.00033444678    0.00088332075    9.1093825e-31   -1.6021766e-19    -9.156439e-20    2.3182037e-19              564                0
    -0.0081148073    9.7436408e-05     -0.009832711    1.8939329e-05       0.00178744     0.0004584252    9.1093825e-31   -1.6021766e-19    -9.156439e-20    2.3182037e-19             1219                1
       -0.0072569    2.4242476e-05      0.011908155    -0.0013739874    4.0721512e-05   -0.00018909457    9.1093825e-31   -1.6021766e-19    -9.156439e-20    2.3182037e-19              604                0
    -0.0067134504    8.5594722e-05     0.0020218033   -6.1783168e-05    0.00048552826    2.6762929e-05    9.1093825e-31   -1.6021766e-19    -9.156439e-20    2.3182037e-19             1113                1
      0.001203872    8.5207044e-05      0.013642801   -0.00019168842    -0.0032452024   -9.6760508e-05    9.1093825e-31   -1.6021766e-19    -9.156439e-20    2.3182037e-19             1722                1
    -0.0068466808     5.624189e-05    0.00082647509    0.00024649841   -0.00083742768   -8.8512512e-05    9.1093825e-31   -1.6021766e-19    -9.156439e-20    2.3182037e-19              664                0
    -0.0077318521    4.0721432e-05     -0.014917614      0.000801143   -0.00038956085    0.00073483557    9.1093825e-31   -1.6021766e-19    -9.156439e-20    2.3182037e-19              684                0
     0.0034061428    5.1941945e-05     0.0048179184   -0.00022968189   -0.00067667273    -0.0018781332    9.1093825e-31   -1.6021766e-19    -9.156439e-20    2.3182037e-19              704                0
    -0.0026171145    5.6592424e-05     -0.014312526    -0.0014512602     0.0010227344    0.00011259412    9.1093825e-31   -1.6021766e-19    -9.156439e-20    2.3182037e-19              494                0
    -0.0066581815    5.0993269e-05     0.0093407528     0.0010583417     0.0011893021     0.0016271932    9.1093825e-31   -1.6021766e-19    -9.156439e-20    2.3182037e-19              871                0
     0.0090836948    1.9371693e-05     0.0028103939    -0.0017207477   -0.00091777055    -0.0011409627    9.1093825e-31   -1.6021766e-19    -9.156439e-20    2.3182037e-19              831                0
      -0.00671505    7.7694953e-05     -0.010965954     0.0010047761   -0.00061093346    0.00099911052    9.1093825e-31   -1.6021766e-19    -9.156439e-20    2.3182037e-19              125                0
    -0.0051354263    5.4462686e-05      0.013353713    0.00097834622     0.0023861993    0.00043564397    9.1093825e-31   -1.6021766e-19    -9.156439e-20    2.3182037e-19              804                0
      0.004002193    3.0455456e-05     -0.012609554    0.00033804987   -0.00062076078     -0.002511376    9.1093825e-31   -1.6021766e-19    -9.156439e-20    2.3182037e-19              266                0
    0.00044563634    8.1222439e-05      0.012873814   -0.00036493415     0.0074952226   -0.00017645463    9.1093825e-31   -1.6021766e-19    -9.156439e-20    2.3182037e-19             1588                1
     0.0017323665    2.8584622e-18      0.011574134    -0.0013959392    -0.0014975936     0.0020717056    9.1093825e-31   -1.6021766e-19    -9.156439e-20    2.3182037e-19             1479                1
    -0.0028201309    5.2825446e-05    -0.0089781526     0.0011701428    -0.0014304192     0.0011447062    9.1093825e-31   -1.6021766e-19    -9.156439e-20    2.3182037e-19              360                0
     0.0048738932    6.1095117e-05      0.006997854    -0.0032453069     0.0031537402    -0.0010492578    9.1093825e-31   -1.6021766e-19    -9.156439e-20    2.3182037e-19             1613                1
      0.003327495    2.9612627e-05    -0.0014373099    -0.0011060506    -0.0034953987   -0.00047254181    9.1093825e-31   -1.6021766e-19    -9.156439e-20    2.3182037e-19              711                0
     0.0011228679    5.9168367e-05     0.0028021177    0.00030108675    -0.0070280759     0.0025137444    9.1093825e-31   -1.6021766e-19    -9.156439e-20    2.3182037e-19             1624                1
    0.00053878868    2.8202112e-05     -0.011878578    3.1884421e-05   -0.00021222999     0.0002293314    9.1093825e-31   -1.6021766e-19    -9.156439e-20    2.3182037e-19              958                0
      0.003311344    2.8936656e-05    -0.0074918149    3.6481382e-05      0.006729004     0.0030421116    9.1093825e-31   -1.6021766e-19    -9.156439e-20    2.3182037e-19             1725                1
    -0.0067982296    6.5337859e-05      0.012213873    0.00035237879     0.0014061574    0.00066893041    9.1093825e-31   -1.6021766e-19    -9.156439e-20    2.3182037e-19              988                0
     0.0075614103    3.3405991e-05     0.0087196557    -0.0013905176   -0.00016307941   -0.00062348036    9.1093825e-31   -1.6021766e-19    -9.156439e-20    2.3182037e-19              867                0
     0.0075929561    5.4235284e-06     0.0059001385     0.0012882845   -0.00073844497     -0.000175746    9.1093825e-31   -1.6021766e-19    -9.156439e-20    2.3182037e-19               15                0
     0.0046676924    1.8819026e-05     0.0021114075   -0.00023273185    -0.0024101275   -0.00016419851    9.1093825e-31   -1.6021766e-19    -9.156439e-20    2.3182037e-19               25                0
      0.003115739     2.299363e-05    -0.0024428538     0.0013350206    -0.0093591539     -0.002435609    9.1093825e-31   -1.6021766e-19    -9.156439e-20    2.3182037e-19             1631                1
     0.0024719655    4.5106488e-05    -0.0091523612    0.00050535437     0.0067995661    0.00013016266    9.1093825e-31   -1.6021766e-19    -9.156439e-20    2.3182037e-19             1666                1
     0.0001058142    2.9957187e-06    -0.0012070386   -0.00025953606      0.005997845    -0.0024988761    9.1093825e-31   -1.6021766e-19    -9.156439e-20    2.3182037e-19             1788                1
    -0.0052928962     3.814861e-05     0.0067836037     0.0023968844   -0.00047228843     0.0021931035    9.1093825e-31   -1.6021766e-19    -9.156439e-20    2.3182037e-19              982                0
    -0.0054804021    6.0695052e-06     -0.014741449     0.0017615835    5.5813893e-05   -0.00097473769    9.1093825e-31   -1.6021766e-19    -9.156439e-20    2.3182037e-19              152                0
     0.0070300293    5.3303789e-05    0.00092733459    -0.0024513123    -0.0024553165     0.0038774018    9.1093825e-31   -1.6021766e-19    -9.156439e-20    2.3182037e-19             1374                1
     -0.002618453    6.1241117e-05     0.0061193807      0.001331799   -0.00050463155    0.00040406382    9.1093825e-31   -1.6021766e-19    -9.156439e-20    2.3182037e-19              485                0
     0.0042073708    2.1804497e-05    -0.0086168889     0.0004967993     0.0055675693   -0.00021388747    9.1093825e-31   -1.6021766e-19    -9.156439e-20    2.3182037e-19             1731                1
     0.0033763999    7.3861876e-05      0.012701182     0.0022237529     -0.005400253   -0.00039872722    9.1093825e-31   -1.6021766e-19    -9.156439e-20    2.3182037e-19             1716                1
     0.0058989245    7.2011855e-05    -0.0048954994    -0.0013084033    -0.0036428627    -0.0021834511    9.1093825e-31   -1.6021766e-19    -9.156439e-20    2.3182037e-19             1641                1
     0.0041781538    2.6974425e-05     -0.008689058     0.0017998399     0.0048529021     0.0016016953    9.1093825e-31   -1.6021766e-19    -9.156439e-20    2.3182037e-19             1693                1
     0.0089400113    1.3904596e-05      0.013209824    -0.0017335855   -0.00069389684    -0.0016055547    9.1093825e-31   -1.6021766e-19    -9.156439e-20    2.3182037e-19              262                0
     0.0021882101     5.294113e-05     -0.014781531    -0.0052152569      0.010040794     0.0041882009    9.1093825e-31   -1.6021766e-19    -9.156439e-20    2.3182037e-19             1687                1
     0.0014933584     1.055756e-05    -0.0051262351   -7.5385178e-05     0.0029364561    8.9448127e-05    9.1093825e-31   -1.6021766e-19    -9.156439e-20    2.3182037e-19             1749                1
     -0.007116396     8.988128e-05     0.0070640608     0.0013290289    0.00069946307   -0.00086134608    9.1093825e-31   -1.6021766e-19    -9.156439e-20    2.3182037e-19              322                0
     0.0014931714    1.8105502e-05    -0.0051258379   -0.00012692736      0.004997022     0.0001980427    9.1093825e-31   -1.6021766e-19    -9.156439e-20    2.3182037e-19             1748                1
    -0.0013845792    2.7815697e-05     -0.012388299    -0.0011372243     0.0068752286   -0.00098833186    9.1093825e-31   -1.6021766e-19    -9.156439e-20    2.3182037e-19             1711                1
     0.0059088883     2.326556e-05     0.0090897465     0.0014103306   -0.00024489281    0.00081311062    9.1093825e-31   -1.6021766e-19    -9.156439e-20    2.3182037e-19               77                0
    -0.0057281139     9.325592e-05    -0.0075252252      0.001673311   -0.00056961563   -0.00084462599    9.1093825e-31   -1.6021766e-19    -9.156439e-20    2.3182037e-19              117                0
    -0.0029357944    4.3664815e-05     -0.014411382    5.5129271e-06    0.00062371982    -0.0013832258    9.1093825e-31   -1.6021766e-19    -9.156439e-20    2.3182037e-19              422                0
     0.0011323614    1.3360119e-05     -0.013273706    -0.0013478422     0.0040792553    -0.0011456686    9.1093825e-31   -1.6021766e-19    -9.156439e-20    2.3182037e-19             1660                1
    -0.0053399666    2.9776852e-06     -0.005709446    0.00019112932      -0.00332085   -0.00032537841    9.1093825e-31   -1.6021766e-19    -9.156439e-20    2.3182037e-19              461                0
    -0.0031889377    4.5331184e-05     0.0061322562   -0.00051771686    -0.0089632208     0.0021308193    9.1093825e-31   -1.6021766e-19    -9.156439e-20    2.3182037e-19             1661                1
    -0.0041527776    6.3076164e-05      0.010300836    -0.0028544865     0.0018151744     0.0010082788    9.1093825e-31   -1.6021766e-19    -9.156439e-20    2.3182037e-19              687                0
     0.0088365916    2.5466259e-06     -0.007586936   -0.00034988124    -0.0010661067    0.00040102622    9.1093825e-31   -1.6021766e-19    -9.156439e-20    2.3182037e-19               52                0
    -0.0070467195    6.5939948e-06     0.0095280726    0.00077361049    -0.0025354128    -0.0013002523    9.1093825e-31   -1.6021766e-19    -9.156439e-20    2.3182037e-19             1407                1
    -0.0010452732    5.7735164e-05     0.0060381331   -0.00022750866    -0.0068879537    0.00054129591    9.1093825e-31   -1.6021766e-19    -9.156439e-20    2.3182037e-19             1644                1
     0.0053485674    6.7938643e-05     0.0033341169     0.0001996455    -0.0012767153   -0.00070492673    9.1093825e-31   -1.6021766e-19    -9.156439e-20    2.3182037e-19              581                0
     -0.003972413    1.7132945e-05     -0.013353308     0.0022047069     0.0054178555    -0.0012149776    9.1093825e-31   -1.6021766e-19    -9.156439e-20    2.3182037e-19             1742                1
     -0.002732466    1.9024664e-06    0.00084128795     0.0052370168    0.00047710768    -0.0046040681    9.1093825e-31   -1.6021766e-19    -9.156439e-20    2.3182037e-19             1768                1
     0.0013983286    6.3879357e-05     0.0017473435   -0.00010955027    -0.0021954747    -0.0016350506    9.1093825e-31   -1.6021766e-19    -9.156439e-20    2.3182037e-19              641                0
     0.0015657131    6.3417043e-05     -0.012892186    0.00032160687     0.0092732608   -0.00034943872    9.1093825e-31   -1.6021766e-19    -9.156439e-20    2.3182037e-19             1650                1
     0.0013119559    1.4639434e-05     0.0025384375   -0.00032469758     0.0060076681    -0.0013697941    9.1093825e-31   -1.6021766e-19    -9.156439e-20    2.3182037e-19             1765                1
     0.0014739436    3.9965227e-05     0.0025566281       -0.0017096    -0.0090110768    -0.0010849007    9.1093825e-31   -1.6021766e-19    -9.156439e-20    2.3182037e-19             1637                1
    -0.0068799015    2.6560292e-05     -0.014220932    -0.0017931442   -0.00017281777   -0.00014513265    9.1093825e-31   -1.6021766e-19    -9.156439e-20    2.3182037e-19              394                0
   -0.00013323745    6.5349879e-05     0.0036046084      0.005294221    -0.0074282051     0.0027147608    9.1093825e-31   -1.6021766e-19    -9.156439e-20    2.3182037e-19             1675                1
     0.0023226663    9.9753466e-05     0.0087454598    -0.0010068084     0.0019093332     0.0015688441    9.1093825e-31   -1.6021766e-19    -9.156439e-20    2.3182037e-19              761                0
    -0.0050184401    5.7550451e-06    -0.0071331426     0.0012065095    -0.0074630086    -0.0033242889    9.1093825e-31   -1.6021766e-19    -9.156439e-20    2.3182037e-19             1591                1
     0.0018826335     7.808498e-05      0.010586269    0.00024152287    -0.0045381719    -0.0037684189    9.1093825e-31   -1.6021766e-19    -9.156439e-20    2.3182037e-19             1699                1
     0.0093656024    7.3243653e-05    -0.0042963671    0.00046411285   -0.00061027473     0.0016115132    9.1093825e-31   -1.6021766e-19    -9.156439e-20    2.3182037e-19              821                0
      0.007476164     7.810472e-05     0.0080064703    0.00013145441     0.0010177818    0.00043252567    9.1093825e-31   -1.6021766e-19    -9.156439e-20    2.3182037e-19              131                0
     0.0012962759    9.0959284e-06    -0.0033596852     0.0039158282     0.0013459773    4.1696141e-05    9.1093825e-31   -1.6021766e-19    -9.156439e-20    2.3182037e-19             1724                1
   -0.00031341927    1.2155018e-05    0.00034739773    -0.0029882218     0.0073008863   -0.00078715972    9.1093825e-31   -1.6021766e-19    -9.156439e-20    2.3182037e-19             1777                1
    0.00040245298    9.6531105e-05      0.012806703    -0.0019286037    -0.0024467998     0.0015682711    9.1093825e-31   -1.6021766e-19    -9.156439e-20    2.3182037e-19             1776                1
    0.00046182986    6.5818554e-06    -0.0073574944    -0.0034077715    -0.0072828205     0.0013773374    9.1093825e-31   -1.6021766e-19    -9.156439e-20    2.3182037e-19             1513                1
    -0.0092166793    3.5394583e-05      0.012198851    0.00080465554   -0.00033884446    -0.0001231559    9.1093825e-31   -1.6021766e-19    -9.156439e-20    2.3182037e-19              938                0
   -3.1997137e-05    1.9007359e-05     0.0043773698     0.0024037608     -0.011402736     0.0028474145    9.1093825e-31   -1.6021766e-19    -9.156439e-20    2.3182037e-19             1646                1
   -0.00019893858    3.8280403e-05    -0.0035211428    -0.0019408575     -0.007127428     0.0019499998    9.1093825e-31   -1.6021766e-19    -9.156439e-20    2.3182037e-19             1517                1
     0.0055030729    3.9856299e-05       0.01067747    2.2967322e-05    0.00022060893   -5.3722717e-05    9.1093825e-31   -1.6021766e-19    -9.156439e-20    2.3182037e-19             1001                1
    -0.0077242181      4.76614e-05     0.0092033427     0.0030255788    -0.0012585876   -0.00070199888    9.1093825e-31   -1.6021766e-19    -9.156439e-20    2.3182037e-19             1337                1
    -0.0084115602    1.4933726e-05      0.008503654    0.00073577598     6.015438e-05   -0.00013112354    9.1093825e-31   -1.6021766e-19    -9.156439e-20    2.3182037e-19               58                0
     0.0029962945    6.5420638e-05     0.0017231964    -0.0015258138    -0.0063882014    0.00092543237    9.1093825e-31   -1.6021766e-19    -9.156439e-20    2.3182037e-19             1640                1
    -0.0030703661    6.8670561e-05    -0.0016503644   -0.00093624403   -0.00045396737    -0.0018697497    9.1093825e-31   -1.6021766e-19    -9.156439e-20    2.3182037e-19             1502                1
     0.0041836747    7.4430493e-05     0.0011782773    -0.0015821273    -0.0023657375    -0.0015086387    9.1093825e-31   -1.6021766e-19    -9.156439e-20    2.3182037e-19              118                0
     0.0062457137    7.3451556e-05       -0.0114642     0.0020639761   -9.4408068e-05    0.00039756292    9.1093825e-31   -1.6021766e-19    -9.156439e-20    2.3182037e-19               51                0
     -0.009456031    2.1752148e-05    -0.0036573163    0.00052822748   -0.00019330184    0.00042813327    9.1093825e-31   -1.6021766e-19    -9.156439e-20    2.3182037e-19              158                0
     0.0015796963    1.9585326e-05      -0.00304544     -0.003105391    -0.0098543875     0.0043122252    9.1093825e-31   -1.6021766e-19    -9.156439e-20    2.3182037e-19             1635                1
    0.00017379319    3.1764506e-05    -0.0059627574     0.0042807651     0.0065626255      0.001957736    9.1093825e-31   -1.6021766e-19    -9.156439e-20    2.3182037e-19             1719                1
      -0.00678002     8.807033e-05     0.0026102415    0.00036455304    -0.0036952349    0.00012714566    9.1093825e-31   -1.6021766e-19    -9.156439e-20    2.3182037e-19             1745                1
   -0.00040491528     7.594152e-05     -0.007744893     0.0011554621      0.010708163     0.0036437151    9.1093825e-31   -1.6021766e-19    -9.156439e-20    2.3182037e-19             1673                1
     0.0069018346    3.6658454e-05     -0.013606493   -0.00048975908     0.0004773117    0.00094175944    9.1093825e-31   -1.6021766e-19    -9.156439e-20    2.3182037e-19              213                0
     0.0040167198    4.7356927e-05     -0.011723814    -0.0012566748     0.0093762185    0.00056814711    9.1093825e-31   -1.6021766e-19    -9.156439e-20    2.3182037e-19             1704                1
     0.0025629005    5.0893745e-05      0.012238684   -0.00072008598     0.0046500028    0.00011552025    9.1093825e-31   -1.6021766e-19    -9.156439e-20    2.3182037e-19             1468                1
    -0.0061595188    7.9023004e-05    -0.0030239299     0.0021558465    -0.0013475298   -0.00071875984    9.1093825e-31   -1.6021766e-19    -9.156439e-20    2.3182037e-19              318                0
    -0.0090452489    7.5381846e-05    -0.0043648626    -0.0027702523   -5.6943959e-06    0.00050310581    9.1093825e-31   -1.6021766e-19    -9.156439e-20    2.3182037e-19              723                0
    -0.0024129292    2.5469899e-06    -0.0021492604   -0.00095473655     0.0031601649    -0.0014317028    9.1093825e-31   -1.6021766e-19    -9.156439e-20    2.3182037e-19             1785                1
     0.0017732451    9.6549877e-05     0.0028367462    -0.0011384477    -0.0011530209     0.0010020551    9.1093825e-31   -1.6021766e-19    -9.156439e-20    2.3182037e-19              774                0
     0.0045885546    3.5546233e-05       0.00409878   -9.7210468e-05    -0.0019848801     0.0041164802    9.1093825e-31   -1.6021766e-19    -9.156439e-20    2.3182037e-19              562                0
    -0.0012825778    9.1011476e-05     0.0062282844     0.0022468725    0.00014908408    -0.0016056097    9.1093825e-31   -1.6021766e-19    -9.156439e-20    2.3182037e-19              876                0
   -0.00072839705    2.7323231e-05    -0.0083000753    0.00098806736     0.0070585362   -0.00015900939    9.1093825e-31   -1.6021766e-19    -9.156439e-20    2.3182037e-19             1735                1
    0.00088607799     7.586104e-05     0.0077635422     0.0032850439    -0.0067681759     0.0011316515    9.1093825e-31   -1.6021766e-19    -9.156439e-20    2.3182037e-19             1729                1
    -0.0030879737    1.1709718e-05      -0.01046656    0.00028133014    -0.0052527492    0.00087987544    9.1093825e-31   -1.6021766e-19    -9.156439e-20    2.3182037e-19             1552                1
    -0.0055322414    2.6307454e-05      -0.01423413     0.0012190588     0.0055399002    -0.0016992689    9.1093825e-31   -1.6021766e-19    -9.156439e-20    2.3182037e-19             1696                1
    -0.0089214658    6.2359657e-05    -0.0011681402    0.00077829004    0.00018142532    -0.0017877404    9.1093825e-31   -1.6021766e-19    -9.156439e-20    2.3182037e-19              518                0
     0.0039273514    9.2617527e-05    -0.0016331817    -0.0025985157     0.0011737415    0.00065953872    9.1093825e-31   -1.6021766e-19    -9.156439e-20    2.3182037e-19             1525                1
      0.003321572    7.5605734e-05     0.0079678204   -0.00075307261    0.00080493995   -0.00054313132    9.1093825e-31   -1.6021766e-19    -9.156439e-20    2.3182037e-19              903                0
    -0.0085456977    3.2789783e-05      0.010123255     0.0010035253    0.00051370182    0.00071639236    9.1093825e-31   -1.6021766e-19    -9.156439e-20    2.3182037e-19              578                0
     0.0081459517    5.6107551e-06     -0.013401332      0.002309792   -0.00078680582    0.00041548512    9.1093825e-31   -1.6021766e-19    -9.156439e-20    2.3182037e-19              598                0
     0.0081622098    3.2776563e-05     0.0095988754     0.0017232626    0.00042535295    0.00014752027    9.1093825e-31   -1.6021766e-19    -9.156439e-20    2.3182037e-19              618                0
     0.0028492513    1.6951699e-05    -0.0070248507    8.1621052e-05     0.0067147859   -0.00030495791    9.1093825e-31   -1.6021766e-19    -9.156439e-20    2.3182037e-19             1759                1
    -0.0074355784     9.604998e-06    -0.0089589097     0.0022147573   -0.00085554033   -0.00017573881    9.1093825e-31   -1.6021766e-19    -9.156439e-20    2.3182037e-19              725                0
     0.0024797709    9.9313089e-05      0.012123922     0.0013008374    -0.0034917931    0.00066012272    9.1093825e-31   -1.6021766e-19    -9.156439e-20    2.3182037e-19             1792                1
     0.0014844929    3.0376221e-05    -0.0089380816     0.0027764579     0.0052961865    -0.0021124138    9.1093825e-31   -1.6021766e-19    -9.156439e-20    2.3182037e-19             1678                1
    0.00045241907    1.6153112e-05    0.00021780512    -0.0020987755     0.0020987059    -0.0013597265    9.1093825e-31   -1.6021766e-19    -9.156439e-20    2.3182037e-19             1726                1
    -0.0092265038    8.7618253e-05     0.0017817848   -0.00053041766     0.0008247451     0.0032431341    9.1093825e-31   -1.6021766e-19    -9.156439e-20    2.3182037e-19              738                0
     0.0011721449    2.1551485e-05    -0.0066284821    -0.0018495726    -0.0077437819   -0.00034473758    9.1093825e-31   -1.6021766e-19    -9.156439e-20    2.3182037e-19             1622                1
    -0.0038176463    1.8057754e-05     0.0050108447    2.8152936e-05    -0.0011820031    0.00099567242    9.1093825e-31   -1.6021766e-19    -9.156439e-20    2.3182037e-19              636                0
    0.00078699749    1.1068541e-05     0.0011155555    8.3627594e-05     0.0025368691    5.1320618e-05    9.1093825e-31   -1.6021766e-19    -9.156439e-20    2.3182037e-19             1757                1
    0.00069280673    2.1286301e-05    -0.0040723598   -0.00096909865     0.0063930135    0.00011330718    9.1093825e-31   -1.6021766e-19    -9.156439e-20    2.3182037e-19             1755                1
    -0.0066539091    4.4787033e-05     0.0050266017   -0.00043101446   -0.00052083156     0.0010688233    9.1093825e-31   -1.6021766e-19    -9.156439e-20    2.3182037e-19              573                0
     0.0066322074    5.5162687e-05     -0.011522937    -0.0001571441    0.00015083309    0.00042308474    9.1093825e-31   -1.6021766e-19    -9.156439e-20    2.3182037e-19              274                0
    -0.0056261113    9.7511576e-05     0.0079142042   -0.00081385206    0.00056468998   -0.00073216989    9.1093825e-31   -1.6021766e-19    -9.156439e-20    2.3182037e-19              878                0
    -0.0052239918    8.9811016e-05      0.013689853    -0.0020153327    -0.0055487202     0.0035819421    9.1093825e-31   -1.6021766e-19    -9.156439e-20    2.3182037e-19             1771                1
   -4.4149915e-06    2.3383614e-05     0.0038507546     0.0010055951    -0.0022146308   -0.00086395303    9.1093825e-31   -1.6021766e-19    -9.156439e-20    2.3182037e-19              608                0
     0.0044981749     1.453963e-05    -0.0020062502     0.0021322512     0.0040658498    0.00076730747    9.1093825e-31   -1.6021766e-19    -9.156439e-20    2.3182037e-19             1756                1
    -0.0010080886    7.5833632e-05     0.0060678772   -0.00055328122    -0.0052281911     0.0022609856    9.1093825e-31   -1.6021766e-19    -9.156439e-20    2.3182037e-19             1652                1
    -0.0013026525     8.963322e-05      0.010640905    -0.0013772438     0.0070851883    0.00093560282    9.1093825e-31   -1.6021766e-19    -9.156439e-20    2.3182037e-19             1618                1
     -0.006275156    4.3730346e-05     0.0055205016   -0.00081269501    -0.0004210374    -0.0027883677    9.1093825e-31   -1.6021766e-19    -9.156439e-20    2.3182037e-19              985                0
     0.0081417197    8.7682223e-05   -3.7112684e-05    -0.0004845786     0.0029524944    0.00050847902    9.1093825e-31   -1.6021766e-19    -9.156439e-20    2.3182037e-19             1487                1
     0.0076654232    7.5255135e-05    0.00062371173   -0.00057018915   -0.00091001467     0.0012068448    9.1093825e-31   -1.6021766e-19    -9.156439e-20    2.3182037e-19              614                0
     0.0027227369     3.327087e-05    -0.0039643752   -0.00020374906    -0.0078170747     0.0028201691    9.1093825e-31   -1.6021766e-19    -9.156439e-20    2.3182037e-19             1620                1
     0.0019099831    9.1745904e-05      0.010652896     0.0046984651     -0.002293142     0.0070851059    9.1093825e-31   -1.6021766e-19    -9.156439e-20    2.3182037e-19             1700                1
    9.6037795e-05    3.8701957e-05     -0.013358866   -7.9656616e-05    2.6480002e-05    0.00029150504    9.1093825e-31   -1.6021766e-19    -9.156439e-20    2.3182037e-19               79                0
   -0.00075945904    2.8862803e-05    -0.0080956062   -0.00016485322     0.0072190738     0.0095475744    9.1093825e-31   -1.6021766e-19    -9.156439e-20    2.3182037e-19             1732                1
    -0.0060558049      9.67413e-05     0.0029132306    0.00086466188   -0.00096932903    -0.0011020595    9.1093825e-31   -1.6021766e-19    -9.156439e-20    2.3182037e-19              990                0
    -0.0071640266     5.333362e-06    -0.0037133191   -0.00059567514    -0.0015303986   -0.00069023343    9.1093825e-31   -1.6021766e-19    -9.156439e-20    2.3182037e-19              717                0
    0.00068219099     9.788607e-05     0.0053581907   -5.2820338e-05     0.0034568522   -0.00068192312    9.1093825e-31   -1.6021766e-19    -9.156439e-20    2.3182037e-19             1563                1
      -0.00747232    9.7479737e-05      0.011590595     0.0016567025     0.0012605442     -0.001244011    9.1093825e-31   -1.6021766e-19    -9.156439e-20    2.3182037e-19              179                0
    -0.0014846082    4.3491589e-05     -0.011331483    2.4319497e-05     0.0091885449    4.2268286e-05    9.1093825e-31   -1.6021766e-19    -9.156439e-20    2.3182037e-19             1706                1
     0.0076905475    8.2238759e-05       0.00515371    -0.0010315897   -0.00012101175     0.0030263634    9.1093825e-31   -1.6021766e-19    -9.156439e-20    2.3182037e-19              219                0
     0.0016190241    6.3533313e-05     0.0074158171    3.0974457e-05    -0.0052414248     0.0016414786    9.1093825e-31   -1.6021766e-19    -9.156439e-20    2.3182037e-19             1634                1
    -0.0010063346    1.3690645e-06     0.0060231886   -0.00038204456     0.0045317761    0.00090901344    9.1093825e-31   -1.6021766e-19    -9.156439e-20    2.3182037e-19             1789                1
    0.00015404762    3.4754939e-05    -0.0011269556    0.00093920348    -0.0087799821    -0.0049941321    9.1093825e-31   -1.6021766e-19    -9.156439e-20    2.3182037e-19             1612                1
    -0.0026986299    9.3324947e-05     0.0070017939    -0.0018011582    0.00080181309   -0.00051559659    9.1093825e-31   -1.6021766e-19    -9.156439e-20    2.3182037e-19              299                0
     0.0077653956    1.0092078e-05     0.0037213631    -0.0009109017    -0.0013379847    0.00034638384    9.1093825e-31   -1.6021766e-19    -9.156439e-20    2.3182037e-19              731                0
     0.0018464215    8.0736128e-05      0.012033064    -0.0040601823    -0.0038780984     0.0023122337    9.1093825e-31   -1.6021766e-19    -9.156439e-20    2.3182037e-19             1705                1
    -0.0090911426      3.89208e-05     0.0022736816    -0.0022323339    0.00016234958    -0.0018363316    9.1093825e-31   -1.6021766e-19    -9.156439e-20    2.3182037e-19              978                0
     -0.004301744    5.1917723e-05     -0.012218262     0.0032927394     0.0085118599   -0.00087339903    9.1093825e-31   -1.6021766e-19    -9.156439e-20    2.3182037e-19             1672                1
      0.008114324    3.2585915e-05      0.014893549   -0.00070045545    0.00037268447     0.0010855974    9.1093825e-31   -1.6021766e-19    -9.156439e-20    2.3182037e-19              986                0
    -0.0090391729    6.4419219e-05     0.0023382851   -0.00065529573   -0.00064153789     0.0014007546    9.1093825e-31   -1.6021766e-19    -9.156439e-20    2.3182037e-19              874                0
   -0.00088074297    3.1441985e-05     -0.008373295    -0.0030959251     0.0052502342    -0.0012395607    9.1093825e-31   -1.6021766e-19    -9.156439e-20    2.3182037e-19             1679                1
   -0.00087227806    3.7414677e-05    -0.0083531467    -0.0018914128     0.0060929796     0.0016273741    9.1093825e-31   -1.6021766e-19    -9.156439e-20    2.3182037e-19             1680                1
     0.0050152857    5.6452365e-05    0.00019001239     0.0013437617    -0.0082299002    -0.0034054874    9.1093825e-31   -1.6021766e-19    -9.156439e-20    2.3182037e-19             1697                1
     0.0075947903    1.1109701e-05    -0.0052066268    0.00018419062    -0.0017118668   -0.00083134003    9.1093825e-31   -1.6021766e-19    -9.156439e-20    2.3182037e-19              374                0
    -0.0006721706    9.0396461e-06    -0.0078166462     0.0011112775     0.0032228054     0.0046767336    9.1093825e-31   -1.6021766e-19    -9.156439e-20    2.3182037e-19             1750                1
    -0.0034452714    1.3647514e-05    -0.0050051031   -0.00014682513     -0.003839263    3.1085758e-05    9.1093825e-31   -1.6021766e-19    -9.156439e-20    2.3182037e-19              746                0
   -0.00055149436    8.9827481e-06    -0.0025508208    0.00012300935     0.0063799168     0.0023118062    9.1093825e-31   -1.6021766e-19    -9.156439e-20    2.3182037e-19             1780                1
   -0.00064929423    5.9731592e-05    -0.0082417605     0.0021527959     0.0093557965     0.0012013068    9.1093825e-31   -1.6021766e-19    -9.156439e-20    2.3182037e-19             1685                1
   -0.00079377228    1.0341878e-06    -0.0026957088     5.115055e-05     -0.010958066   -5.5418994e-05    9.1093825e-31   -1.6021766e-19    -9.156439e-20    2.3182037e-19             1616                1
    -0.0015596277    8.6420499e-05      0.010711755    -0.0010132153    -0.0040555028    -0.0041363551    9.1093825e-31   -1.6021766e-19    -9.156439e-20    2.3182037e-19             1740                1
     0.0094708055    1.8786888e-05    -0.0010629727    0.00052591955    -0.0013733421     0.0010621853    9.1093825e-31   -1.6021766e-19    -9.156439e-20    2.3182037e-19              328                0
      0.004077388    1.0191067e-05    -0.0069326567   -0.00016086409     0.0038779457    -0.0022718797    9.1093825e-31   -1.6021766e-19    -9.156439e-20    2.3182037e-19             1758                1
   -0.00016135018    3.0204242e-06     0.0035515439    -0.0022845708     0.0041432399    -0.0018739937    9.1093825e-31   -1.6021766e-19    -9.156439e-20    2.3182037e-19             1786                1
    -0.0017917117    8.1427883e-05     0.0039667329    -0.0013848075    -0.0012574221    9.1891801e-05    9.1093825e-31   -1.6021766e-19    -9.156439e-20    2.3182037e-19              699                0
    -0.0082889423    4.3129454e-05      0.014592521    7.5784621e-05    0.00097759115     0.0012161193    9.1093825e-31   -1.6021766e-19    -9.156439e-20    2.3182037e-19              719                0
      0.007312193     8.425516e-05     0.0058726226   -0.00063655805   -0.00017130186     0.0019550391    9.1093825e-31   -1.6021766e-19    -9.156439e-20    2.3182037e-19              828                0
     0.0040257731    2.1568258e-05     0.0028155155   -0.00072829227    -0.0018010057   -0.00081851555    9.1093825e-31   -1.6021766e-19    -9.156439e-20    2.3182037e-19              885                0
   -0.00087792514    5.9679132e-05     0.0068721441    0.00018220099    -0.0061180368   -0.00079111912    9.1093825e-31   -1.6021766e-19    -9.156439e-20    2.3182037e-19             1639                1
     0.0022432702     9.012076e-05      0.013363968     0.0033569008    -0.0073044393    -0.0025428876    9.1093825e-31   -1.6021766e-19    -9.156439e-20    2.3182037e-19             1781                1
    -0.0024059082    4.1083673e-05     -0.014850055     -0.001201943     0.0008231512    0.00062946015    9.1093825e-31   -1.6021766e-19    -9.156439e-20    2.3182037e-19               27                0
    -0.0050388635    7.0155416e-05     -0.014844079   -0.00028745164     0.0010252186    -0.0025991614    9.1093825e-31   -1.6021766e-19    -9.156439e-20    2.3182037e-19              839                0
     0.0018331674    8.3880914e-06    -0.0019445634     0.0011969805     0.0018624477    0.00053870282    9.1093825e-31   -1.6021766e-19    -9.156439e-20    2.3182037e-19             1751                1
      0.007549169    2.4329795e-05    -0.0099454504    0.00041361438    -0.0010925255   -0.00089818181    9.1093825e-31   -1.6021766e-19    -9.156439e-20    2.3182037e-19              786                0
     -0.001027614    6.3771105e-05     0.0058025313     0.0032331508     -0.007214603    -0.0024538918    9.1093825e-31   -1.6021766e-19    -9.156439e-20    2.3182037e-19             1671                1
     0.0068475925    8.0891805e-05     -0.014401651     0.0017985544     0.0015035284     0.0034313814    9.1093825e-31   -1.6021766e-19    -9.156439e-20    2.3182037e-19              918                0
     0.0076933107     5.554681e-05    -0.0079551442   -7.2635667e-06     0.0011604414    -0.0028940237    9.1093825e-31   -1.6021766e-19    -9.156439e-20    2.3182037e-19             1401                1
     0.0053783455    1.8908506e-06     -0.011658239    0.00075969577   -0.00096967019      0.002644181    9.1093825e-31   -1.6021766e-19    -9.156439e-20    2.3182037e-19              954                0
   -0.00018488521     3.685234e-05     0.0035533523   -0.00099742541     -0.010122727    -0.0042211371    9.1093825e-31   -1.6021766e-19    -9.156439e-20    2.3182037e-19             1653                1
    -0.0033965621    2.8272427e-05     -0.009899836    6.1736973e-05     0.0068528298    0.00011408374    9.1093825e-31   -1.6021766e-19    -9.156439e-20    2.3182037e-19             1721                1
     0.0049112109    1.5645774e-05    0.00025920026   -0.00086542865    -0.0022139899    0.00037766303    9.1093825e-31   -1.6021766e-19    -9.156439e-20    2.3182037e-19               63                0
     0.0024737215    1.2234676e-05    -0.0091451444    0.00073587254     0.0025402508     0.0010618297    9.1093825e-31   -1.6021766e-19    -9.156439e-20    2.3182037e-19             1667                1
    0.00040681817    2.4029241e-05    -0.0087838564    0.00019685597     0.0079160919     0.0001067003    9.1093825e-31   -1.6021766e-19    -9.156439e-20    2.3182037e-19             1753                1
     0.0017925715    6.7249399e-05      0.010625731    0.00012616446    -0.0067596654     0.0065444163    9.1093825e-31   -1.6021766e-19    -9.156439e-20    2.3182037e-19             1708                1
      0.001757892    5.3437328e-05     -0.014415564    -0.0029990883     0.0012548572   -0.00041473171    9.1093825e-31   -1.6021766e-19    -9.156439e-20    2.3182037e-19              983                0
     0.0026199035    4.1581106e-06     -0.007690738    -0.0040707407     0.0021806408     -0.005019208    9.1093825e-31   -1.6021766e-19    -9.156439e-20    2.3182037e-19             1761                1
     0.0078375461     5.474198e-05     -0.014144981     0.0012065672    -0.0030248028    0.00011357704    9.1093825e-31   -1.6021766e-19    -9.156439e-20    2.3182037e-19             1627                1
   -0.00055003981    5.6152403e-05     0.0094858995    0.00027519264    -0.0097847804    -0.0042858808    9.1093825e-31   -1.6021766e-19    -9.156439e-20    2.3182037e-19             1717                1
     0.0033350254    1.1332881e-07      0.012295455    -0.0013169883   -0.00094760768     0.0042985543    9.1093825e-31   -1.6021766e-19    -9.156439e-20    2.3182037e-19             1319                1
    -0.0075233974     5.048433e-05    -0.0048857378    -0.0028467765    -0.0015877989    0.00034622676    9.1093825e-31   -1.6021766e-19    -9.156439e-20    2.3182037e-19              243                0
   -8.1953534e-05    8.2574552e-05      0.013837586     0.0037707319    -0.0089906417   -0.00064871542    9.1093825e-31   -1.6021766e-19    -9.156439e-20    2.3182037e-19             1769                1
    -0.0031025596    2.6902544e-05     0.0023016375    -0.0010461395     -0.001994018     0.0022455312    9.1093825e-31   -1.6021766e-19    -9.156439e-20    2.3182037e-19              512                0
    -0.0028695976    2.9551062e-05     0.0002400658    -0.0029336778    -0.0027539916    -0.0029515678    9.1093825e-31   -1.6021766e-19    -9.156439e-20    2.3182037e-19              303                0
    0.00023987531    1.6444812e-05    -0.0037778276     0.0026599118     -0.010074384    -0.0011537907    9.1093825e-31   -1.6021766e-19    -9.156439e-20    2.3182037e-19             1638                1
    -0.0015304536    2.6502245e-05    -0.0087097557    -0.0037595469     0.0062559796     0.0027157606    9.1093825e-31   -1.6021766e-19    -9.156439e-20    2.3182037e-19             1720                1
    -0.0012532863    6.8834102e-05     -0.014208262    -6.166628e-05     0.0096359616   -0.00064381526    9.1093825e-31   -1.6021766e-19    -9.156439e-20    2.3182037e-19             1642                1
    -0.0026584854    2.6285257e-05     -0.008108682    0.00016273664    -0.0025680163    0.00087126205    9.1093825e-31   -1.6021766e-19    -9.156439e-20    2.3182037e-19              217                0
    0.00040424691    3.2254946e-05    -0.0087842075   -0.00056719407      0.010360193    3.7105638e-06    9.1093825e-31   -1.6021766e-19    -9.156439e-20    2.3182037e-19             1754                1
     0.0022120185    9.0016525e-05      0.013318564     0.0016021765      -0.00856137     0.0014644677    9.1093825e-31   -1.6021766e-19    -9.156439e-20    2.3182037e-19             1783                1
    -0.0082053281    9.2800386e-05    -0.0084130922    9.3089067e-05    0.00081810105     0.0020290569    9.1093825e-31   -1.6021766e-19    -9.156439e-20    2.3182037e-19              443                0
     0.0019600794    4.6489968e-05     -0.012604771    0.00050555205      0.010848774    7.3761003e-05    9.1093825e-31   -1.6021766e-19    -9.156439e-20    2.3182037e-19             1718                1
    8.0063139e-05    4.3842632e-05     -0.012026562    0.00032210432    1.8885537e-05     0.0031131194    9.1093825e-31   -1.6021766e-19    -9.156439e-20    2.3182037e-19              483                0
    -0.0089877704    1.2574134e-05      0.013776308     0.0013418541     0.0001614021   -0.00050243695    9.1093825e-31   -1.6021766e-19    -9.156439e-20    2.3182037e-19              503                0
     -0.004928974    1.4934566e-05     -0.010769277    -0.0047324654     0.0033726061     0.0012049455    9.1093825e-31   -1.6021766e-19    -9.156439e-20    2.3182037e-19             1690                1
   -0.00015761355     2.710158e-06    -0.0076045608    -0.0019473729     0.0025365511     0.0030537099    9.1093825e-31   -1.6021766e-19    -9.156439e-20    2.3182037e-19             1782                1
     0.0058705145    1.1560882e-05      -0.00387271     0.0032125933    -0.0026158788    -0.0002552651    9.1093825e-31   -1.6021766e-19    -9.156439e-20    2.3182037e-19              807                0
   -0.00079744955    9.0414069e-05    5.3723961e-05   -2.9692854e-05    -0.0050961357   -0.00091102626    9.1093825e-31   -1.6021766e-19    -9.156439e-20    2.3182037e-19             1766                1
    0.00045882797     3.134126e-05     0.0002250393   -0.00072160369     0.0053636888    0.00019188889    9.1093825e-31   -1.6021766e-19    -9.156439e-20    2.3182037e-19             1727                1
    -0.0040067802    7.4947573e-05     0.0052278512    0.00022344753    -0.0072738216    -0.0024509211    9.1093825e-31   -1.6021766e-19    -9.156439e-20    2.3182037e-19             1741                1
    -0.0040511466    4.1907515e-06      0.014686861   -0.00097420922    -0.0009446778    -0.0050715576    9.1093825e-31   -1.6021766e-19    -9.156439e-20    2.3182037e-19             1463                1
     0.0018035051    5.2745669e-05      0.010629802     0.0020628197    -0.0093292836     0.0072676735    9.1093825e-31   -1.6021766e-19    -9.156439e-20    2.3182037e-19             1709                1
     0.0017402057    7.3067233e-05     0.0071269972    -0.0052776891     0.0031110565     0.0046269046    9.1093825e-31   -1.6021766e-19    -9.156439e-20    2.3182037e-19             1467                1
     0.0045668692    6.1476399e-05     0.0040917792     0.0036285394    -0.0074019078    -0.0028363701    9.1093825e-31   -1.6021766e-19    -9.156439e-20    2.3182037e-19             1686                1
    -0.0024301147    7.7927706e-07     -0.002171759    -0.0040078145     0.0039296709     0.0021250579    9.1093825e-31   -1.6021766e-19    -9.156439e-20    2.3182037e-19             1790                1
    -0.0024296516    1.7372043e-06     -0.002171807    -0.0016684226     0.0087679559     0.0018827425    9.1093825e-31   -1.6021766e-19    -9.156439e-20    2.3182037e-19             1791                1
   -0.00046767172    5.9728313e-07    -0.0025702056     0.0019978336      0.006033313    -0.0030604301    9.1093825e-31   -1.6021766e-19    -9.156439e-20    2.3182037e-19             1793                1
