%  ASCII export : 
%
%  Momentum is normalized to the product of particle's mass and speed of light.
%  All other quantities are in SI units.
%
%            posX             posY             posZ             momX             momY             momZ             mass           charge     macro-charge             time       particleID         sourceID

    -0.0022670466    7.0034221e-05     0.0029019332    -0.0032378302      0.010184725    -0.0029922475    9.1093825e-31   -1.6021766e-19    -9.156439e-20    1.9549525e-19             1526                1
     0.0035114398    8.7454035e-05     -0.013925825     0.0014680831    -0.0017436848    -0.0001750528    9.1093825e-31   -1.6021766e-19    -9.156439e-20    1.9549525e-19                3                0
    -0.0090225069    4.6749155e-05    -0.0088554919     0.0015438176   -0.00082513952   -0.00056512037    9.1093825e-31   -1.6021766e-19    -9.156439e-20    1.9549525e-19                5                0
    -0.0025878553    5.1592731e-05    9.9841265e-05   -0.00027333808     0.0027162917   -0.00056125445    9.1093825e-31   -1.6021766e-19    -9.156439e-20    1.9549525e-19              348                0
    -0.0093379468    5.8899521e-05    -0.0044906186     0.0020785914   -0.00047860874    0.00085980387    9.1093825e-31   -1.6021766e-19    -9.156439e-20    1.9549525e-19             1002                1
     0.0033698105    3.5534718e-05     0.0078260843   -0.00070221914    -0.0011151811     0.0028018896    9.1093825e-31   -1.6021766e-19    -9.156439e-20    1.9549525e-19             1435                1
     0.0012509446    5.5276356e-05     0.0025565596    -0.0015480069     0.0078194542     0.0017933295    9.1093825e-31   -1.6021766e-19    -9.156439e-20    1.9549525e-19             1470                1
   -0.00068115938    7.3941934e-05     -0.012112526    0.00043478864    -0.0018710482     -0.001184013    9.1093825e-31   -1.6021766e-19    -9.156439e-20    1.9549525e-19               55                0
      0.006381155    1.4141369e-05      0.014256216   -0.00056760042    -0.0011604567     0.0009165979    9.1093825e-31   -1.6021766e-19    -9.156439e-20    1.9549525e-19              171                0
     0.0078565162    8.3537525e-05      0.013947755    -0.0028946784    0.00070128287    0.00065328792    9.1093825e-31   -1.6021766e-19    -9.156439e-20    1.9549525e-19              940                0
     0.0044608763    3.4546276e-05     0.0052868635   -0.00059086835     0.0017769417   -0.00038396832    9.1093825e-31   -1.6021766e-19    -9.156439e-20    1.9549525e-19              154                0
     0.0064936308    7.1406597e-05     -0.013424824     0.0014019001   -0.00099828234     0.0013948362    9.1093825e-31   -1.6021766e-19    -9.156439e-20    1.9549525e-19              488                0
      0.007005427    7.2642557e-05      0.013633554     0.0026788879    0.00053352932     0.0001914535    9.1093825e-31   -1.6021766e-19    -9.156439e-20    1.9549525e-19              405                0
     0.0012447367     3.391369e-05    -0.0096370652    -0.0069385534    -0.0095396945     -0.001412663    9.1093825e-31   -1.6021766e-19    -9.156439e-20    1.9549525e-19             1519                1
     0.0033310836    2.6247704e-05      0.009240699   -0.00097058003     0.0063482928      0.001183613    9.1093825e-31   -1.6021766e-19    -9.156439e-20    1.9549525e-19             1576                1
     0.0082536619    2.8832977e-05   -0.00069975789    3.8810918e-05    -0.0004282546    -0.0015471182    9.1093825e-31   -1.6021766e-19    -9.156439e-20    1.9549525e-19              193                0
     0.0078975325    7.3748532e-05     0.0077310572    0.00046134571      0.001156236    -0.0015605896    9.1093825e-31   -1.6021766e-19    -9.156439e-20    1.9549525e-19              235                0
     0.0080895778    2.6498665e-05     0.0086054392    -0.0021827328   -0.00015964395   -0.00020151582    9.1093825e-31   -1.6021766e-19    -9.156439e-20    1.9549525e-19              961                0
     0.0086385282    2.9107663e-05    0.00016467183     0.0020786461    0.00021883912    0.00017314577    9.1093825e-31   -1.6021766e-19    -9.156439e-20    1.9549525e-19              386                0
     0.0013683882     6.206437e-05       0.01134155    -0.0012499334      0.006644526    0.00026990124    9.1093825e-31   -1.6021766e-19    -9.156439e-20    1.9549525e-19             1481                1
    -0.0051365206    3.2350952e-05     -0.014006825    -0.0021160836    -0.0024536387     -0.001391566    9.1093825e-31   -1.6021766e-19    -9.156439e-20    1.9549525e-19              293                0
    -0.0039297109    7.6417193e-05     -0.013144138   -0.00037298768   -0.00087068026    -0.0020546606    9.1093825e-31   -1.6021766e-19    -9.156439e-20    1.9549525e-19              645                0
    -0.0052946745    6.5304062e-05     0.0089703063     0.0014991517    0.00032650976   -0.00043932497    9.1093825e-31   -1.6021766e-19    -9.156439e-20    1.9549525e-19              355                0
     0.0077061518    5.3631982e-05     -0.011924847   -0.00084190088   -0.00076041749    0.00070927659    9.1093825e-31   -1.6021766e-19    -9.156439e-20    1.9549525e-19              451                0
    -0.0067951656    9.2727087e-06      0.011580776     0.0022887702   -0.00043275396    -0.0018213394    9.1093825e-31   -1.6021766e-19    -9.156439e-20    1.9549525e-19              716                0
    -0.0012406178    7.6189077e-05     0.0066141849     0.0017815047     0.0086663635     0.0039661792    9.1093825e-31   -1.6021766e-19    -9.156439e-20    1.9549525e-19             1459                1
     0.0055447659    1.5177019e-05      0.011532267    -0.0003189375     0.0054686437   -0.00011226739    9.1093825e-31   -1.6021766e-19    -9.156439e-20    1.9549525e-19             1607                1
     0.0083326465    3.6152371e-05    0.00066399877    -0.0016676636    0.00055823533   -0.00062174391    9.1093825e-31   -1.6021766e-19    -9.156439e-20    1.9549525e-19              455                0
     0.0058832145    3.0177624e-05     0.0030107622   -0.00041738973     0.0012059421   -5.6329382e-06    9.1093825e-31   -1.6021766e-19    -9.156439e-20    1.9549525e-19              475                0
     -0.003470636    7.0908303e-05    -0.0064245197    -0.0015677322     0.0045137419   -0.00018797969    9.1093825e-31   -1.6021766e-19    -9.156439e-20    1.9549525e-19             1466                1
     0.0033571054    4.6534566e-05      0.012708704     0.0013816785     0.0075860955   -0.00097637309    9.1093825e-31   -1.6021766e-19    -9.156439e-20    1.9549525e-19             1545                1
     0.0051385779    4.8579903e-05    -0.0021868716    0.00081569934      0.001253839     0.0019319593    9.1093825e-31   -1.6021766e-19    -9.156439e-20    1.9549525e-19              535                0
     0.0013873343    2.3090473e-05      0.011323213     0.0010575516     0.0062630391     0.0026301274    9.1093825e-31   -1.6021766e-19    -9.156439e-20    1.9549525e-19             1585                1
    -0.0014704634    8.9228546e-05    -0.0086023249     0.0020458042    -0.0042213006     0.0034707002    9.1093825e-31   -1.6021766e-19    -9.156439e-20    1.9549525e-19             1601                1
   -0.00068079412    6.7891808e-05    -0.0078191906    0.00065077248    -0.0067118057    -0.0018740696    9.1093825e-31   -1.6021766e-19    -9.156439e-20    1.9549525e-19             1560                1
    -0.0026266486    5.4785178e-05      -0.01397804    -0.0047424398    -0.0078997584     0.0032637215    9.1093825e-31   -1.6021766e-19    -9.156439e-20    1.9549525e-19             1532                1
    7.5862823e-05    7.4890554e-06     0.0033268661     0.0024716209      0.002297488     -0.001022596    9.1093825e-31   -1.6021766e-19    -9.156439e-20    1.9549525e-19              173                0
      0.006444592     5.394556e-06     0.0073660482    -0.0021335024   -0.00099138159    -0.0021075518    9.1093825e-31   -1.6021766e-19    -9.156439e-20    1.9549525e-19             1126                1
    -0.0050814636    7.0166949e-05    -0.0017969542    0.00082544709     0.0036816923    -0.0020095215    9.1093825e-31   -1.6021766e-19    -9.156439e-20    1.9549525e-19             1206                1
     -0.006769856    2.8582954e-05     0.0039948062     0.0031042234     0.0011987977    -0.0015918459    9.1093825e-31   -1.6021766e-19    -9.156439e-20    1.9549525e-19              695                0
     0.0017914581    2.9682053e-05     0.0069000297   -0.00012577402     0.0070066541    -0.0015325872    9.1093825e-31   -1.6021766e-19    -9.156439e-20    1.9549525e-19             1566                1
     0.0050626355    6.7861074e-05     0.0071062888   -0.00023203198     0.0021431944     0.0036273543    9.1093825e-31   -1.6021766e-19    -9.156439e-20    1.9549525e-19              847                0
    0.00015927578    7.1618466e-05    -0.0059708976     -0.001132005    -0.0098673515   -0.00028048278    9.1093825e-31   -1.6021766e-19    -9.156439e-20    1.9549525e-19             1606                1
   -0.00017525055    8.1127153e-05     0.0035905601   -0.00036070368      0.010264318    0.00054245815    9.1093825e-31   -1.6021766e-19    -9.156439e-20    1.9549525e-19             1484                1
    -0.0044533066    2.7855956e-05      0.012080302    0.00011308934    0.00043225475   -0.00014762262    9.1093825e-31   -1.6021766e-19    -9.156439e-20    1.9549525e-19             1316                1
    -0.0061343256    3.8508391e-05     -0.011977018    2.2393517e-05    -0.0011671382    -0.0013669776    9.1093825e-31   -1.6021766e-19    -9.156439e-20    1.9549525e-19              385                0
     0.0037884016    3.0829655e-05    -0.0099165775    -0.0010582332    -0.0015826895    0.00075152732    9.1093825e-31   -1.6021766e-19    -9.156439e-20    1.9549525e-19              835                0
    -0.0053003449     1.834097e-05     0.0049318159    -0.0010757186     0.0003423281   -0.00049501989    9.1093825e-31   -1.6021766e-19    -9.156439e-20    1.9549525e-19              248                0
    -0.0012213172     3.084194e-05     0.0046093571     0.0014603972     0.0021410971     0.0014643065    9.1093825e-31   -1.6021766e-19    -9.156439e-20    1.9549525e-19              968                0
    -0.0050885221    6.0776194e-05     0.0060700704    -0.0010580398     0.0018673821     0.0012494656    9.1093825e-31   -1.6021766e-19    -9.156439e-20    1.9549525e-19              895                0
      0.001865108    5.2383723e-05      0.012025029    0.00090848043     0.0075005218    -0.0010418092    9.1093825e-31   -1.6021766e-19    -9.156439e-20    1.9549525e-19             1528                1
     0.0061701061    2.1488009e-05     0.0048026638     -0.001127395     0.0014795068    0.00066409627    9.1093825e-31   -1.6021766e-19    -9.156439e-20    1.9549525e-19              751                0
     0.0075263362     2.395059e-05    -0.0091376156   -0.00071548333   -0.00037909133    0.00033161958    9.1093825e-31   -1.6021766e-19    -9.156439e-20    1.9549525e-19               10                0
    -0.0059379176    2.0330761e-05     0.0018046489    4.6420271e-05    0.00079221674     0.0019842258    9.1093825e-31   -1.6021766e-19    -9.156439e-20    1.9549525e-19              832                0
    -0.0045098998    3.7235171e-05     0.0065292232   -0.00037911095     0.0081126252     0.0031413364    9.1093825e-31   -1.6021766e-19    -9.156439e-20    1.9549525e-19             1579                1
     -0.007330203    7.9955636e-05    -0.0069493856    -0.0011495503    0.00026649481    -0.0026722963    9.1093825e-31   -1.6021766e-19    -9.156439e-20    1.9549525e-19              532                0
     0.0011455604    6.7078952e-05    -0.0092261592     -0.002419374    -0.0084930547    -0.0011562346    9.1093825e-31   -1.6021766e-19    -9.156439e-20    1.9549525e-19             1587                1
      -0.00935895    9.5928117e-05     0.0031539865     0.0013018976    0.00086579518     0.0021301066    9.1093825e-31   -1.6021766e-19    -9.156439e-20    1.9549525e-19              191                0
    -0.0091598826    4.6590417e-06    -0.0031182405    0.00061020989   -0.00047580808    0.00017074619    9.1093825e-31   -1.6021766e-19    -9.156439e-20    1.9549525e-19              625                0
     0.0051907287     2.696901e-05    -0.0076948744   -2.4926579e-05    -0.0006811748   -0.00016704261    9.1093825e-31   -1.6021766e-19    -9.156439e-20    1.9549525e-19              565                0
    -0.0042642299    4.4130538e-05    -0.0073542469     0.0013926484    -0.0095417453     0.0020014045    9.1093825e-31   -1.6021766e-19    -9.156439e-20    1.9549525e-19             1557                1
     -0.001263575    1.4229081e-05     0.0027873891    -0.0016767572     0.0026469561   -0.00062961207    9.1093825e-31   -1.6021766e-19    -9.156439e-20    1.9549525e-19               96                0
    -0.0092945406     2.548056e-06    -0.0099136168     0.0009643932   -0.00041421701    -0.0010153976    9.1093825e-31   -1.6021766e-19    -9.156439e-20    1.9549525e-19              602                0
     0.0035622308    6.8518944e-05     0.0012183231    0.00090333296     0.0037484679   -0.00025235515    9.1093825e-31   -1.6021766e-19    -9.156439e-20    1.9549525e-19              201                0
    -0.0023722374    1.4690721e-05        0.0144461    -0.0016043191    -0.0056170272    -0.0010035826    9.1093825e-31   -1.6021766e-19    -9.156439e-20    1.9549525e-19             1353                1
     -0.001377165    6.0077309e-05    -0.0081673842     0.0041761096    -0.0067995437     0.0042214594    9.1093825e-31   -1.6021766e-19    -9.156439e-20    1.9549525e-19             1535                1
     0.0061374777    5.7547517e-05     -0.014180333     0.0010191894   -0.00064878428    -0.0009689185    9.1093825e-31   -1.6021766e-19    -9.156439e-20    1.9549525e-19              365                0
    -0.0045767706    8.6507142e-05      0.003656714    0.00061649556     0.0032683904    0.00046967846    9.1093825e-31   -1.6021766e-19    -9.156439e-20    1.9549525e-19              146                0
    -0.0086347638    2.0105737e-05     -0.012866871    -0.0001643993   -0.00084288133    -0.0017664417    9.1093825e-31   -1.6021766e-19    -9.156439e-20    1.9549525e-19              301                0
    -0.0050328653    1.4342513e-05     0.0089277904    -0.0021652563   -9.9874982e-05   -8.0377038e-07    9.1093825e-31   -1.6021766e-19    -9.156439e-20    1.9549525e-19              662                0
     -0.007571918      3.13296e-05    0.00086821039      0.001483592      0.002801422    0.00068252103    9.1093825e-31   -1.6021766e-19    -9.156439e-20    1.9549525e-19             1389                1
    -0.0041147028    5.4100103e-05    -0.0097024506    0.00041067417    -0.0083718449     0.0020345398    9.1093825e-31   -1.6021766e-19    -9.156439e-20    1.9549525e-19             1555                1
     0.0015543626    4.3142725e-05     -0.012929763    0.00052504515    -0.0082741631    0.00031350789    9.1093825e-31   -1.6021766e-19    -9.156439e-20    1.9549525e-19             1488                1
    -0.0043331855    5.6079924e-05     0.0060638031     0.0016110053     0.0017119022   -0.00078337902    9.1093825e-31   -1.6021766e-19    -9.156439e-20    1.9549525e-19              628                0
     0.0065686144     5.249933e-05     0.0057205791    0.00043078559    0.00048965786   -0.00062842749    9.1093825e-31   -1.6021766e-19    -9.156439e-20    1.9549525e-19              420                0
    -0.0030954352    4.3468302e-05     -0.010455164   -0.00030731221     -0.010094262     0.0038367086    9.1093825e-31   -1.6021766e-19    -9.156439e-20    1.9549525e-19             1553                1
     0.0014564086    4.2345342e-05    -0.0089202076     0.0022207503    -0.0095548108   -0.00079044304    9.1093825e-31   -1.6021766e-19    -9.156439e-20    1.9549525e-19             1540                1
    0.00040313261    3.1402047e-05      0.012800911    0.00025539813     0.0042915544    0.00034285718    9.1093825e-31   -1.6021766e-19    -9.156439e-20    1.9549525e-19             1508                1
      0.004208541    6.7925925e-05    -0.0086222608   -0.00054084521    -0.0090130083    0.00098724198    9.1093825e-31   -1.6021766e-19    -9.156439e-20    1.9549525e-19             1595                1
    -0.0067200074    6.0189552e-05    -0.0032567403     0.0011405983     0.0018959828     0.0009775142    9.1093825e-31   -1.6021766e-19    -9.156439e-20    1.9549525e-19              984                0
    -0.0021647962    1.0002608e-05      0.013727147    0.00025127805     0.0039818217   -0.00035834909    9.1093825e-31   -1.6021766e-19    -9.156439e-20    1.9549525e-19             1608                1
    0.00044177359    6.4578089e-05      0.012899875    0.00066788361      0.011138427    0.00058394717    9.1093825e-31   -1.6021766e-19    -9.156439e-20    1.9549525e-19             1559                1
      0.005244568    4.5591314e-05     0.0064509874     0.0010781004     0.0010276219   -0.00040206916    9.1093825e-31   -1.6021766e-19    -9.156439e-20    1.9549525e-19              580                0
    -0.0045557213    9.1176691e-05    -0.0092987213   -0.00029517969     0.0036335811   -0.00074745528    9.1093825e-31   -1.6021766e-19    -9.156439e-20    1.9549525e-19             1362                1
     0.0084887855    3.1401411e-05     -0.012787103     -0.002237617    6.3015148e-05      0.002222247    9.1093825e-31   -1.6021766e-19    -9.156439e-20    1.9549525e-19              586                0
     0.0010070679    4.5601457e-05     0.0059482227    0.00080906163      0.010179607     0.0020117322    9.1093825e-31   -1.6021766e-19    -9.156439e-20    1.9549525e-19             1580                1
    -0.0051030824    5.6487635e-05    -0.0051492034     0.0010618067     0.0015008795    -0.0009463944    9.1093825e-31   -1.6021766e-19    -9.156439e-20    1.9549525e-19              660                0
     0.0089490395    5.0223767e-05     0.0047942372   -0.00080014713     0.0014092103     0.0014987482    9.1093825e-31   -1.6021766e-19    -9.156439e-20    1.9549525e-19             1080                1
    -0.0078007313    3.5745688e-05      0.010915169    0.00063374557     -0.000180057     0.0015231463    9.1093825e-31   -1.6021766e-19    -9.156439e-20    1.9549525e-19              652                0
     0.0026418415      7.30666e-05    -0.0077080447    -0.0014473659    -0.0060684187     0.0034272142    9.1093825e-31   -1.6021766e-19    -9.156439e-20    1.9549525e-19             1569                1
   -0.00087911275    9.8118391e-05     0.0068809004    -0.0049613034      0.012363007    -0.0014164081    9.1093825e-31   -1.6021766e-19    -9.156439e-20    1.9549525e-19             1503                1
    -0.0089616738    1.9372354e-05     0.0015175546     -0.002204258    5.8276197e-05    0.00013318396    9.1093825e-31   -1.6021766e-19    -9.156439e-20    1.9549525e-19              760                0
    -0.0055405307    4.1112489e-05     -0.014219971    0.00013506341     -0.008665558    -0.0007445896    9.1093825e-31   -1.6021766e-19    -9.156439e-20    1.9549525e-19             1533                1
    -0.0076355063    9.5482639e-05    -0.0029776555    0.00065878249      0.003132195    0.00015054761    9.1093825e-31   -1.6021766e-19    -9.156439e-20    1.9549525e-19             1179                1
     0.0049957642    6.9533875e-05    0.00020236142     0.0024642826     0.0073240562     0.0020769406    9.1093825e-31   -1.6021766e-19    -9.156439e-20    1.9549525e-19             1480                1
      0.005860812    7.6042073e-05    -0.0074501233    -0.0001397102     0.0011367307   -0.00093642651    9.1093825e-31   -1.6021766e-19    -9.156439e-20    1.9549525e-19              840                0
     0.0030504747    6.4626875e-05    -0.0056404551    -0.0017423972     0.0012827605    1.2044738e-05    9.1093825e-31   -1.6021766e-19    -9.156439e-20    1.9549525e-19              860                0
    -0.0039098794    2.7955572e-05    -0.0020444253    1.9134318e-06     0.0019002204   -0.00050042337    9.1093825e-31   -1.6021766e-19    -9.156439e-20    1.9549525e-19              880                0
    -0.0032154429    5.4393058e-05     -0.012440388   -0.00084181584    -0.0017412587    -0.0015408554    9.1093825e-31   -1.6021766e-19    -9.156439e-20    1.9549525e-19              900                0
    -0.0087597677    9.7074269e-05    -0.0092538875   -0.00040766317     0.0019939172    -0.0004543442    9.1093825e-31   -1.6021766e-19    -9.156439e-20    1.9549525e-19             1085                1
     0.0033864283    2.6943326e-05      0.012736592    0.00069542835     0.0034535693      -0.00025401    9.1093825e-31   -1.6021766e-19    -9.156439e-20    1.9549525e-19             1499                1
    -0.0073090452    3.3524571e-05    -0.0027064658    0.00063759892     0.0016856153    0.00067901745    9.1093825e-31   -1.6021766e-19    -9.156439e-20    1.9549525e-19             1012                1
     -0.003685544    4.6349222e-05    0.00033333682    -0.0013112136     0.0024459492     0.0026032738    9.1093825e-31   -1.6021766e-19    -9.156439e-20    1.9549525e-19              893                0
     0.0074998126    4.2221411e-05     -0.012924979     0.0023616871   -0.00057062344    -0.0017002985    9.1093825e-31   -1.6021766e-19    -9.156439e-20    1.9549525e-19              311                0
    -0.0069243368    4.3433636e-05    -0.0077938884    -0.0012714391   -6.4309417e-05    0.00055266783    9.1093825e-31   -1.6021766e-19    -9.156439e-20    1.9549525e-19              791                0
         0.007669    9.1632181e-05      0.010608477    -0.0009708631    0.00086988683    -0.0005526098    9.1093825e-31   -1.6021766e-19    -9.156439e-20    1.9549525e-19              552                0
    -0.0030235176    5.9076497e-06     0.0051114126   -0.00023370159      0.002044501    -0.0012211259    9.1093825e-31   -1.6021766e-19    -9.156439e-20    1.9549525e-19              110                0
   -0.00016214653    8.4091283e-05    -0.0075539639    0.00071164651    -0.0057608914    -0.0056497138    9.1093825e-31   -1.6021766e-19    -9.156439e-20    1.9549525e-19             1602                1
     0.0002837432     3.804842e-06      0.012602846    0.00050166599    -0.0029801249   -0.00036880444    9.1093825e-31   -1.6021766e-19    -9.156439e-20    1.9549525e-19             1196                1
    -0.0062069809    1.7818764e-05     0.0028839954    5.1162609e-05     0.0015829586    -0.0001183613    9.1093825e-31   -1.6021766e-19    -9.156439e-20    1.9549525e-19              677                0
     0.0059125754    9.6605334e-05     -0.004872866   -0.00021466415     0.0065095578   -0.00025293222    9.1093825e-31   -1.6021766e-19    -9.156439e-20    1.9549525e-19             1445                1
    -0.0084809298    5.4289321e-05    -0.0047887047    0.00033600794    0.00079430174   -0.00011238067    9.1093825e-31   -1.6021766e-19    -9.156439e-20    1.9549525e-19              210                0
    -0.0057224068    8.7137932e-06    -0.0019946687    -0.0021542709     0.0003958685    0.00099813892    9.1093825e-31   -1.6021766e-19    -9.156439e-20    1.9549525e-19              196                0
      0.007927224    5.1831037e-05     0.0083919633   -0.00032666151    0.00030327708     0.0012621019    9.1093825e-31   -1.6021766e-19    -9.156439e-20    1.9549525e-19              254                0
     0.0059132869    6.4706794e-05     0.0044905585   -0.00065144326     0.0014532605   -0.00088074221    9.1093825e-31   -1.6021766e-19    -9.156439e-20    1.9549525e-19              270                0
     0.0015609623    1.7911347e-05     -0.012894211     0.0010666478     -0.010337768     0.0032383497    9.1093825e-31   -1.6021766e-19    -9.156439e-20    1.9549525e-19             1489                1
     0.0089279143    3.9195784e-05     -0.013924249   -0.00070123223     -0.001118951    0.00016487899    9.1093825e-31   -1.6021766e-19    -9.156439e-20    1.9549525e-19              310                0
     0.0078295255    3.5069701e-05     -0.011329778    0.00019678789    -0.0014102353    0.00046846061    9.1093825e-31   -1.6021766e-19    -9.156439e-20    1.9549525e-19              407                0
     0.0014890754    5.7032019e-05    -0.0051240339    0.00063790509    -0.0053910143   -0.00036686691    9.1093825e-31   -1.6021766e-19    -9.156439e-20    1.9549525e-19             1524                1
    -0.0075107492    4.0114359e-05     -0.012113286    -0.0011389202    8.2074375e-06     -0.001204533    9.1093825e-31   -1.6021766e-19    -9.156439e-20    1.9549525e-19              673                0
     0.0089653451    6.2426116e-05     0.0060855751    -0.0014488789     0.0010529598    0.00046919473    9.1093825e-31   -1.6021766e-19    -9.156439e-20    1.9549525e-19              390                0
     0.0085175019    1.9418234e-05      0.010220121    0.00025870217   -0.00014209599   -9.2368486e-05    9.1093825e-31   -1.6021766e-19    -9.156439e-20    1.9549525e-19              410                0
     0.0094888788    5.7957004e-05     -0.010804904    0.00027640263     0.0044158786     0.0006461186    9.1093825e-31   -1.6021766e-19    -9.156439e-20    1.9549525e-19             1490                1
     0.0011421521    1.8205983e-05    -0.0067491075    0.00069136143     -0.011441003    -0.0060601369    9.1093825e-31   -1.6021766e-19    -9.156439e-20    1.9549525e-19             1536                1
   -3.4601828e-05    9.4120978e-06      0.014560159   -5.6117064e-05     0.0011522751    0.00013324049    9.1093825e-31   -1.6021766e-19    -9.156439e-20    1.9549525e-19             1500                1
     0.0044415267    8.8919049e-05     -0.013479272    0.00048086542    -0.0037805352    -6.452603e-05    9.1093825e-31   -1.6021766e-19    -9.156439e-20    1.9549525e-19             1596                1
    -0.0087204892     6.825215e-05     0.0049852584     -0.001264083     0.0011736447     0.0016881552    9.1093825e-31   -1.6021766e-19    -9.156439e-20    1.9549525e-19              510                0
    -0.0049848319    9.8543016e-05     0.0031669759     0.0009484007     0.0033773265   -0.00033913349    9.1093825e-31   -1.6021766e-19    -9.156439e-20    1.9549525e-19              530                0
     0.0024580914    3.2648273e-05    -0.0091679031     0.0031882352    -0.0093594687     0.0046671419    9.1093825e-31   -1.6021766e-19    -9.156439e-20    1.9549525e-19             1521                1
     0.0090986593    3.0410229e-05     -0.012545744    -0.0025085448    -0.0010901263    -0.0020285232    9.1093825e-31   -1.6021766e-19    -9.156439e-20    1.9549525e-19              747                0
   -0.00031245095    6.5227956e-05    0.00037890204    0.00040605175    -0.0047647478    -0.0032776308    9.1093825e-31   -1.6021766e-19    -9.156439e-20    1.9549525e-19             1568                1
     0.0034503976    3.4411871e-05     0.0032402482     0.0011579109     0.0025159491     0.0021985325    9.1093825e-31   -1.6021766e-19    -9.156439e-20    1.9549525e-19              991                0
    -0.0019001205    4.8607882e-05     0.0045970627    -0.0013047907     0.0020865186    -0.0013502761    9.1093825e-31   -1.6021766e-19    -9.156439e-20    1.9549525e-19              630                0
    -0.0027420751    9.9422476e-05     0.0008506861   -5.4417796e-05      0.010008056    0.00034749729    9.1093825e-31   -1.6021766e-19    -9.156439e-20    1.9549525e-19             1461                1
     0.0084241973    2.5589101e-05      0.001611467     0.0002150456    0.00045509747   -0.00083002786    9.1093825e-31   -1.6021766e-19    -9.156439e-20    1.9549525e-19              525                0
     0.0091935154    1.4017051e-05    -0.0091108317     0.0011325838   -4.3041211e-05    -0.0014044229    9.1093825e-31   -1.6021766e-19    -9.156439e-20    1.9549525e-19              690                0
   -0.00017084264    6.8506473e-05     0.0035857994   -0.00018262236     0.0085383151   -0.00020646914    9.1093825e-31   -1.6021766e-19    -9.156439e-20    1.9549525e-19             1450                1
    -0.0014564298    8.1081926e-05    -0.0066679241   -0.00091308629     0.0025505591    -0.0012302378    9.1093825e-31   -1.6021766e-19    -9.156439e-20    1.9549525e-19             1170                1
    -0.0087613165    7.3233015e-05     -0.001263754    0.00091765786    7.5765325e-05    0.00099258579    9.1093825e-31   -1.6021766e-19    -9.156439e-20    1.9549525e-19              750                0
    -0.0016731907    2.8728373e-05     -0.011157474     0.0030829075     -0.010658149   -0.00045444351    9.1093825e-31   -1.6021766e-19    -9.156439e-20    1.9549525e-19             1527                1
     0.0014924052    9.9807148e-05     0.0025685099   -0.00084897928      0.011725438    0.00021402365    9.1093825e-31   -1.6021766e-19    -9.156439e-20    1.9549525e-19             1492                1
     0.0075359032    9.2944043e-05      0.010906324     0.0004976234     0.0015444128    0.00040891542    9.1093825e-31   -1.6021766e-19    -9.156439e-20    1.9549525e-19              810                0
    -0.0075618555    5.4857454e-05    -0.0013465586     0.0028720121     0.0015429222   -0.00085062574    9.1093825e-31   -1.6021766e-19    -9.156439e-20    1.9549525e-19              257                0
    -0.0056057484    3.2243246e-05     0.0057832273    -0.0010904656     0.0015494231     0.0010289253    9.1093825e-31   -1.6021766e-19    -9.156439e-20    1.9549525e-19              220                0
     0.0067616426    5.3551161e-05     0.0091302209    -0.0016485382     0.0012723627     0.0013764806    9.1093825e-31   -1.6021766e-19    -9.156439e-20    1.9549525e-19              870                0
     0.0064977412     3.572911e-05     -0.008465088    -0.0027563781    0.00032696602   -0.00053974986    9.1093825e-31   -1.6021766e-19    -9.156439e-20    1.9549525e-19              931                0
   -0.00084167661    3.8582049e-05     -0.008366229    -0.0044859969    -0.0085055148    0.00042196256    9.1093825e-31   -1.6021766e-19    -9.156439e-20    1.9549525e-19             1516                1
     0.0041854251    9.5526819e-05     -0.014851408    -0.0013410262    -0.0013600974    -0.0022188961    9.1093825e-31   -1.6021766e-19    -9.156439e-20    1.9549525e-19              833                0
    -0.0076510371    1.7092461e-05     0.0045236731   -0.00040639166    3.0255922e-05     0.0013635556    9.1093825e-31   -1.6021766e-19    -9.156439e-20    1.9549525e-19              633                0
   -0.00017202161    2.6552889e-06    -0.0035250033    0.00056590693     0.0036893236    -0.0030511206    9.1093825e-31   -1.6021766e-19    -9.156439e-20    1.9549525e-19             1630                1
     0.0048335791    3.5019413e-05     0.0070929327    0.00020897097    0.00060171564     0.0030142092    9.1093825e-31   -1.6021766e-19    -9.156439e-20    1.9549525e-19               18                0
     0.0059815552    1.7066854e-05    -0.0028680998    -0.0011385513     0.0016729523    -0.0022765957    9.1093825e-31   -1.6021766e-19    -9.156439e-20    1.9549525e-19              256                0
    -0.0013096386    5.2500545e-05     -0.014193896   -0.00019499417    -0.0077166301    -0.0021354342    9.1093825e-31   -1.6021766e-19    -9.156439e-20    1.9549525e-19             1493                1
    -0.0035771292    2.4108707e-05     -0.014347708    -0.0023467694    -0.0024181132    0.00044124844    9.1093825e-31   -1.6021766e-19    -9.156439e-20    1.9549525e-19              567                0
     0.0019607558    5.8325997e-05     -0.012603745   -0.00056559639    -0.0090167243   -0.00024022798    9.1093825e-31   -1.6021766e-19    -9.156439e-20    1.9549525e-19             1570                1
     0.0011452067    1.0982579e-05     -0.013260962   -0.00070687517    -0.0033938498    -0.0012645683    9.1093825e-31   -1.6021766e-19    -9.156439e-20    1.9549525e-19              592                0
    -0.0010611932    5.2065749e-05    -0.0059291753     -0.002248914    -0.0053964444   -0.00067010341    9.1093825e-31   -1.6021766e-19    -9.156439e-20    1.9549525e-19             1504                1
    -0.0090214722    7.8038167e-05       0.01249014    -0.0017021378    0.00078962435    1.9914156e-05    9.1093825e-31   -1.6021766e-19    -9.156439e-20    1.9549525e-19              865                0
     0.0092107197    6.2647865e-05    0.00092317915     0.0014051377    5.4763739e-05   -0.00017855893    9.1093825e-31   -1.6021766e-19    -9.156439e-20    1.9549525e-19              637                0
     0.0033189962    6.1082254e-05    -0.0075122537    -0.0012701198    -0.0079156049     0.0010054018    9.1093825e-31   -1.6021766e-19    -9.156439e-20    1.9549525e-19             1572                1
      0.001855522    5.7983576e-05      0.012038975   -0.00013303314     0.0081039546    0.00047367802    9.1093825e-31   -1.6021766e-19    -9.156439e-20    1.9549525e-19             1529                1
      0.004753666    5.8581481e-05     0.0021042286   -0.00073883124     0.0025924316     0.0011542048    9.1093825e-31   -1.6021766e-19    -9.156439e-20    1.9549525e-19              229                0
      -0.00288257    3.6604917e-05    -0.0056255646    0.00043490506     0.0010276802    -0.0028077504    9.1093825e-31   -1.6021766e-19    -9.156439e-20    1.9549525e-19              507                0
    -0.0086005824    7.3478674e-05    -0.0014400268     0.0008192028    0.00018435108   -0.00040310682    9.1093825e-31   -1.6021766e-19    -9.156439e-20    1.9549525e-19              894                0
    -0.0027700684    8.1199039e-05    -0.0088766469    0.00069792208    -0.0034864626    -0.0015781089    9.1093825e-31   -1.6021766e-19    -9.156439e-20    1.9549525e-19             1482                1
     0.0078245215    7.4976691e-05    -0.0032558397      0.001641823    0.00041521169     0.0023100353    9.1093825e-31   -1.6021766e-19    -9.156439e-20    1.9549525e-19              309                0
    -0.0089320624     4.783471e-05      0.011248805   -0.00022294799    7.4270865e-05    -0.0006047287    9.1093825e-31   -1.6021766e-19    -9.156439e-20    1.9549525e-19              329                0
     0.0077383039    5.1072009e-05     -0.014139322    -0.0029018905    7.2907933e-05     0.0013573903    9.1093825e-31   -1.6021766e-19    -9.156439e-20    1.9549525e-19              349                0
     0.0090960274    5.9121849e-05      0.007862797    -0.0010183625     0.0001509618     0.0016580547    9.1093825e-31   -1.6021766e-19    -9.156439e-20    1.9549525e-19              369                0
    -0.0028544352    6.9897113e-05    -0.0069453809    -0.0019257567     0.0040320908    -0.0004430516    9.1093825e-31   -1.6021766e-19    -9.156439e-20    1.9549525e-19             1453                1
    0.00036907304    5.4558773e-06      0.012717418     -0.002900606     0.0019239933    -0.0073969867    9.1093825e-31   -1.6021766e-19    -9.156439e-20    1.9549525e-19             1507                1
    -0.0023102604    2.6124482e-05     0.0071870084     0.0020541851     0.0020623598    0.00015847043    9.1093825e-31   -1.6021766e-19    -9.156439e-20    1.9549525e-19              632                0
     0.0055570942    1.4633771e-05     0.0035434156    -0.0014234926     0.0013912346   -0.00024416126    9.1093825e-31   -1.6021766e-19    -9.156439e-20    1.9549525e-19              251                0
      -0.00899514     8.905882e-05       0.00046317     0.0010536286    0.00071220053    0.00012354372    9.1093825e-31   -1.6021766e-19    -9.156439e-20    1.9549525e-19              469                0
     0.0063431771    3.1712505e-05    -0.0093903784     0.0023135077    -0.0013273465   -0.00017982228    9.1093825e-31   -1.6021766e-19    -9.156439e-20    1.9549525e-19             1004                1
    -0.0048975674    4.1562475e-05     -0.010777531    4.3523196e-06    -0.0089595206    5.9666811e-05    9.1093825e-31   -1.6021766e-19    -9.156439e-20    1.9549525e-19             1537                1
     0.0074019739    2.6607624e-05    0.00091158424    -0.0015578496     0.0014976797   -0.00085124181    9.1093825e-31   -1.6021766e-19    -9.156439e-20    1.9549525e-19              476                0
    -0.0049874438    3.5123041e-05     -0.012669549      0.001370679    -0.0010809535    -0.0016456746    9.1093825e-31   -1.6021766e-19    -9.156439e-20    1.9549525e-19              549                0
    -0.0011466944    6.4991676e-05      0.010152666     0.0026338731    0.00023701752    0.00071557134    9.1093825e-31   -1.6021766e-19    -9.156439e-20    1.9549525e-19              569                0
     0.0012481041     3.455703e-05      0.013613272    -0.0070989039     0.0084239049     0.0048979549    9.1093825e-31   -1.6021766e-19    -9.156439e-20    1.9549525e-19             1589                1
    -0.0016621157    4.0955365e-06     0.0084227119     0.0025610102    -0.0025300633   -0.00028724509    9.1093825e-31   -1.6021766e-19    -9.156439e-20    1.9549525e-19             1317                1
     0.0095017925    6.6424596e-05     -0.014600623   -9.8110111e-05    3.4714416e-05     0.0020946027    9.1093825e-31   -1.6021766e-19    -9.156439e-20    1.9549525e-19              922                0
    -0.0010620315    5.2155174e-05     -0.012392825    -0.0023284252    -0.0020790913   -0.00038017132    9.1093825e-31   -1.6021766e-19    -9.156439e-20    1.9549525e-19              649                0
    -0.0078728544    5.2368359e-05     0.0038192286     0.0011952588    0.00076388771    0.00098693813    9.1093825e-31   -1.6021766e-19    -9.156439e-20    1.9549525e-19              934                0
   -0.00055445102    4.8341797e-05     0.0095084449    0.00053135218      0.007337309   -8.8578163e-05    9.1093825e-31   -1.6021766e-19    -9.156439e-20    1.9549525e-19             1505                1
     -0.007934263    7.1920214e-05     0.0023844244    8.2568622e-05      0.001587169   -6.2849176e-05    9.1093825e-31   -1.6021766e-19    -9.156439e-20    1.9549525e-19              709                0
     0.0029877874    8.8429741e-05   -0.00090063672   -0.00058353308   -0.00086997793    0.00027152197    9.1093825e-31   -1.6021766e-19    -9.156439e-20    1.9549525e-19             1549                1
    -0.0021462343    2.5320793e-05     0.0061703194    0.00039109754     0.0076944847     0.0020903987    9.1093825e-31   -1.6021766e-19    -9.156439e-20    1.9549525e-19             1599                1
    -0.0067681456    5.6601544e-05     0.0026126294    -0.0019054873     0.0065261712   -0.00041329893    9.1093825e-31   -1.6021766e-19    -9.156439e-20    1.9549525e-19             1501                1
     0.0016659776     1.203918e-05     0.0036372289   -0.00080200983     0.0022408797    0.00053133356    9.1093825e-31   -1.6021766e-19    -9.156439e-20    1.9549525e-19              754                0
    -0.0050554294     8.481706e-05      0.010076221    0.00087774341     0.0014782591   -9.9583995e-05    9.1093825e-31   -1.6021766e-19    -9.156439e-20    1.9549525e-19              577                0
    -0.0015216063    2.9911149e-05      0.010724721    -0.0051223217     0.0084974887    0.00069236616    9.1093825e-31   -1.6021766e-19    -9.156439e-20    1.9549525e-19             1592                1
    -0.0088626249    7.8805868e-05    -0.0046155639   -0.00061045022     0.0005920048    0.00089885289    9.1093825e-31   -1.6021766e-19    -9.156439e-20    1.9549525e-19              849                0
     0.0079227677     4.218132e-05     0.0028259458    -0.0011113085     0.0001531545    1.7408474e-05    9.1093825e-31   -1.6021766e-19    -9.156439e-20    1.9549525e-19              869                0
     0.0086809481    4.9317889e-05     0.0040525422   -0.00072343368      0.001031838    -0.0011704989    9.1093825e-31   -1.6021766e-19    -9.156439e-20    1.9549525e-19               36                0
     0.0077432143     1.025383e-05     0.0016840139     0.0012978098    0.00041130977     0.0016545361    9.1093825e-31   -1.6021766e-19    -9.156439e-20    1.9549525e-19              977                0
    -0.0058625238    1.8047162e-05     -0.000250849    0.00021142361    0.00086414686   -0.00033419087    9.1093825e-31   -1.6021766e-19    -9.156439e-20    1.9549525e-19              622                0
    -0.0010421672    9.0194633e-05     0.0060336855    -0.0010166737       0.01189523    -0.0010752237    9.1093825e-31   -1.6021766e-19    -9.156439e-20    1.9549525e-19             1509                1
     0.0060696919    6.2404237e-05      0.011812812   -0.00069790467   -0.00040655158     0.0020717934    9.1093825e-31   -1.6021766e-19    -9.156439e-20    1.9549525e-19              280                0
    -0.0046741604    6.2650346e-05    -0.0083020451    -0.0014268674   -0.00032862765      0.001750979    9.1093825e-31   -1.6021766e-19    -9.156439e-20    1.9549525e-19              591                0
     -0.009382288    6.3526619e-05     0.0025632395    0.00081615261    0.00079711649    0.00012279423    9.1093825e-31   -1.6021766e-19    -9.156439e-20    1.9549525e-19               44                0
   -6.4545733e-05    9.7917386e-05    -0.0072464207    -0.0033686354    -0.0036948677   -0.00020196223    9.1093825e-31   -1.6021766e-19    -9.156439e-20    1.9549525e-19             1632                1
    -0.0014843274    4.6633926e-05     -0.011331231   -7.8987629e-05    -0.0078416532   -9.5746655e-05    9.1093825e-31   -1.6021766e-19    -9.156439e-20    1.9549525e-19             1496                1
     0.0028350572    3.0897289e-05     0.0099490676    0.00034156867    0.00044859989   -0.00023710467    9.1093825e-31   -1.6021766e-19    -9.156439e-20    1.9549525e-19              177                0
     0.0011205504    9.5484305e-05     0.0027744274     0.0011841796    -0.0039940546     0.0020888946    9.1093825e-31   -1.6021766e-19    -9.156439e-20    1.9549525e-19             1623                1
   -0.00066467666    3.6926856e-05    -0.0082331598      0.002080299     -0.010184756    0.00067734992    9.1093825e-31   -1.6021766e-19    -9.156439e-20    1.9549525e-19             1542                1
     0.0066986275           0.0001    -0.0041017369   -4.6577923e-05     0.0034836037   -0.00058007921    9.1093825e-31   -1.6021766e-19    -9.156439e-20    1.9549525e-19             1198                1
    -0.0083841514    5.9043767e-05     0.0038184917    0.00098263111    0.00024669041    -0.0031899721    9.1093825e-31   -1.6021766e-19    -9.156439e-20    1.9549525e-19              184                0
     0.0022888086    9.3282761e-05   -7.2504416e-05     0.0012898301     -0.007559597     0.0019456353    9.1093825e-31   -1.6021766e-19    -9.156439e-20    1.9549525e-19             1625                1
     0.0014032621    7.8641402e-05     0.0017998962     0.0035517956      0.005269289    -0.0029755344    9.1093825e-31   -1.6021766e-19    -9.156439e-20    1.9549525e-19             1228                1
    -0.0060404674    6.0005732e-05    -0.0093234647   -0.00013510932     0.0025261622   -5.8750324e-05    9.1093825e-31   -1.6021766e-19    -9.156439e-20    1.9549525e-19             1436                1
    -0.0086497944    5.2297466e-05     0.0021160089    0.00044510799    0.00032656366   -0.00017250863    9.1093825e-31   -1.6021766e-19    -9.156439e-20    1.9549525e-19              264                0
     0.0050784717    6.3038831e-05    0.00035780008    0.00020311252     0.0020758233    -0.0012745281    9.1093825e-31   -1.6021766e-19    -9.156439e-20    1.9549525e-19              284                0
    -0.0056148581    1.8389452e-05     0.0056074266    0.00084781478     0.0011589982   -0.00045463906    9.1093825e-31   -1.6021766e-19    -9.156439e-20    1.9549525e-19              906                0
   -0.00090172276    9.4020237e-05    -0.0063359672    0.00014646797    -0.0024391911    -0.0031606879    9.1093825e-31   -1.6021766e-19    -9.156439e-20    1.9549525e-19             1581                1
    -0.0040452536    9.5961157e-05     -0.012676519    -0.0016640221   -0.00094442954    0.00035363904    9.1093825e-31   -1.6021766e-19    -9.156439e-20    1.9549525e-19              344                0
    -0.0037797047    4.7777481e-05      0.011559408   -0.00038096742     0.0078431051    0.00033632596    9.1093825e-31   -1.6021766e-19    -9.156439e-20    1.9549525e-19             1544                1
   -0.00098561775    4.8891434e-05    -0.0021155982   -6.3244988e-05     0.0028888313    0.00019190805    9.1093825e-31   -1.6021766e-19    -9.156439e-20    1.9549525e-19              384                0
   -0.00055081834    7.7906334e-05    -0.0025484602   -8.9539033e-05     -0.005062419   -0.00060287793    9.1093825e-31   -1.6021766e-19    -9.156439e-20    1.9549525e-19             1590                1
     0.0070125917    2.3808312e-05     0.0080833053    -0.0022339462    -0.0033924535    0.00075031933    9.1093825e-31   -1.6021766e-19    -9.156439e-20    1.9549525e-19             1447                1
    -0.0092222411    6.6060064e-05   -0.00048442339    2.5162664e-05    0.00025888285    0.00067073468    9.1093825e-31   -1.6021766e-19    -9.156439e-20    1.9549525e-19              444                0
    -0.0059480858    1.4613442e-05    -0.0019073281    0.00023668894     0.0018196607    -0.0010521827    9.1093825e-31   -1.6021766e-19    -9.156439e-20    1.9549525e-19              464                0
    0.00021116638    9.9950048e-05     -0.003765221     0.0026422476     0.0089210076    -0.0025119816    9.1093825e-31   -1.6021766e-19    -9.156439e-20    1.9549525e-19             1491                1
     0.0054567503    1.1959583e-05      0.009179946     0.0015474692     0.0010046691     0.0017078459    9.1093825e-31   -1.6021766e-19    -9.156439e-20    1.9549525e-19             1322                1
      0.004813639    8.4277257e-05    -0.0034168074    -0.0042848247    -0.0060012517    -0.0015038481    9.1093825e-31   -1.6021766e-19    -9.156439e-20    1.9549525e-19             1610                1
     0.0033395279    4.3515975e-05   -0.00099547836    0.00039933503     0.0022303322     0.0010095858    9.1093825e-31   -1.6021766e-19    -9.156439e-20    1.9549525e-19              666                0
     0.0084639098    2.4262057e-05    -0.0039147516   -0.00066608575    0.00070758525    0.00088345795    9.1093825e-31   -1.6021766e-19    -9.156439e-20    1.9549525e-19              564                0
     -0.008114974    8.0347665e-05     -0.009837701    1.2073511e-05     0.0020605824    0.00045879069    9.1093825e-31   -1.6021766e-19    -9.156439e-20    1.9549525e-19             1219                1
    -0.0072419429    2.5193423e-05      0.011910212    -0.0013733507    -0.0012033407   -0.00018858853    9.1093825e-31   -1.6021766e-19    -9.156439e-20    1.9549525e-19              604                0
    -0.0067127929    6.2639148e-05     0.0020214932   -5.4722113e-05     0.0030618694    2.9940849e-05    9.1093825e-31   -1.6021766e-19    -9.156439e-20    1.9549525e-19             1113                1
    -0.0056183916    7.1441173e-05    -0.0032623457    -0.0028801565     0.0058606891      0.002588619    9.1093825e-31   -1.6021766e-19    -9.156439e-20    1.9549525e-19             1464                1
     -0.006849376    4.8592228e-05    0.00082743686    0.00025039652      0.001839517   -8.7577449e-05    9.1093825e-31   -1.6021766e-19    -9.156439e-20    1.9549525e-19              664                0
    -0.0077405968    5.5136505e-05     -0.014925623    0.00080698263    -0.0015399769    0.00073543476    9.1093825e-31   -1.6021766e-19    -9.156439e-20    1.9549525e-19              684                0
     0.0034086632    3.0541123e-05      0.004838353   -0.00023528431     0.0024682547     -0.001876171    9.1093825e-31   -1.6021766e-19    -9.156439e-20    1.9549525e-19              704                0
    -0.0026013246    7.5332675e-05     -0.014313765    -0.0014472546    -0.0020754905    0.00011373564    9.1093825e-31   -1.6021766e-19    -9.156439e-20    1.9549525e-19              494                0
    -0.0066697509    3.2479842e-05      0.009323027     0.0010658477    0.00080935942     0.0016269333    9.1093825e-31   -1.6021766e-19    -9.156439e-20    1.9549525e-19              871                0
     0.0091024321     2.520425e-05     0.0028228208    -0.0017198343     -0.000353763    -0.0011412147    9.1093825e-31   -1.6021766e-19    -9.156439e-20    1.9549525e-19              831                0
    -0.0067260237    9.1958806e-05      -0.01097684     0.0010107036   -0.00061989034    0.00099911809    9.1093825e-31   -1.6021766e-19    -9.156439e-20    1.9549525e-19              125                0
    -0.0051461286    3.6968861e-05      0.013348977     0.0009846047   -0.00066676206    0.00043381462    9.1093825e-31   -1.6021766e-19    -9.156439e-20    1.9549525e-19              804                0
     0.0039985459    5.7585734e-05     -0.012582229    0.00033038334    -0.0019928971    -0.0025101264    9.1093825e-31   -1.6021766e-19    -9.156439e-20    1.9549525e-19              266                0
    0.00044962586    9.4418356e-06      0.012875775   -0.00036698536     0.0032841496   -0.00019235947    9.1093825e-31   -1.6021766e-19    -9.156439e-20    1.9549525e-19             1588                1
     0.0017474438    1.7818118e-05       0.01155174    -0.0013946627    -0.0044412911     0.0020778365    9.1093825e-31   -1.6021766e-19    -9.156439e-20    1.9549525e-19             1479                1
    -0.0028329021    7.2812523e-05    -0.0089906268     0.0011744755     0.0004041894     0.0011440509    9.1093825e-31   -1.6021766e-19    -9.156439e-20    1.9549525e-19              360                0
     0.0049093105    9.3723693e-06     0.0070092306     -0.003261731     0.0042724381    -0.0010463233    9.1093825e-31   -1.6021766e-19    -9.156439e-20    1.9549525e-19             1613                1
     0.0033395649    3.7992231e-05    -0.0014321322    -0.0011097959     0.0021048856   -0.00047526867    9.1093825e-31   -1.6021766e-19    -9.156439e-20    1.9549525e-19              711                0
     0.0011195894    9.7824435e-05     0.0027748724     0.0003019037    -0.0018451279     0.0024976088    9.1093825e-31   -1.6021766e-19    -9.156439e-20    1.9549525e-19             1624                1
    0.00053844636    5.2365209e-05     -0.011881097    3.0861302e-05    -0.0011905157    0.00022981042    9.1093825e-31   -1.6021766e-19    -9.156439e-20    1.9549525e-19              958                0
    -0.0086055426    9.6820753e-05     0.0093966564   -3.3213764e-05    0.00021448116    -0.0010540342    9.1093825e-31   -1.6021766e-19    -9.156439e-20    1.9549525e-19               91                0
    -0.0068021063    5.2549298e-05       0.01220659    0.00035777173   -0.00019329121    0.00066825585    9.1093825e-31   -1.6021766e-19    -9.156439e-20    1.9549525e-19              988                0
      0.007576562    3.0144036e-05      0.008726445    -0.0013921481   -0.00022420508   -0.00062347064    9.1093825e-31   -1.6021766e-19    -9.156439e-20    1.9549525e-19              867                0
     0.0075789308    3.9488336e-06     0.0059020538     0.0012870476    0.00012639162   -0.00017593113    9.1093825e-31   -1.6021766e-19    -9.156439e-20    1.9549525e-19               15                0
     0.0046702405    1.6918639e-05     0.0021132105   -0.00023625682     0.0016637142   -0.00016525778    9.1093825e-31   -1.6021766e-19    -9.156439e-20    1.9549525e-19               25                0
     0.0031012774    9.7475466e-05    -0.0024161877     0.0013284923    -0.0037351751     -0.002461361    9.1093825e-31   -1.6021766e-19    -9.156439e-20    1.9549525e-19             1631                1
    -0.0040247077    6.1969797e-05     0.0094059408     -0.001699366      0.010943479     0.0031978383    9.1093825e-31   -1.6021766e-19    -9.156439e-20    1.9549525e-19             1558                1
    -0.0059854165    6.9852576e-06     0.0013013063    0.00018447964     0.0005939434     0.0019654981    9.1093825e-31   -1.6021766e-19    -9.156439e-20    1.9549525e-19              486                0
     -0.005319017    2.6457878e-05     0.0067597162     0.0024013773    0.00072073814      0.002193216    9.1093825e-31   -1.6021766e-19    -9.156439e-20    1.9549525e-19              982                0
   -5.4844681e-05    8.9230387e-05     0.0043538092   -0.00070711825      0.010510311    -0.0041254126    9.1093825e-31   -1.6021766e-19    -9.156439e-20    1.9549525e-19             1477                1
     0.0070567392    6.4441883e-05    0.00088512659    -0.0024525654    1.5544914e-05     0.0038752942    9.1093825e-31   -1.6021766e-19    -9.156439e-20    1.9549525e-19             1374                1
    -0.0026329735    4.0139079e-05     0.0061149634     0.0013361297     0.0017895069    0.00040509415    9.1093825e-31   -1.6021766e-19    -9.156439e-20    1.9549525e-19              485                0
   -0.00073479454    7.3423216e-05    -0.0082644364    0.00032544188    -0.0090873372    -0.0054222927    9.1093825e-31   -1.6021766e-19    -9.156439e-20    1.9549525e-19             1604                1
    -0.0051849685    6.6903012e-05    0.00061692263    -0.0020359256     0.0064124228    -0.0021935904    9.1093825e-31   -1.6021766e-19    -9.156439e-20    1.9549525e-19             1430                1
    -0.0012553633    7.3294045e-06     -0.014199886     0.0043362193     -0.011491144    -0.0026255853    9.1093825e-31   -1.6021766e-19    -9.156439e-20    1.9549525e-19             1494                1
     0.0024233724    4.3218864e-05    -0.0092167743   -0.00042663643    -0.0082767894   -0.00042400445    9.1093825e-31   -1.6021766e-19    -9.156439e-20    1.9549525e-19             1520                1
     0.0089588705     2.280274e-05      0.013227307    -0.0017312511    -0.0011872401    -0.0016052329    9.1093825e-31   -1.6021766e-19    -9.156439e-20    1.9549525e-19              262                0
     0.0015608503    8.2844686e-05      0.011494543    5.3927106e-05     0.0026100136    0.00046170547    9.1093825e-31   -1.6021766e-19    -9.156439e-20    1.9549525e-19             1311                1
     0.0064384001    8.2419319e-05     0.0057001486   -0.00034082937     0.0021078445    -0.0012905024    9.1093825e-31   -1.6021766e-19    -9.156439e-20    1.9549525e-19              957                0
    -0.0071309023    7.2663162e-05     0.0070734331     0.0013362506     0.0012997533   -0.00086092128    9.1093825e-31   -1.6021766e-19    -9.156439e-20    1.9549525e-19              322                0
    -0.0075549963    6.0430953e-06     0.0026365705    -0.0015682132   -0.00058400037    0.00045255141    9.1093825e-31   -1.6021766e-19    -9.156439e-20    1.9549525e-19              342                0
     0.0039347997    8.0489866e-05     0.0081601553     0.0016185391     0.0023301435    0.00058485236    9.1093825e-31   -1.6021766e-19    -9.156439e-20    1.9549525e-19              111                0
     0.0058935434    1.8223345e-05     0.0090808906     0.0014080686   -0.00056174136    0.00081319804    9.1093825e-31   -1.6021766e-19    -9.156439e-20    1.9549525e-19               77                0
    -0.0057463553    9.6922769e-05    -0.0075160288     0.0016757846     0.0014547041   -0.00084399676    9.1093825e-31   -1.6021766e-19    -9.156439e-20    1.9549525e-19              117                0
    -0.0029358726      6.61862e-05      -0.01439634    1.0614099e-05    -0.0024570725    -0.0013813233    9.1093825e-31   -1.6021766e-19    -9.156439e-20    1.9549525e-19              422                0
    -0.0031873491    6.6326051e-05     0.0061185914    0.00093656522      0.011528892    -0.0012034692    9.1093825e-31   -1.6021766e-19    -9.156439e-20    1.9549525e-19             1554                1
    -0.0053421138     2.929648e-05     -0.005705887    0.00019941635   -0.00016674622   -0.00032921036    9.1093825e-31   -1.6021766e-19    -9.156439e-20    1.9549525e-19              461                0
    -0.0042118183    1.2488863e-05    -0.0097874105     -0.003021413    -0.0034072266   -0.00065311382    9.1093825e-31   -1.6021766e-19    -9.156439e-20    1.9549525e-19             1287                1
    -0.0041217385    3.8373484e-05      0.010289846     -0.002847298    0.00039636734     0.0010071623    9.1093825e-31   -1.6021766e-19    -9.156439e-20    1.9549525e-19              687                0
     0.0013726959    2.2750371e-05    -0.0088362033   -4.5233974e-06    -0.0098854778     0.0001473849    9.1093825e-31   -1.6021766e-19    -9.156439e-20    1.9549525e-19             1511                1
    -0.0070550935    2.9821505e-05     0.0095422389    0.00076486781     -0.002952303    -0.0012994607    9.1093825e-31   -1.6021766e-19    -9.156439e-20    1.9549525e-19             1407                1
    -0.0024064058    9.2590351e-05    -0.0021655024    -0.0013063246     0.0079259183     0.0035366495    9.1093825e-31   -1.6021766e-19    -9.156439e-20    1.9549525e-19             1423                1
      0.005346409    5.7703099e-05     0.0033417922    0.00019485141     0.0018612016      -0.00070429    9.1093825e-31   -1.6021766e-19    -9.156439e-20    1.9549525e-19              581                0
     -0.000846398    7.7932622e-05    -0.0057898746   -0.00060902204    -0.0087455586    0.00076277711    9.1093825e-31   -1.6021766e-19    -9.156439e-20    1.9549525e-19             1611                1
     0.0030849061    7.5708711e-05    -0.0043577827    0.00044934734    -0.0056176251    0.00069130544    9.1093825e-31   -1.6021766e-19    -9.156439e-20    1.9549525e-19             1586                1
     0.0013995284    4.9295326e-05     0.0017651469   -0.00011173241     0.0035333857    -0.0016323798    9.1093825e-31   -1.6021766e-19    -9.156439e-20    1.9549525e-19              641                0
     0.0048508947    1.0000099e-05      0.012147203     0.0027429308    -0.0053305039    0.00067598146    9.1093825e-31   -1.6021766e-19    -9.156439e-20    1.9549525e-19             1462                1
    -0.0007682367    5.6597477e-05    3.4375142e-05    -0.0033250707      0.007147803     0.0024327235    9.1093825e-31   -1.6021766e-19    -9.156439e-20    1.9549525e-19             1442                1
     0.0058935112    9.9681056e-05   -0.00087968603   -0.00048186845     0.0025771218   -0.00073952461    9.1093825e-31   -1.6021766e-19    -9.156439e-20    1.9549525e-19              797                0
    -0.0068603978    4.2219788e-05     -0.014219361    -0.0017867343    -0.0015820496   -0.00014427335    9.1093825e-31   -1.6021766e-19    -9.156439e-20    1.9549525e-19              394                0
    -0.0010422973    6.1277686e-05     0.0056955335   -0.00067320588     0.0096906917    -0.0017442012    9.1093825e-31   -1.6021766e-19    -9.156439e-20    1.9549525e-19             1522                1
     0.0023336639    6.4350927e-05     0.0087283468    -0.0010128838     0.0017237215     0.0015686096    9.1093825e-31   -1.6021766e-19    -9.156439e-20    1.9549525e-19              761                0
    -0.0050317361    8.2389721e-05     -0.007096922     0.0012281374    -0.0048705144    -0.0033353704    9.1093825e-31   -1.6021766e-19    -9.156439e-20    1.9549525e-19             1591                1
     0.0032973168    5.3086056e-05    -0.0075232079    -0.0048608626    -0.0092433402   -0.00080723548    9.1093825e-31   -1.6021766e-19    -9.156439e-20    1.9549525e-19             1571                1
     0.0093605611    7.7397461e-05    -0.0043139155    0.00046254112    1.4737637e-05     0.0016113826    9.1093825e-31   -1.6021766e-19    -9.156439e-20    1.9549525e-19              821                0
     0.0074747712     6.040989e-05      0.008001755    0.00012392698     0.0012094852    0.00043267512    9.1093825e-31   -1.6021766e-19    -9.156439e-20    1.9549525e-19              131                0
    0.00046063872    6.2023573e-05    0.00023188266    0.00025085238    -0.0087738661    -0.0012640842    9.1093825e-31   -1.6021766e-19    -9.156439e-20    1.9549525e-19             1594                1
      0.001242562    2.2089005e-05       0.01088802     0.0020163304     0.0057045207     0.0010939107    9.1093825e-31   -1.6021766e-19    -9.156439e-20    1.9549525e-19             1577                1
     0.0022036377    2.3806437e-05      0.013365195     0.0036783884     0.0050002071    0.00022729022    9.1093825e-31   -1.6021766e-19    -9.156439e-20    1.9549525e-19             1561                1
    0.00049895613    8.0601712e-05    -0.0073724738    -0.0034101293    -0.0036950454     0.0013636058    9.1093825e-31   -1.6021766e-19    -9.156439e-20    1.9549525e-19             1513                1
    -0.0092254346    3.9727849e-05      0.012200193    0.00080343342   -0.00074042409   -0.00012300555    9.1093825e-31   -1.6021766e-19    -9.156439e-20    1.9549525e-19              938                0
    -0.0084093427    2.9163637e-06    -0.0035163653    -0.0028590695    -0.0022814239     0.0006257015    9.1093825e-31   -1.6021766e-19    -9.156439e-20    1.9549525e-19             1200                1
   -0.00017780747    8.8961984e-05    -0.0035422824    -0.0019403672   -0.00098883768      0.001932589    9.1093825e-31   -1.6021766e-19    -9.156439e-20    1.9549525e-19             1517                1
     0.0055028396    3.5036788e-05      0.010678054    2.0581379e-05     -0.001145418   -5.3280219e-05    9.1093825e-31   -1.6021766e-19    -9.156439e-20    1.9549525e-19             1001                1
     -0.007757145    5.7619807e-05     0.0092109898     0.0030217548    -0.0014670851    -0.0007018079    9.1093825e-31   -1.6021766e-19    -9.156439e-20    1.9549525e-19             1337                1
    -0.0084195826    1.1148954e-05     0.0085050818    0.00073757075    6.7373905e-05   -0.00013112232    9.1093825e-31   -1.6021766e-19    -9.156439e-20    1.9549525e-19               58                0
    -0.0036166152    6.2216259e-07     0.0035619428    0.00081546692    -0.0015718613   -0.00052293367    9.1093825e-31   -1.6021766e-19    -9.156439e-20    1.9549525e-19             1405                1
    -0.0030601742    4.3632932e-05    -0.0016300355   -0.00093313446      0.005298839    -0.0018600303    9.1093825e-31   -1.6021766e-19    -9.156439e-20    1.9549525e-19             1502                1
       0.00420092    6.9891445e-05     0.0011947177    -0.0015861703     0.0023414539    -0.0015086747    9.1093825e-31   -1.6021766e-19    -9.156439e-20    1.9549525e-19              118                0
     0.0062232604    8.4683052e-05     -0.011468534     0.0020593759   -0.00038006564    0.00039760445    9.1093825e-31   -1.6021766e-19    -9.156439e-20    1.9549525e-19               51                0
    -0.0094617866    2.0987651e-05    -0.0036619788    0.00052887533    0.00046853654    0.00042819727    9.1093825e-31   -1.6021766e-19    -9.156439e-20    1.9549525e-19              158                0
     0.0079358248           0.0001     -0.014411538    -0.0015149785    0.00076704251    0.00023338464    9.1093825e-31   -1.6021766e-19    -9.156439e-20    1.9549525e-19              502                0
    -0.0034010292    5.9693928e-05    -0.0098998845    0.00070612656     -0.008405122   -9.1561851e-05    9.1093825e-31   -1.6021766e-19    -9.156439e-20    1.9549525e-19             1567                1
    -0.0037690117    7.2158349e-05    -0.0015827183     0.0017913631    -0.0083995601     0.0049496675    9.1093825e-31   -1.6021766e-19    -9.156439e-20    1.9549525e-19             1605                1
    -0.0011391205    6.3419182e-05     0.0066191144     0.0042111846     0.0095784692     0.0045708115    9.1093825e-31   -1.6021766e-19    -9.156439e-20    1.9549525e-19             1512                1
     0.0069071813    4.4116696e-05     -0.013616751   -0.00049330801   -0.00067375466    0.00094183924    9.1093825e-31   -1.6021766e-19    -9.156439e-20    1.9549525e-19              213                0
     0.0031273086    3.8064034e-05      0.014172643    -0.0010214723      0.010435293     0.0019964234    9.1093825e-31   -1.6021766e-19    -9.156439e-20    1.9549525e-19             1598                1
     0.0025707991    5.7047455e-06      0.012237436   -0.00072794134     0.0012685405    0.00010855519    9.1093825e-31   -1.6021766e-19    -9.156439e-20    1.9549525e-19             1468                1
    -0.0061830147    7.8337172e-05    -0.0030161003     0.0021591829        0.0019681   -0.00071803777    9.1093825e-31   -1.6021766e-19    -9.156439e-20    1.9549525e-19              318                0
     0.0027631365    2.7410774e-06    -0.0052566384    -0.0020600262     -0.002158538     0.0030336659    9.1093825e-31   -1.6021766e-19    -9.156439e-20    1.9549525e-19             1341                1
     0.0055788932    8.6202468e-05     0.0066952934     -0.002654956     0.0016038065     0.0015935826    9.1093825e-31   -1.6021766e-19    -9.156439e-20    1.9549525e-19              358                0
     0.0017856526    7.2315132e-05     0.0028258092    -0.0011418557     0.0038593223      0.001006812    9.1093825e-31   -1.6021766e-19    -9.156439e-20    1.9549525e-19              774                0
     0.0045896228    3.1029122e-05      0.004053962   -0.00010030944     0.0011631148     0.0041155727    9.1093825e-31   -1.6021766e-19    -9.156439e-20    1.9549525e-19              562                0
    -0.0013070581    6.1250299e-05      0.006245737     0.0022498209     0.0025016402    -0.0016034314    9.1093825e-31   -1.6021766e-19    -9.156439e-20    1.9549525e-19              876                0
    -0.0054200399    1.8609995e-05     -0.012250092   -0.00052119757    -0.0020161332   -0.00012469536    9.1093825e-31   -1.6021766e-19    -9.156439e-20    1.9549525e-19              438                0
    -0.0007597279    6.3849948e-05    -0.0081302784    0.00015880092    -0.0077537056    -0.0012450519    9.1093825e-31   -1.6021766e-19    -9.156439e-20    1.9549525e-19             1565                1
     -0.003091122    8.1167847e-05     -0.010476192    0.00029637309    -0.0048108916    0.00087831519    9.1093825e-31   -1.6021766e-19    -9.156439e-20    1.9549525e-19             1552                1
    -0.0069297887    8.5707805e-05      0.014588039    -0.0024253845     0.0022789007    -0.0022772152    9.1093825e-31   -1.6021766e-19    -9.156439e-20    1.9549525e-19             1303                1
    -0.0089299399    5.6496516e-05    -0.0011486729    0.00077920314    0.00089785276    -0.0017874693    9.1093825e-31   -1.6021766e-19    -9.156439e-20    1.9549525e-19              518                0
     0.0039556399    5.2413845e-05    -0.0016404218     -0.002601753     0.0064264792    0.00067349453    9.1093825e-31   -1.6021766e-19    -9.156439e-20    1.9549525e-19             1525                1
     0.0033298049     4.973085e-05     0.0079737147   -0.00075936544     0.0013250005   -0.00054273789    9.1093825e-31   -1.6021766e-19    -9.156439e-20    1.9549525e-19              903                0
    -0.0085566444    2.6020292e-05      0.010115453     0.0010065573    0.00024740447     0.0007163235    9.1093825e-31   -1.6021766e-19    -9.156439e-20    1.9549525e-19              578                0
     0.0081208237    2.0852471e-05     -0.013405862     0.0023033775    -0.0013695499     0.0004159133    9.1093825e-31   -1.6021766e-19    -9.156439e-20    1.9549525e-19              598                0
     0.0081434622    2.5726553e-05      0.009597267      0.001720069    0.00017876845    0.00014746467    9.1093825e-31   -1.6021766e-19    -9.156439e-20    1.9549525e-19              618                0
     0.0020939771    2.2810929e-05      0.014652098    0.00054247945     0.0064350236     -0.002052072    9.1093825e-31   -1.6021766e-19    -9.156439e-20    1.9549525e-19             1597                1
    -0.0074597276    2.0501586e-05    -0.0089569977     0.0022194968   -0.00015155804    -0.0001759794    9.1093825e-31   -1.6021766e-19    -9.156439e-20    1.9549525e-19              725                0
   -0.00045867206    9.5339979e-05    -0.0025719237   -0.00085812522    -0.0053731431    0.00016938573    9.1093825e-31   -1.6021766e-19    -9.156439e-20    1.9549525e-19             1626                1
     0.0033602775    6.7783905e-05      0.012748402     -0.001586486     0.0070056655     0.0007770448    9.1093825e-31   -1.6021766e-19    -9.156439e-20    1.9549525e-19             1498                1
    -0.0014503764     1.478874e-05     -0.012448848    -0.0040858262     -0.011733879    -0.0027298538    9.1093825e-31   -1.6021766e-19    -9.156439e-20    1.9549525e-19             1514                1
    -0.0092207314    7.4356933e-05     0.0017464641   -0.00052702398     0.0014629333     0.0032436429    9.1093825e-31   -1.6021766e-19    -9.156439e-20    1.9549525e-19              738                0
     0.0011923277    9.6185089e-05    -0.0066246861    -0.0018550868    -0.0035915878   -0.00036124015    9.1093825e-31   -1.6021766e-19    -9.156439e-20    1.9549525e-19             1622                1
    -0.0038179685    3.9101501e-06     0.0049999962    3.2675289e-05     0.0016992228    0.00099619303    9.1093825e-31   -1.6021766e-19    -9.156439e-20    1.9549525e-19              636                0
     0.0040644407     6.950293e-05    -0.0069242544     0.0016824995    -0.0065292353   -0.00024838335    9.1093825e-31   -1.6021766e-19    -9.156439e-20    1.9549525e-19             1575                1
     0.0008224544    9.9439094e-06     0.0010684663    -0.0046812091    0.00010715998     0.0061475397    9.1093825e-31   -1.6021766e-19    -9.156439e-20    1.9549525e-19             1345                1
    -0.0066492311    3.5202458e-05     0.0050149588   -0.00042663162     0.0011030176     0.0010691527    9.1093825e-31   -1.6021766e-19    -9.156439e-20    1.9549525e-19              573                0
     0.0066339355     6.275854e-05     -0.011527547   -0.00016047093   -0.00012938096    0.00042308343    9.1093825e-31   -1.6021766e-19    -9.156439e-20    1.9549525e-19              274                0
    -0.0056172828    7.9123893e-05      0.007922167   -0.00080703065    0.00096632808   -0.00073195744    9.1093825e-31   -1.6021766e-19    -9.156439e-20    1.9549525e-19              878                0
    -0.0007941596    8.5957268e-05    -0.0026955793    0.00013895518    -0.0064885519    -0.0003796964    9.1093825e-31   -1.6021766e-19    -9.156439e-20    1.9549525e-19             1615                1
   -1.5365931e-05    1.0692535e-05      0.003860167     0.0010056099     0.0023229716   -0.00086378126    9.1093825e-31   -1.6021766e-19    -9.156439e-20    1.9549525e-19              608                0
    0.00060220453    2.5147454e-05     -0.012566423    0.00044601213    -0.0021616844    0.00070602918    9.1093825e-31   -1.6021766e-19    -9.156439e-20    1.9549525e-19              136                0
     0.0040359735    4.3748801e-06    -0.0098513635    3.8199127e-05    -0.0019538586    -0.0010475686    9.1093825e-31   -1.6021766e-19    -9.156439e-20    1.9549525e-19              953                0
     -0.001287702    8.3794812e-06      0.010630692    -0.0013698686     0.0049541118    0.00092661392    9.1093825e-31   -1.6021766e-19    -9.156439e-20    1.9549525e-19             1618                1
    -0.0062663238    3.2177373e-05     0.0055508618   -0.00080774882     0.0011526275    -0.0027879679    9.1093825e-31   -1.6021766e-19    -9.156439e-20    1.9549525e-19              985                0
     0.0081469789    4.6927631e-05   -4.2671069e-05   -0.00048954663     0.0044139526    0.00051226153    9.1093825e-31   -1.6021766e-19    -9.156439e-20    1.9549525e-19             1487                1
     0.0076716426    7.3368697e-05    0.00061057071   -0.00057264639     0.0010010955     0.0012069064    9.1093825e-31   -1.6021766e-19    -9.156439e-20    1.9549525e-19              614                0
     0.0024644216    6.7930967e-05      0.012143252     0.0014113337    0.00014464081    -0.0018259486    9.1093825e-31   -1.6021766e-19    -9.156439e-20    1.9549525e-19              693                0
     0.0040289839     4.728038e-05     -0.011730555   -0.00099910749    -0.0086943759    0.00069604878    9.1093825e-31   -1.6021766e-19    -9.156439e-20    1.9549525e-19             1538                1
    9.6906158e-05    6.7576402e-05     -0.013362071   -7.9877573e-05     -0.002477417    0.00029364627    9.1093825e-31   -1.6021766e-19    -9.156439e-20    1.9549525e-19               79                0
    -0.0050301873     7.848633e-05     0.0045378534    6.1574729e-06     0.0031225274     0.0006174696    9.1093825e-31   -1.6021766e-19    -9.156439e-20    1.9549525e-19              397                0
     -0.006065235    8.6541477e-05     0.0029252288    0.00086948526     0.0018335038    -0.0011012098    9.1093825e-31   -1.6021766e-19    -9.156439e-20    1.9549525e-19              990                0
    -0.0071575674    1.2100957e-05    -0.0037057973   -0.00059211196    0.00077411532   -0.00069084449    9.1093825e-31   -1.6021766e-19    -9.156439e-20    1.9549525e-19              717                0
    0.00068277877    2.8354525e-05     0.0053655012   -5.6090517e-05     0.0066650202   -0.00067054201    9.1093825e-31   -1.6021766e-19    -9.156439e-20    1.9549525e-19             1563                1
    -0.0074903998    8.4404361e-05      0.011604143     0.0016622052    0.00022687319    -0.0012445435    9.1093825e-31   -1.6021766e-19    -9.156439e-20    1.9549525e-19              179                0
     0.0029193552    9.0653477e-05      0.013862839    0.00043772944    2.6751328e-05   -0.00043794737    9.1093825e-31   -1.6021766e-19    -9.156439e-20    1.9549525e-19              960                0
     0.0077017951    7.3779011e-05     0.0051207501      -0.00103543    0.00089962175     0.0030266456    9.1093825e-31   -1.6021766e-19    -9.156439e-20    1.9549525e-19              219                0
     0.0016186683    9.8345095e-05     0.0073980046    3.4583656e-05    -0.0040772911     0.0016376922    9.1093825e-31   -1.6021766e-19    -9.156439e-20    1.9549525e-19             1634                1
    -0.0054943496    1.4752076e-05      0.009516174    -0.0011033893     0.0067677158    -0.0021551638    9.1093825e-31   -1.6021766e-19    -9.156439e-20    1.9549525e-19             1614                1
    0.00014382276      9.44442e-05    -0.0010724101    0.00093899749    -0.0021732005    -0.0050193784    9.1093825e-31   -1.6021766e-19    -9.156439e-20    1.9549525e-19             1612                1
    -0.0026790437    6.1781167e-05     0.0070073768    -0.0017949289     0.0022759298   -0.00051402062    9.1093825e-31   -1.6021766e-19    -9.156439e-20    1.9549525e-19              299                0
      0.007775316    1.4103092e-05     0.0037175962   -0.00091097847   -1.8670111e-05    0.00034575697    9.1093825e-31   -1.6021766e-19    -9.156439e-20    1.9549525e-19              731                0
     0.0078573367    7.5108088e-05    -0.0018385979   -0.00020537409     0.0050803083    0.00040411192    9.1093825e-31   -1.6021766e-19    -9.156439e-20    1.9549525e-19             1434                1
    -0.0090668369    3.2889373e-05      0.002293678    -0.0022302575    0.00077528995    -0.0018361342    9.1093825e-31   -1.6021766e-19    -9.156439e-20    1.9549525e-19              978                0
   -0.00042264827    4.0211253e-05    -0.0077680876     0.0027097077     -0.010530893    -0.0011442584    9.1093825e-31   -1.6021766e-19    -9.156439e-20    1.9549525e-19             1556                1
    -0.0093143666    6.3027856e-06    0.00085802231    -0.0027403077   -0.00092098577    -0.0011599136    9.1093825e-31   -1.6021766e-19    -9.156439e-20    1.9549525e-19              497                0
     -0.009032039    6.7159672e-05     0.0023230321   -0.00065526046   -3.6246001e-05      0.001400611    9.1093825e-31   -1.6021766e-19    -9.156439e-20    1.9549525e-19              874                0
   -0.00066979672    4.2987558e-05    -0.0082462048     0.0014255031    -0.0094145294   -0.00099161942    9.1093825e-31   -1.6021766e-19    -9.156439e-20    1.9549525e-19             1541                1
     0.0045491867    7.1579037e-05     0.0041056485    -0.0019082809     0.0069749537     0.0014874305    9.1093825e-31   -1.6021766e-19    -9.156439e-20    1.9549525e-19             1427                1
     0.0018847624    4.7377154e-05      0.010603861   -0.00076583494     0.0094402246     0.0011603324    9.1093825e-31   -1.6021766e-19    -9.156439e-20    1.9549525e-19             1562                1
     0.0075928238    2.4026544e-05    -0.0051975688     0.0001793423   -6.0486618e-05   -0.00083236798    9.1093825e-31   -1.6021766e-19    -9.156439e-20    1.9549525e-19              374                0
    0.00060319935     2.625141e-05     0.0097325854    0.00035205166     0.0077486616    0.00023990679    9.1093825e-31   -1.6021766e-19    -9.156439e-20    1.9549525e-19             1593                1
     -0.003443721    3.9157349e-05    -0.0050054151   -0.00014078892    0.00069513539    2.6096666e-05    9.1093825e-31   -1.6021766e-19    -9.156439e-20    1.9549525e-19              746                0
     0.0022167636     2.551332e-05      0.013336108   -0.00069388631     0.0047142231    -0.0020197772    9.1093825e-31   -1.6021766e-19    -9.156439e-20    1.9549525e-19             1546                1
    -0.0032613995    6.9947428e-06    -0.0012166959    0.00042025727   -0.00095152971    0.00091409514    9.1093825e-31   -1.6021766e-19    -9.156439e-20    1.9549525e-19             1367                1
   -0.00079435413    9.0192698e-05    -0.0026949188    5.3356227e-05    -0.0046282667   -9.0029615e-05    9.1093825e-31   -1.6021766e-19    -9.156439e-20    1.9549525e-19             1616                1
    -0.0040062205    4.4097538e-05     0.0052423188   -0.00021322233       0.00793928   -0.00063813163    9.1093825e-31   -1.6021766e-19    -9.156439e-20    1.9549525e-19             1547                1
     0.0094650947    2.9864543e-05    -0.0010745368    0.00052512798   -0.00066062616     0.0010616774    9.1093825e-31   -1.6021766e-19    -9.156439e-20    1.9549525e-19              328                0
     0.0027950739    6.3182764e-05    -0.0070292475     0.0065993578    -0.0051761284    0.00062618073    9.1093825e-31   -1.6021766e-19    -9.156439e-20    1.9549525e-19             1515                1
     0.0081048561    9.3275239e-06     -0.008187471    0.00056348945   -0.00025416704   -0.00061451999    9.1093825e-31   -1.6021766e-19    -9.156439e-20    1.9549525e-19              505                0
    -0.0017766412    6.0366328e-05     0.0039657159    -0.0013816605     0.0029772925     9.444607e-05    9.1093825e-31   -1.6021766e-19    -9.156439e-20    1.9549525e-19              699                0
    -0.0082897888    3.6524736e-05      0.014579279    7.8380224e-05    -0.0001280432     0.0012158115    9.1093825e-31   -1.6021766e-19    -9.156439e-20    1.9549525e-19              719                0
     0.0073191407    7.5309632e-05     0.0058513293   -0.00064063526    0.00081718725     0.0019552629    9.1093825e-31   -1.6021766e-19    -9.156439e-20    1.9549525e-19              828                0
     0.0040337187    1.0748444e-05     0.0028244301    -0.0007327862     0.0023470058    -0.0008177195    9.1093825e-31   -1.6021766e-19    -9.156439e-20    1.9549525e-19              885                0
     0.0030124786    9.7108248e-05     0.0017134855   -3.8310838e-05      0.010780909    3.2267155e-05    9.1093825e-31   -1.6021766e-19    -9.156439e-20    1.9549525e-19             1486                1
     0.0075852266    1.8283232e-05     -0.011944045     0.0017419689     -0.001517627     0.0008488539    9.1093825e-31   -1.6021766e-19    -9.156439e-20    1.9549525e-19              799                0
    -0.0023928338    6.4094849e-05     -0.014856927    -0.0011975747    -0.0027660872    0.00063106202    9.1093825e-31   -1.6021766e-19    -9.156439e-20    1.9549525e-19               27                0
    -0.0050357501    8.2341896e-05     -0.014815778   -0.00028253044    -0.0015841904    -0.0025989823    9.1093825e-31   -1.6021766e-19    -9.156439e-20    1.9549525e-19              839                0
    0.00038226121    6.7106055e-05     -0.008791374     0.0032168273     -0.006663708      0.000952442    9.1093825e-31   -1.6021766e-19    -9.156439e-20    1.9549525e-19             1548                1
     0.0075447038    3.9743816e-05    -0.0099356724    0.00040701049   -0.00074938708   -0.00089840317    9.1093825e-31   -1.6021766e-19    -9.156439e-20    1.9549525e-19              786                0
    -0.0023854633    6.9854977e-05     -0.002164263    -0.0026575483    -0.0039145956     0.0015922091    9.1093825e-31   -1.6021766e-19    -9.156439e-20    1.9549525e-19             1550                1
     0.0068280073    7.8706413e-05     -0.014439012     0.0017980944    2.7745057e-06     0.0034305938    9.1093825e-31   -1.6021766e-19    -9.156439e-20    1.9549525e-19              918                0
     0.0076933634    4.2429576e-05    -0.0079236301   -3.1734662e-06     0.0020756614    -0.0028929869    9.1093825e-31   -1.6021766e-19    -9.156439e-20    1.9549525e-19             1401                1
     0.0053701149    2.5646505e-05      -0.01168705    0.00075127545    -0.0014552542     0.0026445908    9.1093825e-31   -1.6021766e-19    -9.156439e-20    1.9549525e-19              954                0
     0.0016461703     8.551369e-05    -0.0037135354    -0.0037719272     0.0077804825      0.003541061    9.1093825e-31   -1.6021766e-19    -9.156439e-20    1.9549525e-19             1495                1
     0.0012785118    7.7014796e-05    -0.0033553052   -0.00013662562     -0.010496297   -0.00076633017    9.1093825e-31   -1.6021766e-19    -9.156439e-20    1.9549525e-19             1617                1
      0.004920654     1.326549e-05    0.00025509807   -0.00086953369     0.0021929925    0.00037763425    9.1093825e-31   -1.6021766e-19    -9.156439e-20    1.9549525e-19               63                0
    -0.0010727752    6.9407637e-05     0.0058108591     0.0063350201     0.0087508736     0.0032216026    9.1093825e-31   -1.6021766e-19    -9.156439e-20    1.9549525e-19             1472                1
    0.00069791323    6.0793063e-05    -0.0040748524   -0.00025637521    -0.0053085713    0.00026648058    9.1093825e-31   -1.6021766e-19    -9.156439e-20    1.9549525e-19             1539                1
    -0.0017543703    5.7000991e-05     0.0017606233     0.0053508887     0.0086130286     0.0017070713    9.1093825e-31   -1.6021766e-19    -9.156439e-20    1.9549525e-19             1531                1
     0.0017905616    7.1446433e-05     -0.014411057    -0.0030018517    -0.0020786927   -0.00041384948    9.1093825e-31   -1.6021766e-19    -9.156439e-20    1.9549525e-19              983                0
     0.0012685555     8.279433e-05     0.0025272951     0.0050719641    -0.0083834901     0.0016147211    9.1093825e-31   -1.6021766e-19    -9.156439e-20    1.9549525e-19             1619                1
     0.0078244684    9.6561613e-05     -0.014146239     0.0011906327    -0.0039219782    0.00011574695    9.1093825e-31   -1.6021766e-19    -9.156439e-20    1.9549525e-19             1627                1
   -5.8302783e-05    7.8374273e-05     0.0033932484     0.0010789038     0.0037973239     0.0010982166    9.1093825e-31   -1.6021766e-19    -9.156439e-20    1.9549525e-19              748                0
     0.0033493573    1.5726286e-05      0.012248635    -0.0013154778    -0.0041157273     0.0043041557    9.1093825e-31   -1.6021766e-19    -9.156439e-20    1.9549525e-19             1319                1
     -0.007492431    6.1269799e-05    -0.0048895041    -0.0028424715    0.00019978039    0.00034535155    9.1093825e-31   -1.6021766e-19    -9.156439e-20    1.9549525e-19              243                0
    -0.0052492544      2.79736e-05      0.013682162     0.0032347774     0.0059390068    9.5748786e-05    9.1093825e-31   -1.6021766e-19    -9.156439e-20    1.9549525e-19             1582                1
    -0.0030911798    1.4591606e-05     0.0022771843    -0.0010420926     0.0028647615     0.0022470062    9.1093825e-31   -1.6021766e-19    -9.156439e-20    1.9549525e-19              512                0
    -0.0028376649    2.5179723e-05    0.00027222294    -0.0029302873     0.0029686044    -0.0029511452    9.1093825e-31   -1.6021766e-19    -9.156439e-20    1.9549525e-19              303                0
    -0.0092748469    1.8457386e-07     -0.011432113    0.00019244228    -0.0013227476   -0.00031152123    9.1093825e-31   -1.6021766e-19    -9.156439e-20    1.9549525e-19              323                0
     0.0067673586    9.3898496e-05       0.01470359    0.00068559783    1.4183674e-05    -0.0033859164    9.1093825e-31   -1.6021766e-19    -9.156439e-20    1.9549525e-19              197                0
     0.0048171533    9.4934265e-05    -0.0017555683    0.00029310075     0.0072053769   -0.00054091215    9.1093825e-31   -1.6021766e-19    -9.156439e-20    1.9549525e-19             1403                1
     -0.002660295      5.37458e-05    -0.0081181731     0.0001681479      7.36484e-05    0.00086895464    9.1093825e-31   -1.6021766e-19    -9.156439e-20    1.9549525e-19              217                0
     0.0044880244    6.4735999e-05     -0.002012376     0.0004254962    -0.0067930934    0.00046843293    9.1093825e-31   -1.6021766e-19    -9.156439e-20    1.9549525e-19             1584                1
    -0.0090336669    9.1207949e-05    -0.0016602614   -0.00063599629     0.0011976864    0.00069769542    9.1093825e-31   -1.6021766e-19    -9.156439e-20    1.9549525e-19              888                0
    -0.0082063237     8.419298e-05    -0.0084351888    9.0159658e-05     0.0013850927     0.0020294918    9.1093825e-31   -1.6021766e-19    -9.156439e-20    1.9549525e-19              443                0
    -0.0014928269    6.9893154e-05    -0.0087239267     -0.003243238    -0.0099153789    0.00011156211    9.1093825e-31   -1.6021766e-19    -9.156439e-20    1.9549525e-19             1603                1
    7.6556134e-05    6.6489949e-05     -0.012060484    0.00032196139    -0.0011398175     0.0031135723    9.1093825e-31   -1.6021766e-19    -9.156439e-20    1.9549525e-19              483                0
    -0.0090023866    1.2520462e-05      0.013781779     0.0013423979    -0.0003793498   -0.00050239544    9.1093825e-31   -1.6021766e-19    -9.156439e-20    1.9549525e-19              503                0
     0.0041631409    4.7917001e-05    -0.0087053645    0.00074988551    -0.0099111786     0.0013565045    9.1093825e-31   -1.6021766e-19    -9.156439e-20    1.9549525e-19             1564                1
     0.0033807536    5.9644492e-05    -0.0017131191     0.0019213354     0.0067357267     -0.001625769    9.1093825e-31   -1.6021766e-19    -9.156439e-20    1.9549525e-19             1506                1
     0.0058355732    2.5765847e-05    -0.0038699149     0.0032072398    0.00078042282   -0.00025746494    9.1093825e-31   -1.6021766e-19    -9.156439e-20    1.9549525e-19              807                0
   -0.00010429516    1.6691538e-05      0.013834572     0.0016859123     0.0062850905    0.00046904496    9.1093825e-31   -1.6021766e-19    -9.156439e-20    1.9549525e-19             1609                1
    0.00088239915    3.7347076e-05     0.0077623446    -0.0017988024     0.0085496632   -0.00063496822    9.1093825e-31   -1.6021766e-19    -9.156439e-20    1.9549525e-19             1574                1
    -0.0039686789    6.1453669e-05     -0.013331139    -0.0018619534    -0.0083686356    -0.0025459265    9.1093825e-31   -1.6021766e-19    -9.156439e-20    1.9549525e-19             1578                1
    -0.0040405258    3.0699797e-05      0.014742063   -0.00097464869    -0.0053075245    -0.0050621014    9.1093825e-31   -1.6021766e-19    -9.156439e-20    1.9549525e-19             1463                1
    0.00013056274    6.7496192e-05    -0.0011204394    -0.0023742991    -0.0033427626    -0.0082448162    9.1093825e-31   -1.6021766e-19    -9.156439e-20    1.9549525e-19             1543                1
     0.0017977119    1.5649613e-05     0.0070765405    -0.0052850898     0.0045684502     0.0046308371    9.1093825e-31   -1.6021766e-19    -9.156439e-20    1.9549525e-19             1467                1
     0.0022239587     4.269581e-05     -0.014811091   -3.6940564e-05      -0.01020617    0.00025620355    9.1093825e-31   -1.6021766e-19    -9.156439e-20    1.9549525e-19             1551                1
    -0.0090150815    7.3026386e-05     -0.004370342    -0.0027700546     0.0006140623    0.00050323695    9.1093825e-31   -1.6021766e-19    -9.156439e-20    1.9549525e-19              723                0
     0.0027250273    9.6071686e-05    -0.0039949911   -0.00021151663    -0.0024618621      0.002800815    9.1093825e-31   -1.6021766e-19    -9.156439e-20    1.9549525e-19             1620                1
     0.0018178356    4.9649807e-05      0.010573426     -0.004972145     0.0078320997     0.0029341155    9.1093825e-31   -1.6021766e-19    -9.156439e-20    1.9549525e-19             1530                1
     0.0065856115    7.6051765e-05     0.0055995858      0.001708702     0.0023753759     0.0018573757    9.1093825e-31   -1.6021766e-19    -9.156439e-20    1.9549525e-19              782                0
     0.0087894863    9.5589596e-05      0.011939126    0.00051932049    0.00058151549     0.0014049532    9.1093825e-31   -1.6021766e-19    -9.156439e-20    1.9549525e-19              802                0
     0.0025461051    1.6818163e-05     0.0004732149     0.0037112911     0.0027585952     0.0012085588    9.1093825e-31   -1.6021766e-19    -9.156439e-20    1.9549525e-19              822                0
     0.0024202617    3.0818426e-06      0.010117733   -0.00012010204     0.0022893497    0.00072071119    9.1093825e-31   -1.6021766e-19    -9.156439e-20    1.9549525e-19             1621                1
    -0.0043184445    3.4179873e-05     -0.012188885    -0.0023855986    -0.0094361128    -0.0067726276    9.1093825e-31   -1.6021766e-19    -9.156439e-20    1.9549525e-19             1523                1
    -0.0026544535    5.0226245e-05     0.0065021962    -0.0017394754     0.0025618591     0.0019403367    9.1093825e-31   -1.6021766e-19    -9.156439e-20    1.9549525e-19              288                0
    -0.0055414787    1.2984609e-05     0.0063034752     0.0014844949      0.001187925      0.001496595    9.1093825e-31   -1.6021766e-19    -9.156439e-20    1.9549525e-19              902                0
    -0.0035645592     5.679061e-05      0.002635194     0.0011595531     0.0079515707     0.0019025675    9.1093825e-31   -1.6021766e-19    -9.156439e-20    1.9549525e-19             1510                1
    -0.0013684115    5.8534824e-05     -0.012387053    -0.0018342283    -0.0096056275    0.00076054223    9.1093825e-31   -1.6021766e-19    -9.156439e-20    1.9549525e-19             1583                1
    -0.0011695926    7.2608113e-05     0.0056924261     -0.002002873    -0.0060299807     -0.006216866    9.1093825e-31   -1.6021766e-19    -9.156439e-20    1.9549525e-19             1600                1
     -0.000166155    9.5832074e-05      0.003590435    0.00062804692    -0.0083455704    -0.0037065765    9.1093825e-31   -1.6021766e-19    -9.156439e-20    1.9549525e-19             1633                1
      0.008121958    3.3509783e-05      0.014881726    -0.0007014859   -0.00092518522     0.0010858722    9.1093825e-31   -1.6021766e-19    -9.156439e-20    1.9549525e-19              986                0
    -0.0063358531    2.7360718e-05     0.0040020519    7.7327073e-05     0.0011925381    2.9669234e-05    9.1093825e-31   -1.6021766e-19    -9.156439e-20    1.9549525e-19              997                0
     0.0064768782    4.0997569e-05    -0.0076760007     0.0022271506    0.00079617003     0.0016484733    9.1093825e-31   -1.6021766e-19    -9.156439e-20    1.9549525e-19                4                0
     0.0033156814    7.0608148e-05      0.014343868    -0.0002490271   -0.00046310728     0.0032741411    9.1093825e-31   -1.6021766e-19    -9.156439e-20    1.9549525e-19                7                0
    -0.0075268028    1.9781583e-05     0.0019015782   -0.00074809906    3.6727812e-05     -0.001802547    9.1093825e-31   -1.6021766e-19    -9.156439e-20    1.9549525e-19               12                0
     0.0053810431    4.5063793e-05     0.0019099179    0.00054660003     0.0019775911     0.0025734901    9.1093825e-31   -1.6021766e-19    -9.156439e-20    1.9549525e-19               20                0
    -0.0064157164    4.2728414e-05    -0.0020684612   -0.00010231036     0.0014412729    0.00093381351    9.1093825e-31   -1.6021766e-19    -9.156439e-20    1.9549525e-19               32                0
     0.0088404333    1.3712382e-05     -0.007591303   -0.00035432476   -0.00068226201    0.00040079255    9.1093825e-31   -1.6021766e-19    -9.156439e-20    1.9549525e-19               52                0
    -0.0010056413    7.9771977e-05      0.006047626     0.0016667777      0.012267563   -0.00032043061    9.1093825e-31   -1.6021766e-19    -9.156439e-20    1.9549525e-19             1534                1
     0.0092678247    6.8342728e-05      0.012591279     0.0010767935    0.00058136252   -0.00051269034    9.1093825e-31   -1.6021766e-19    -9.156439e-20    1.9549525e-19              812                0
     0.0018290431    1.7070708e-05    -0.0019621975   -3.2047371e-06     -0.000109817     0.0021400126    9.1093825e-31   -1.6021766e-19    -9.156439e-20    1.9549525e-19             1334                1
    -0.0065604686    3.1205978e-05    -0.0087220781    0.00094033364    0.00010611607    -0.0013282819    9.1093825e-31   -1.6021766e-19    -9.156439e-20    1.9549525e-19              132                0
    -0.0054996116    2.6649845e-05     -0.014730847     0.0017689894    -0.0022802418   -0.00097350968    9.1093825e-31   -1.6021766e-19    -9.156439e-20    1.9549525e-19              152                0
    -0.0079975203    1.1320755e-05     0.0026603378    -0.0011393653    -0.0012891797    0.00064569467    9.1093825e-31   -1.6021766e-19    -9.156439e-20    1.9549525e-19             1168                1
     -0.009441385    9.3145696e-05    -0.0066673951    0.00040397845    0.00017611738    0.00041477484    9.1093825e-31   -1.6021766e-19    -9.156439e-20    1.9549525e-19              192                0
    -0.0092398822    3.1132309e-05     -0.001875856     0.0011830047    0.00021400617     -0.000952787    9.1093825e-31   -1.6021766e-19    -9.156439e-20    1.9549525e-19              212                0
    -0.0089464923    4.6131965e-05      0.010373376     0.0017704087    -0.0023701352   -0.00055981957    9.1093825e-31   -1.6021766e-19    -9.156439e-20    1.9549525e-19             1370                1
    -0.0011536024    9.6533164e-05    -0.0041628913    -0.0034971193    -0.0051603462     0.0029232828    9.1093825e-31   -1.6021766e-19    -9.156439e-20    1.9549525e-19             1628                1
    -0.0063473666    9.9332392e-05    -0.0028310344     0.0053675631    -0.0010223998     0.0043148207    9.1093825e-31   -1.6021766e-19    -9.156439e-20    1.9549525e-19             1629                1
     0.0016135599    9.8891927e-05    -0.0030922452    -0.0031099103    -0.0037740637     0.0042832582    9.1093825e-31   -1.6021766e-19    -9.156439e-20    1.9549525e-19             1635                1
