%  ASCII export : 
%
%  Momentum is normalized to the product of particle's mass and speed of light.
%  All other quantities are in SI units.
%
%            posX             posY             posZ             momX             momY             momZ             mass           charge     macro-charge             time       particleID         sourceID

    -0.0013120003    7.9877915e-05     -0.012524102      0.004813103     -0.002580296      0.002844773    9.1093825e-31   -1.6021766e-19    -9.156439e-20    3.5928856e-19             2186                1
   -0.00087227195    1.8882878e-05     0.0058393599    0.00044941588     0.0076122349   -0.00014915031    9.1093825e-31   -1.6021766e-19    -9.156439e-20    3.5928856e-19             2284                1
    -0.0089469375    4.4985977e-06    -0.0088832397      0.001536971   -0.00047700541   -0.00056528649    9.1093825e-31   -1.6021766e-19    -9.156439e-20    3.5928856e-19                5                0
    -0.0026017239    1.6648386e-05    7.2243893e-05   -0.00029133307     0.0009047967   -0.00056355639    9.1093825e-31   -1.6021766e-19    -9.156439e-20    3.5928856e-19              348                0
    -0.0092360685    2.1014628e-05     -0.004448392     0.0020715734   -0.00038829813    0.00085976644    9.1093825e-31   -1.6021766e-19    -9.156439e-20    3.5928856e-19             1002                1
    -0.0014547758    8.7066939e-05    -0.0085332999      0.005790378    -0.0033911879     0.0041732057    9.1093825e-31   -1.6021766e-19    -9.156439e-20    3.5928856e-19             2273                1
    -0.0063325977    8.2296583e-06     0.0040035141    5.4753844e-05   -0.00065606274    2.9318617e-05    9.1093825e-31   -1.6021766e-19    -9.156439e-20    3.5928856e-19              997                0
   -0.00065995433    6.1739447e-05     -0.012170615    0.00042900012     0.0020930883    -0.0011836933    9.1093825e-31   -1.6021766e-19    -9.156439e-20    3.5928856e-19               55                0
     0.0063536698    1.3223735e-05      0.014301225   -0.00055138755    -0.0018442726    0.00091731426    9.1093825e-31   -1.6021766e-19    -9.156439e-20    3.5928856e-19              171                0
     0.0018437818    1.5869684e-05      0.010522294     0.0011974613     0.0024661119    -0.0041748397    9.1093825e-31   -1.6021766e-19    -9.156439e-20    3.5928856e-19             2238                1
     0.0044325022    2.4993431e-05     0.0052680164   -0.00056484289    -0.0011398183   -0.00038463404    9.1093825e-31   -1.6021766e-19    -9.156439e-20    3.5928856e-19              154                0
     0.0065630078     7.664127e-05     -0.013356322     0.0014239764    0.00093434751      0.001394818    9.1093825e-31   -1.6021766e-19    -9.156439e-20    3.5928856e-19              488                0
    -0.0024521113    6.1255399e-05     -0.014825891    -0.0012161781    0.00079687784    0.00063202821    9.1093825e-31   -1.6021766e-19    -9.156439e-20    3.5928856e-19               27                0
   -0.00066829607    9.9102741e-05    -0.0080702258     0.0057608979     0.0096115079     -0.002279283    9.1093825e-31   -1.6021766e-19    -9.156439e-20    3.5928856e-19             2084                1
     0.0047757761    4.7095482e-06    -0.0018282258    -0.0030175915    -0.0024549428    -0.0039333617    9.1093825e-31   -1.6021766e-19    -9.156439e-20    3.5928856e-19             2038                1
     0.0013219793    1.6989567e-05      0.011347302    -0.0027575537     0.0040077218    0.00050086837    9.1093825e-31   -1.6021766e-19    -9.156439e-20    3.5928856e-19             2267                1
     0.0080876844    1.7439501e-05      0.014935034   -0.00069410843    -0.0011650523     0.0010858498    9.1093825e-31   -1.6021766e-19    -9.156439e-20    3.5928856e-19              986                0
     0.0079826405    7.6359411e-06     0.0085955523    -0.0021707325    -0.0011110692   -0.00020111262    9.1093825e-31   -1.6021766e-19    -9.156439e-20    3.5928856e-19              961                0
     0.0087407622    1.3233712e-05      0.000173177     0.0020857095    -0.0001013405    0.00017314269    9.1093825e-31   -1.6021766e-19    -9.156439e-20    3.5928856e-19              386                0
     0.0016429094    4.3894042e-06     0.0073129507     0.0018760726     0.0075264703   -3.0110077e-05    9.1093825e-31   -1.6021766e-19    -9.156439e-20    3.5928856e-19             2316                1
    0.00080078118    3.7957241e-05     0.0011268044    0.00029564396     0.0077095847     0.0025685397    9.1093825e-31   -1.6021766e-19    -9.156439e-20    3.5928856e-19             2217                1
    -0.0011882617    3.0130918e-06     0.0065973704    -0.0045698686     0.0052262261     0.0010426258    9.1093825e-31   -1.6021766e-19    -9.156439e-20    3.5928856e-19             2317                1
      -0.00522165    5.8382764e-05     0.0089487769     0.0014738702     -0.002118205   -0.00043781276    9.1093825e-31   -1.6021766e-19    -9.156439e-20    3.5928856e-19              355                0
     0.0076652099    3.8553721e-05     -0.011890016   -0.00082675711    0.00044193745    0.00070913445    9.1093825e-31   -1.6021766e-19    -9.156439e-20    3.5928856e-19              451                0
     -0.006683215    6.0181574e-06      0.011491357     0.0022697106    -0.0017214738    -0.0018203969    9.1093825e-31   -1.6021766e-19    -9.156439e-20    3.5928856e-19              716                0
    -0.0064212247    2.9626399e-05    -0.0020226194   -0.00012182522      0.001098993    0.00093351066    9.1093825e-31   -1.6021766e-19    -9.156439e-20    3.5928856e-19               32                0
    0.00068509049    7.9677448e-06     0.0097348252   -1.6194383e-05     0.0081787836    0.00014343484    9.1093825e-31   -1.6021766e-19    -9.156439e-20    3.5928856e-19             2313                1
     0.0082509946    2.7116645e-05    0.00063346769    -0.0016579367    0.00012374893   -0.00062185811    9.1093825e-31   -1.6021766e-19    -9.156439e-20    3.5928856e-19              455                0
    -0.0021149218    2.1513491e-05     0.0062841554   -0.00012142186      0.006232555    -0.0013664016    9.1093825e-31   -1.6021766e-19    -9.156439e-20    3.5928856e-19             2269                1
   -0.00088858826    9.1571885e-05     -0.002843848    0.00069689279      0.011210668   -0.00066470908    9.1093825e-31   -1.6021766e-19    -9.156439e-20    3.5928856e-19             2160                1
    -0.0035042986    2.7598078e-05     0.0025112589   -0.00074718107     -0.003608339     0.0011987413    9.1093825e-31   -1.6021766e-19    -9.156439e-20    3.5928856e-19             2153                1
     0.0018753015    4.7900114e-05      0.010601824    -0.0032892756       0.00877875     0.0017985434    9.1093825e-31   -1.6021766e-19    -9.156439e-20    3.5928856e-19             2248                1
     0.0016281166    5.3372307e-05     0.0025609971     0.0061946986     0.0089226905      0.003224887    9.1093825e-31   -1.6021766e-19    -9.156439e-20    3.5928856e-19             2206                1
     0.0019179182    6.9555812e-05      0.010727404    -0.0028540373   -0.00050846912    -0.0015585399    9.1093825e-31   -1.6021766e-19    -9.156439e-20    3.5928856e-19             1991                1
   -0.00018963037     9.628688e-05    -0.0075279651    0.00022179051       0.01038723     0.0023022257    9.1093825e-31   -1.6021766e-19    -9.156439e-20    3.5928856e-19             2150                1
    -0.0054692021    5.3550302e-06     0.0063769822      0.001458939    -0.0013188294      0.001496688    9.1093825e-31   -1.6021766e-19    -9.156439e-20    3.5928856e-19              902                0
   -0.00050032296    1.5021084e-05     0.0094704581    0.00087808236    -0.0074101165     8.253588e-06    9.1093825e-31   -1.6021766e-19    -9.156439e-20    3.5928856e-19             2012                1
     0.0033684776    1.4061048e-05       0.01261148    0.00052195747        0.0108825     0.0011592314    9.1093825e-31   -1.6021766e-19    -9.156439e-20    3.5928856e-19             2308                1
     0.0012594545    3.2743676e-05      0.011397867    4.3979933e-05     0.0050538853   -5.1243922e-05    9.1093825e-31   -1.6021766e-19    -9.156439e-20    3.5928856e-19             2241                1
    -0.0066179363    1.8942401e-05     0.0039166375     0.0030834798   -0.00041501375    -0.0015923353    9.1093825e-31   -1.6021766e-19    -9.156439e-20    3.5928856e-19              695                0
     0.0070311259    7.5578908e-05     0.0080673881    0.00094126322       0.00103872   -0.00055515202    9.1093825e-31   -1.6021766e-19    -9.156439e-20    3.5928856e-19             1763                1
     0.0011927118    1.5048032e-05      0.013676587     -0.004633774     -0.010553808     0.0087648602    9.1093825e-31   -1.6021766e-19    -9.156439e-20    3.5928856e-19             2171                1
      0.006586669    5.6502853e-05    -0.0075950399     0.0022464155     0.0020556038     0.0016497597    9.1093825e-31   -1.6021766e-19    -9.156439e-20    3.5928856e-19                4                0
    -0.0031428859    1.2176355e-06     0.0023874601    -0.0010633048    0.00011851281     0.0022441633    9.1093825e-31   -1.6021766e-19    -9.156439e-20    3.5928856e-19              512                0
    -0.0044484106    9.0654197e-05      0.012073131    8.7636719e-05    -0.0014882977   -0.00014692395    9.1093825e-31   -1.6021766e-19    -9.156439e-20    3.5928856e-19             1316                1
    -0.0061338344    2.1770044e-05     -0.012044131   -1.3400058e-06    0.00093942496     -0.001367141    9.1093825e-31   -1.6021766e-19    -9.156439e-20    3.5928856e-19              385                0
     0.0025049802    1.0763521e-05      0.012236792    -0.0031019133    -0.0098354807   -0.00035362825    9.1093825e-31   -1.6021766e-19    -9.156439e-20    3.5928856e-19             2156                1
    0.00043267568    4.2805586e-05    -0.0088322423     0.0042444891    -0.0081300652    -0.0029063167    9.1093825e-31   -1.6021766e-19    -9.156439e-20    3.5928856e-19             2227                1
    0.00014897523    8.4592524e-05    -0.0058870125    -0.0039713215    -0.0056288522    -0.0044728741    9.1093825e-31   -1.6021766e-19    -9.156439e-20    3.5928856e-19             2286                1
    -0.0051411516    7.6676639e-05     0.0061314162    -0.0010841842   -0.00083760393     0.0012485187    9.1093825e-31   -1.6021766e-19    -9.156439e-20    3.5928856e-19              895                0
     0.0030962096    9.2154092e-05    -0.0043529687    0.00012471891      0.011890735     0.0021020563    9.1093825e-31   -1.6021766e-19    -9.156439e-20    3.5928856e-19             2180                1
     0.0061153341    2.0203715e-05     0.0048352666    -0.0011040155   -0.00056849816    0.00066343043    9.1093825e-31   -1.6021766e-19    -9.156439e-20    3.5928856e-19              751                0
     0.0014857163    6.8989022e-05     -0.012924568    -0.0075840601    -0.0041842693    -0.0029368177    9.1093825e-31   -1.6021766e-19    -9.156439e-20    3.5928856e-19             2190                1
   -0.00058926316    8.0736012e-05    -0.0025494904     -0.002683935     0.0099309683   -0.00066261983    9.1093825e-31   -1.6021766e-19    -9.156439e-20    3.5928856e-19             2143                1
   -0.00045340168     9.537438e-05    -0.0026887052    0.00074689381    -0.0092406077     -0.001819755    9.1093825e-31   -1.6021766e-19    -9.156439e-20    3.5928856e-19             2319                1
    -0.0073870379    6.8595014e-05    -0.0070805936    -0.0011654919     0.0010722509    -0.0026719067    9.1093825e-31   -1.6021766e-19    -9.156439e-20    3.5928856e-19              532                0
     0.0055369455    6.2751955e-05      0.011532865     0.0017070235    -0.0045361789    -0.0013445013    9.1093825e-31   -1.6021766e-19    -9.156439e-20    3.5928856e-19             2103                1
     0.0055036186    8.0894124e-06       0.01067531   -0.00014493227     0.0021618009    -9.310359e-05    9.1093825e-31   -1.6021766e-19    -9.156439e-20    3.5928856e-19             2272                1
    -0.0013609629    8.0383128e-05    -0.0079858033    -0.0025828283    -0.0055336216    -0.0028889463    9.1093825e-31   -1.6021766e-19    -9.156439e-20    3.5928856e-19             2277                1
     0.0025716205    6.9899885e-05      0.012233702     0.0052054445    -0.0051597985     0.0020013712    9.1093825e-31   -1.6021766e-19    -9.156439e-20    3.5928856e-19             2210                1
   -0.00089763844    9.5895615e-05    -0.0057412744     0.0032068512    0.00026451776       0.00520693    9.1093825e-31   -1.6021766e-19    -9.156439e-20    3.5928856e-19             2253                1
     -0.001685527    1.0805474e-05      0.010769318    -0.0056470865    -0.0089280354     0.0076088915    9.1093825e-31   -1.6021766e-19    -9.156439e-20    3.5928856e-19             2128                1
     0.0043398268    8.2873659e-05    -0.0086046951     0.0028417965      0.007654883     0.0019148513    9.1093825e-31   -1.6021766e-19    -9.156439e-20    3.5928856e-19             2096                1
     0.0016227555    8.2967919e-05     -0.012984164     0.0028554727    -0.0080760783   -0.00036237654    9.1093825e-31   -1.6021766e-19    -9.156439e-20    3.5928856e-19             2290                1
      0.001147716    9.2181916e-05    -0.0095581822     0.0011768718    -0.0039602648    -0.0020325358    9.1093825e-31   -1.6021766e-19    -9.156439e-20    3.5928856e-19             2294                1
     0.0016236004    6.6728615e-05    -0.0030146949     0.0017621522     0.0094664246    0.00028837629    9.1093825e-31   -1.6021766e-19    -9.156439e-20    3.5928856e-19             2173                1
     0.0061880518    9.4418014e-05     -0.014227877     0.0010429493     0.0014180901   -0.00096834736    9.1093825e-31   -1.6021766e-19    -9.156439e-20    3.5928856e-19              365                0
      0.001084734    5.7414531e-05     0.0028092801    -0.0013117029     0.0096379258    0.00018025104    9.1093825e-31   -1.6021766e-19    -9.156439e-20    3.5928856e-19             2213                1
      0.001083657     5.849443e-07     0.0028553123   -0.00088325894    -0.0044439402     0.0018836368    9.1093825e-31   -1.6021766e-19    -9.156439e-20    3.5928856e-19             2085                1
    -0.0082861772    5.4748867e-05      0.014638984     6.881712e-05   -0.00036396837     0.0012157675    9.1093825e-31   -1.6021766e-19    -9.156439e-20    3.5928856e-19              719                0
    -0.0090643344    4.6185713e-05     0.0023918122   -0.00066137756   -0.00037681844     0.0014006632    9.1093825e-31   -1.6021766e-19    -9.156439e-20    3.5928856e-19              874                0
       0.00102408    7.4488926e-05     0.0059879017     0.0011262118      0.012335106    -0.0025966368    9.1093825e-31   -1.6021766e-19    -9.156439e-20    3.5928856e-19             2222                1
    -0.0052579548    4.1379681e-05      0.013737838    -0.0029716387    -0.0076683643    -0.0034429107    9.1093825e-31   -1.6021766e-19    -9.156439e-20    3.5928856e-19             2181                1
    -0.0042547248    5.4066764e-05     0.0060253502     0.0015849081    -0.0013364397    -0.0007837991    9.1093825e-31   -1.6021766e-19    -9.156439e-20    3.5928856e-19              628                0
     0.0065902537    1.9428704e-05      0.005689749    0.00045287574    -0.0013812187   -0.00062784227    9.1093825e-31   -1.6021766e-19    -9.156439e-20    3.5928856e-19              420                0
     0.0013401548    5.5735243e-05    -0.0033959358   -0.00059736311     0.0089315223     0.0012526553    9.1093825e-31   -1.6021766e-19    -9.156439e-20    3.5928856e-19             2187                1
   -9.8700162e-05    5.0397499e-05     0.0036948449   -0.00067080028     0.0076223062     -0.001500565    9.1093825e-31   -1.6021766e-19    -9.156439e-20    3.5928856e-19             2191                1
     0.0017955808    1.0020907e-05      0.012159649    -0.0014068483     0.0059137689   -0.00039176413    9.1093825e-31   -1.6021766e-19    -9.156439e-20    3.5928856e-19             2300                1
     0.0072881207    7.3043637e-05     0.0059473431   -0.00062283542   -0.00064178562     0.0019551665    9.1093825e-31   -1.6021766e-19    -9.156439e-20    3.5928856e-19              828                0
    -0.0066644005    8.4239611e-05    -0.0032087793     0.0011241804     0.0019558067    0.00097758265    9.1093825e-31   -1.6021766e-19    -9.156439e-20    3.5928856e-19              984                0
    -0.0035902867    2.4096995e-05    -0.0013691684     0.0041099908   -0.00099011546     0.0059560952    9.1093825e-31   -1.6021766e-19    -9.156439e-20    3.5928856e-19             1938                1
     -0.001659428    4.1873722e-05      0.010734158    -0.0015752333     0.0086897546     0.0018563485    9.1093825e-31   -1.6021766e-19    -9.156439e-20    3.5928856e-19             2262                1
      0.005298119    2.8409222e-05     0.0064312755     0.0011040977    -0.0015808161   -0.00040154005    9.1093825e-31   -1.6021766e-19    -9.156439e-20    3.5928856e-19              580                0
     0.0028712244    5.7538284e-05    -0.0069960458    -0.0042346707     0.0073532904     0.0023298447    9.1093825e-31   -1.6021766e-19    -9.156439e-20    3.5928856e-19             2152                1
     0.0083790915    5.1319585e-05     -0.012677976    -0.0022283245    0.00079642882     0.0022224525    9.1093825e-31   -1.6021766e-19    -9.156439e-20    3.5928856e-19              586                0
    -0.0016566713    8.3725128e-05     -0.011173959    0.00094148604    -0.0023601041   -9.4884068e-05    9.1093825e-31   -1.6021766e-19    -9.156439e-20    3.5928856e-19             2214                1
    -0.0050514718    5.3424432e-05    -0.0051956717      0.001039596     0.0023951905   -0.00094518921    9.1093825e-31   -1.6021766e-19    -9.156439e-20    3.5928856e-19              660                0
     0.0013937264    4.0503292e-05      0.011447871    -0.0018231667      0.007460977    0.00020436403    9.1093825e-31   -1.6021766e-19    -9.156439e-20    3.5928856e-19             2254                1
    -0.0077699185     3.318784e-05       0.01098997     0.0006203982    -0.0010806922     0.0015235355    9.1093825e-31   -1.6021766e-19    -9.156439e-20    3.5928856e-19              652                0
     0.0025572323     1.286561e-05    0.00042375995    -0.0030496509    -0.0022949812    -0.0018536812    9.1093825e-31   -1.6021766e-19    -9.156439e-20    3.5928856e-19             2051                1
    -0.0014799187    8.5577965e-05    -0.0066266479    0.00029067355     0.0099519426     0.0051823203    9.1093825e-31   -1.6021766e-19    -9.156439e-20    3.5928856e-19             2157                1
    -0.0090700379    2.4029196e-06     0.0015240978    -0.0022101724   -0.00023562678    0.00013321119    9.1093825e-31   -1.6021766e-19    -9.156439e-20    3.5928856e-19              760                0
    -0.0022178534     2.633861e-05     0.0029504918   -0.00090647087     0.0060729664    0.00094820757    9.1093825e-31   -1.6021766e-19    -9.156439e-20    3.5928856e-19             2231                1
     0.0047213943    9.3728944e-05    -0.0034405673     -0.003130245     0.0095657613     0.0018291349    9.1093825e-31   -1.6021766e-19    -9.156439e-20    3.5928856e-19             2139                1
    -0.0036634137     6.207524e-05     -0.014342108   -0.00048720281     0.0037747333   -0.00059065584    9.1093825e-31   -1.6021766e-19    -9.156439e-20    3.5928856e-19             2112                1
    0.00039932664    9.6047348e-05    -0.0087412698    -0.0037325765    -0.0080245845    -0.0017957862    9.1093825e-31   -1.6021766e-19    -9.156439e-20    3.5928856e-19             2318                1
     0.0029653928    3.6904319e-05    -0.0056398129    -0.0017227968     0.0027142966    1.4025977e-05    9.1093825e-31   -1.6021766e-19    -9.156439e-20    3.5928856e-19              860                0
   -0.00094983535    7.0113732e-05     -0.006402377    -0.0016053262     0.0052475985   -0.00035806131    9.1093825e-31   -1.6021766e-19    -9.156439e-20    3.5928856e-19             1859                1
     -0.003257357    4.5667239e-05     -0.012516018   -0.00086505932     0.0017083425    -0.0015408866    9.1093825e-31   -1.6021766e-19    -9.156439e-20    3.5928856e-19              900                0
    -0.0065147835    2.7978311e-05     -0.008787279    0.00091961661     0.0016204076    -0.0013273866    9.1093825e-31   -1.6021766e-19    -9.156439e-20    3.5928856e-19              132                0
      0.008961047    4.3309938e-05      0.013153264     0.0016569467     0.0012878918    -0.0014218501    9.1093825e-31   -1.6021766e-19    -9.156439e-20    3.5928856e-19             1962                1
    -0.0072780689    5.8316491e-05    -0.0026731561    0.00062431442     0.0016002586    0.00067891402    9.1093825e-31   -1.6021766e-19    -9.156439e-20    3.5928856e-19             1012                1
    -0.0037504896    1.4623508e-05    0.00046113739    -0.0013338648    0.00063735584     0.0026013376    9.1093825e-31   -1.6021766e-19    -9.156439e-20    3.5928856e-19              893                0
      0.007616166    4.7198697e-05     -0.013008463     0.0023776477    0.00070858048    -0.0017002109    9.1093825e-31   -1.6021766e-19    -9.156439e-20    3.5928856e-19              311                0
    -0.0069872416    2.1375561e-05    -0.0077667292    -0.0012902513     0.0010566406    0.00055307476    9.1093825e-31   -1.6021766e-19    -9.156439e-20    3.5928856e-19              791                0
     0.0021926244    2.4560659e-05     -0.014758701    0.00060645462    -0.0098908087    7.7289578e-06    9.1093825e-31   -1.6021766e-19    -9.156439e-20    3.5928856e-19             2193                1
    0.00078853901    5.7164387e-05     0.0097369403     0.0061076037     0.0058372389     0.0010775983    9.1093825e-31   -1.6021766e-19    -9.156439e-20    3.5928856e-19             2194                1
   -1.1023978e-07    4.3294112e-05     0.0038026555    -0.0047989171      0.010355923    0.00021879305    9.1093825e-31   -1.6021766e-19    -9.156439e-20    3.5928856e-19             2258                1
     0.0020512019    1.6135849e-05      0.014644891    0.00043324934     0.0044687283    0.00013700618    9.1093825e-31   -1.6021766e-19    -9.156439e-20    3.5928856e-19             2278                1
    -0.0062050284    6.9508442e-06     0.0028781698    2.8753417e-05   -0.00014415478   -0.00011923465    9.1093825e-31   -1.6021766e-19    -9.156439e-20    3.5928856e-19              677                0
     0.0011744859    3.7726206e-06      0.013612606   -0.00023068518     0.0015621618   -0.00097697484    9.1093825e-31   -1.6021766e-19    -9.156439e-20    3.5928856e-19             2295                1
    -0.0084645757    7.2039882e-05    -0.0047942288     0.0003294207    0.00098907936   -0.00011226133    9.1093825e-31   -1.6021766e-19    -9.156439e-20    3.5928856e-19              210                0
   -0.00072779466    7.9327809e-05    -0.0059018568     0.0073231584     0.0086081261      0.001729321    9.1093825e-31   -1.6021766e-19    -9.156439e-20    3.5928856e-19             2054                1
     0.0079115052     5.308328e-05     0.0084539419   -0.00031335693   -0.00072526175     0.0012622498    9.1093825e-31   -1.6021766e-19    -9.156439e-20    3.5928856e-19              254                0
     0.0058818981     5.375965e-05     0.0044473093   -0.00062707608    -0.0006732702   -0.00088133244    9.1093825e-31   -1.6021766e-19    -9.156439e-20    3.5928856e-19              270                0
    -0.0010619974    6.2835468e-05     0.0060840375   -0.00015850214     0.0085327756    0.00039306714    9.1093825e-31   -1.6021766e-19    -9.156439e-20    3.5928856e-19             2196                1
   -0.00098296104     1.568576e-05     0.0058962633    -0.0016004679     0.0043508927     0.0056787585    9.1093825e-31   -1.6021766e-19    -9.156439e-20    3.5928856e-19             2257                1
      0.001096435    4.9122882e-05     0.0060300431    0.00059888174     0.0096340673   -0.00055095239    9.1093825e-31   -1.6021766e-19    -9.156439e-20    3.5928856e-19             2236                1
     0.0016489526    8.7225635e-06      0.011479941    0.00075019483     0.0068110279   -0.00026651382    9.1093825e-31   -1.6021766e-19    -9.156439e-20    3.5928856e-19             2309                1
     -0.007567008    6.6704299e-05     -0.012172417     -0.001154896     0.0012956265    -0.0012039336    9.1093825e-31   -1.6021766e-19    -9.156439e-20    3.5928856e-19              673                0
    -0.0021048007     1.363273e-05     0.0062958533     0.0023715743     0.0042873952     0.0015142768    9.1093825e-31   -1.6021766e-19    -9.156439e-20    3.5928856e-19             2270                1
     0.0085303783    1.2705663e-05      0.010215588    0.00026661417   -0.00069537014   -9.2204507e-05    9.1093825e-31   -1.6021766e-19    -9.156439e-20    3.5928856e-19              410                0
    -0.0011088335    5.0605384e-05     0.0058907354    -0.0025498641     0.0099307122    -0.0030256002    9.1093825e-31   -1.6021766e-19    -9.156439e-20    3.5928856e-19             2239                1
    -0.0010817864     2.565873e-05     0.0060833753    -0.0024843065     0.0041667256    0.00031176166    9.1093825e-31   -1.6021766e-19    -9.156439e-20    3.5928856e-19             2197                1
     0.0010365725    4.2670556e-05     0.0059852321     0.0040077632     0.0073419176    -0.0021718522    9.1093825e-31   -1.6021766e-19    -9.156439e-20    3.5928856e-19             2220                1
   -0.00078270474    7.8440127e-05    -0.0028177034     0.0004592301      0.009518533    0.00053239567    9.1093825e-31   -1.6021766e-19    -9.156439e-20    3.5928856e-19             2131                1
    -0.0011614809    9.1730188e-05    -0.0041686231     -0.001349177    -0.0045757075    4.9302362e-05    9.1093825e-31   -1.6021766e-19    -9.156439e-20    3.5928856e-19             2299                1
    -0.0094216652    9.3386036e-05    -0.0066470276    0.00039895976    0.00041349349    0.00041482263    9.1093825e-31   -1.6021766e-19    -9.156439e-20    3.5928856e-19              192                0
      0.001840277    3.1152224e-05      0.010546401    0.00059619173       0.00507758   -4.8098715e-05    9.1093825e-31   -1.6021766e-19    -9.156439e-20    3.5928856e-19             2237                1
     0.0013929741    8.3779596e-05    -0.0088561438     0.0064554573    -0.0057438868     0.0033795892    9.1093825e-31   -1.6021766e-19    -9.156439e-20    3.5928856e-19             2280                1
   -0.00061700551    8.5631327e-05    -0.0077191028    0.00093553745    -0.0055104322   -0.00067631545    9.1093825e-31   -1.6021766e-19    -9.156439e-20    3.5928856e-19             2285                1
     0.0035078374    1.7783921e-05     0.0033481736     0.0011813013   -0.00044885743     0.0021964177    9.1093825e-31   -1.6021766e-19    -9.156439e-20    3.5928856e-19              991                0
    -0.0019645637    1.3330953e-05     0.0045307921    -0.0013205325    -0.0015242371     -0.001350967    9.1093825e-31   -1.6021766e-19    -9.156439e-20    3.5928856e-19              630                0
    -0.0091819223    2.2787945e-05    -0.0019226409     0.0011776983    0.00012591311   -0.00095280173    9.1093825e-31   -1.6021766e-19    -9.156439e-20    3.5928856e-19              212                0
     0.0084349718     1.520257e-05     0.0015707099    0.00022397685   -4.5615961e-05   -0.00083009864    9.1093825e-31   -1.6021766e-19    -9.156439e-20    3.5928856e-19              525                0
     0.0092492634    1.1366174e-05    -0.0091797924     0.0011380671     0.0003173101    -0.0014043839    9.1093825e-31   -1.6021766e-19    -9.156439e-20    3.5928856e-19              690                0
      0.001390741    7.5001662e-05    -0.0088532921     0.0056772088    -0.0088011408     0.0043730028    9.1093825e-31   -1.6021766e-19    -9.156439e-20    3.5928856e-19             2281                1
     7.728974e-05    9.5025607e-05     -0.001310916    -0.0058608837      0.011356279    -0.0029150911    9.1093825e-31   -1.6021766e-19    -9.156439e-20    3.5928856e-19             2159                1
    -0.0087164128    5.4437867e-05    -0.0012150103    0.00091090304    -6.080899e-05    0.00099258078    9.1093825e-31   -1.6021766e-19    -9.156439e-20    3.5928856e-19              750                0
     0.0025249026    8.6428183e-05    -0.0077905585    8.2612627e-05      0.010450371    7.7597804e-05    9.1093825e-31   -1.6021766e-19    -9.156439e-20    3.5928856e-19             2182                1
    -0.0014691239    8.2331149e-05     -0.008523223     0.0019766458    -0.0046496056     0.0068516266    9.1093825e-31   -1.6021766e-19    -9.156439e-20    3.5928856e-19             2274                1
    -0.0030942734    5.6397592e-05    -0.0016995862    -0.0021104133     0.0080635929    -0.0019493385    9.1093825e-31   -1.6021766e-19    -9.156439e-20    3.5928856e-19             2163                1
     -0.007421162    7.3765725e-05    -0.0013883564     0.0028592283     0.0012336103   -0.00085095241    9.1093825e-31   -1.6021766e-19    -9.156439e-20    3.5928856e-19              257                0
    -0.0056599332    3.5952915e-05     0.0058337511    -0.0011158206   -0.00087473245     0.0010283741    9.1093825e-31   -1.6021766e-19    -9.156439e-20    3.5928856e-19              220                0
    -0.0043168655    6.1637271e-05     -0.012365127     0.0049687419     0.0051447554    2.1344104e-05    9.1093825e-31   -1.6021766e-19    -9.156439e-20    3.5928856e-19             2161                1
     0.0063628727     3.953823e-05    -0.0084915692    -0.0027354825     0.0018667907   -0.00053861615    9.1093825e-31   -1.6021766e-19    -9.156439e-20    3.5928856e-19              931                0
    -0.0026525045    2.4696197e-05    -0.0080754124    0.00014906308     0.0027343216    0.00087157747    9.1093825e-31   -1.6021766e-19    -9.156439e-20    3.5928856e-19              217                0
     -0.003474375    8.7113876e-05    -0.0099475337    0.00041632474     -0.002956785     0.0013747399    9.1093825e-31   -1.6021766e-19    -9.156439e-20    3.5928856e-19             2265                1
    0.00040675025    8.0159603e-05    -0.0088158613    0.00033641202    -0.0024940507   -0.00043477595    9.1093825e-31   -1.6021766e-19    -9.156439e-20    3.5928856e-19             2226                1
    -0.0051858728     9.122122e-05     -0.014067664    0.00089188304     0.0054191267   -0.00097903621    9.1093825e-31   -1.6021766e-19    -9.156439e-20    3.5928856e-19             2057                1
     0.0048444332    3.2631779e-06     0.0072409972    0.00023537947    -0.0022613399     0.0030158693    9.1093825e-31   -1.6021766e-19    -9.156439e-20    3.5928856e-19               18                0
     0.0059261518    1.1515755e-05    -0.0029799091     -0.001118097     0.0016305664    -0.0022766576    9.1093825e-31   -1.6021766e-19    -9.156439e-20    3.5928856e-19              256                0
    -0.0017667868    5.5509401e-05     0.0019250632    -0.0075770179     0.0088783139     0.0078907665    9.1093825e-31   -1.6021766e-19    -9.156439e-20    3.5928856e-19             2195                1
      0.001755391    7.4882892e-06     0.0068617677    -0.0011185482     0.0057579163     0.0019712152    9.1093825e-31   -1.6021766e-19    -9.156439e-20    3.5928856e-19             2306                1
       0.00301152     3.465623e-05      0.014327058     0.0008521612     0.0049231579     0.0017487172    9.1093825e-31   -1.6021766e-19    -9.156439e-20    3.5928856e-19             2243                1
     0.0023131445    1.5703505e-05    -0.0091920542    -0.0050587305   -7.1192924e-05    -0.0012730557    9.1093825e-31   -1.6021766e-19    -9.156439e-20    3.5928856e-19             1852                1
    -0.0091765039    5.1674615e-05     0.0022035106    -0.0022348608    0.00044862958    -0.0018362665    9.1093825e-31   -1.6021766e-19    -9.156439e-20    3.5928856e-19              978                0
   -0.00096668629           0.0001    -0.0084807966    -0.0024095152     0.0095184613     -0.003504585    9.1093825e-31   -1.6021766e-19    -9.156439e-20    3.5928856e-19             2082                1
     0.0092798462    4.5366549e-05    0.00091441459     0.0014110424   -0.00020638085   -0.00017853912    9.1093825e-31   -1.6021766e-19    -9.156439e-20    3.5928856e-19              637                0
    -0.0023891795    9.7946133e-05     -0.002171959     0.0070614014      0.010425596    -0.0017373542    9.1093825e-31   -1.6021766e-19    -9.156439e-20    3.5928856e-19             2129                1
     0.0016435025    9.8361663e-05     -0.014431333     -0.002987785     0.0016604729    -0.0004137517    9.1093825e-31   -1.6021766e-19    -9.156439e-20    3.5928856e-19              983                0
     0.0047180192    5.9670507e-05     0.0021608409   -0.00071441836    0.00043867642     0.0011519217    9.1093825e-31   -1.6021766e-19    -9.156439e-20    3.5928856e-19              229                0
    -0.0035131159    6.4821754e-05     -0.010003869   -0.00044611515    -0.0077607883     0.0010516284    9.1093825e-31   -1.6021766e-19    -9.156439e-20    3.5928856e-19             2264                1
    -0.0085605411    5.5592325e-05    -0.0014598171    0.00081139849    3.6633133e-05   -0.00040312242    9.1093825e-31   -1.6021766e-19    -9.156439e-20    3.5928856e-19              894                0
    0.00045204203    3.0507941e-05      0.012901795    0.00011541648     -0.010101397     0.0010197526    9.1093825e-31   -1.6021766e-19    -9.156439e-20    3.5928856e-19             2198                1
     0.0079054572    5.2730309e-05    -0.0031424004     0.0016545611    0.00039385085     0.0023100439    9.1093825e-31   -1.6021766e-19    -9.156439e-20    3.5928856e-19              309                0
    -0.0089431517    5.4930602e-05      0.011219111   -0.00022852386   -0.00025073157   -0.00060470775    9.1093825e-31   -1.6021766e-19    -9.156439e-20    3.5928856e-19              329                0
     0.0075961081    9.2568829e-05     -0.014072647    -0.0028863326     0.0012658529      0.001357917    9.1093825e-31   -1.6021766e-19    -9.156439e-20    3.5928856e-19              349                0
     0.0090461597    5.9422255e-05     0.0079442151    -0.0010127027   -0.00028059626     0.0016580703    9.1093825e-31   -1.6021766e-19    -9.156439e-20    3.5928856e-19              369                0
    -0.0050788973    2.1123649e-05      -0.01082238    -0.0033661376    -0.0014189134    -0.0031948015    9.1093825e-31   -1.6021766e-19    -9.156439e-20    3.5928856e-19             1993                1
     0.0010439579    8.4253246e-05    -0.0095391115    -0.0056832326     0.0078074904     0.0011229903    9.1093825e-31   -1.6021766e-19    -9.156439e-20    3.5928856e-19             2041                1
    -0.0022098534    4.7761605e-05     0.0071948171     0.0020361552     -0.001706266    0.00015797866    9.1093825e-31   -1.6021766e-19    -9.156439e-20    3.5928856e-19              632                0
    0.00013357987    9.9203098e-05    -0.0012356259   -5.7614252e-05     0.0018457698    3.0465451e-05    9.1093825e-31   -1.6021766e-19    -9.156439e-20    3.5928856e-19             2246                1
     0.0014627276    1.3851922e-05      0.011502804    -0.0072544441    -0.0089238472     0.0026928158    9.1093825e-31   -1.6021766e-19    -9.156439e-20    3.5928856e-19             2110                1
    -0.0030158749    9.5749419e-05     -0.010409913    0.00089635781    -0.0037489887     0.0011353944    9.1093825e-31   -1.6021766e-19    -9.156439e-20    3.5928856e-19             2311                1
     0.0033722755    1.3525053e-06      0.012722855    -0.0010412891    -0.0094575919     0.0017294196    9.1093825e-31   -1.6021766e-19    -9.156439e-20    3.5928856e-19             2092                1
      0.007325876    3.6653601e-05    0.00086975895    -0.0015429045    0.00067907193   -0.00085187797    9.1093825e-31   -1.6021766e-19    -9.156439e-20    3.5928856e-19              476                0
    -0.0049207644     4.666227e-05     -0.012750326     0.0013444202     0.0016603607    -0.0016451526    9.1093825e-31   -1.6021766e-19    -9.156439e-20    3.5928856e-19              549                0
    -0.0010175759     7.624767e-05      0.010187906     0.0026251026    -0.0031342031    0.00071898662    9.1093825e-31   -1.6021766e-19    -9.156439e-20    3.5928856e-19              569                0
    -0.0034203508    9.9801917e-05    -0.0099081853   -7.3007599e-05     0.0077083725   -0.00049158005    9.1093825e-31   -1.6021766e-19    -9.156439e-20    3.5928856e-19             2019                1
     0.0010413234    3.0646588e-05     0.0059934086     0.0036892777     0.0058203223    -0.0017842547    9.1093825e-31   -1.6021766e-19    -9.156439e-20    3.5928856e-19             2223                1
     0.0094970874    8.3151339e-05     -0.014497769   -9.2187656e-05    0.00046161938      0.002094618    9.1093825e-31   -1.6021766e-19    -9.156439e-20    3.5928856e-19              922                0
    -0.0011766015     3.669336e-05     -0.012411457    -0.0023379845     0.0018970815   -0.00038040811    9.1093825e-31   -1.6021766e-19    -9.156439e-20    3.5928856e-19              649                0
    -0.0078144986    4.7201429e-05     0.0038676893     0.0011816627   -0.00022822375    0.00098674058    9.1093825e-31   -1.6021766e-19    -9.156439e-20    3.5928856e-19              934                0
   -0.00097113132    6.0474384e-05    -0.0058113257    -0.0014413228     0.0075013214    -0.0015042117    9.1093825e-31   -1.6021766e-19    -9.156439e-20    3.5928856e-19             2047                1
   -0.00094230979    9.2307404e-05    -0.0058763297     0.0037889937    -0.0054094424     -0.002717145    9.1093825e-31   -1.6021766e-19    -9.156439e-20    3.5928856e-19             2307                1
     0.0023418153    4.9164806e-05      0.013339175     0.0003777091    -0.0067951591    0.00071844301    9.1093825e-31   -1.6021766e-19    -9.156439e-20    3.5928856e-19             2061                1
    -0.0028699513    7.8826706e-05    -0.0057280241   -0.00030585885     0.0097665219    0.00027023314    9.1093825e-31   -1.6021766e-19    -9.156439e-20    3.5928856e-19             2169                1
   -6.1252126e-06    1.3316392e-05      0.013814205    0.00078717101    -0.0093462551     0.0010999034    9.1093825e-31   -1.6021766e-19    -9.156439e-20    3.5928856e-19             2069                1
   -0.00011074405    2.3272078e-05     0.0035029072     0.0013429913     0.0041396446    -0.0028605838    9.1093825e-31   -1.6021766e-19    -9.156439e-20    3.5928856e-19             2172                1
     0.0054084924    2.8140863e-05     0.0020362623     0.0005710391    7.3324212e-05     0.0025721397    9.1093825e-31   -1.6021766e-19    -9.156439e-20    3.5928856e-19               20                0
     0.0075651356     8.744858e-06    -0.0099797789    0.00042329892    0.00039819442   -0.00089854031    9.1093825e-31   -1.6021766e-19    -9.156439e-20    3.5928856e-19              786                0
     -0.008892687    9.3946364e-05    -0.0045714299   -0.00061439077    0.00069727562    0.00089890172    9.1093825e-31   -1.6021766e-19    -9.156439e-20    3.5928856e-19              849                0
     0.0078684883    4.8585866e-06     0.0028268176    -0.0010973344   -0.00071047293    1.7565204e-05    9.1093825e-31   -1.6021766e-19    -9.156439e-20    3.5928856e-19              869                0
       0.00864565    7.8557809e-05     0.0039950558   -0.00071695726    0.00052027078    -0.0011707804    9.1093825e-31   -1.6021766e-19    -9.156439e-20    3.5928856e-19               36                0
   -5.6036315e-05    9.1473114e-05     0.0036555934     0.0011947928      0.011395629   -7.2668816e-05    9.1093825e-31   -1.6021766e-19    -9.156439e-20    3.5928856e-19             2183                1
      0.002049203    4.3091979e-05      0.010706822     0.0049737911    -0.0072182715   -6.7130502e-05    9.1093825e-31   -1.6021766e-19    -9.156439e-20    3.5928856e-19             2188                1
   -6.7130415e-05    3.5807345e-05     0.0037660282     0.0027581197      0.006010504     0.0062286342    9.1093825e-31   -1.6021766e-19    -9.156439e-20    3.5928856e-19             2192                1
     0.0060359403      6.85985e-05      0.011914572   -0.00067602005    -0.0018884629     0.0020729746    9.1093825e-31   -1.6021766e-19    -9.156439e-20    3.5928856e-19              280                0
    -0.0047448645    2.4470351e-05    -0.0082160048    -0.0014522825     0.0018026999     0.0017521069    9.1093825e-31   -1.6021766e-19    -9.156439e-20    3.5928856e-19              591                0
    -0.0093423687    8.3808831e-05     0.0025692624    0.00081151747    0.00044740309    0.00012263883    9.1093825e-31   -1.6021766e-19    -9.156439e-20    3.5928856e-19               44                0
     0.0033632058    9.5996184e-06     0.0091321357     0.0035669431       0.00626982    -0.0028536106    9.1093825e-31   -1.6021766e-19    -9.156439e-20    3.5928856e-19             2302                1
     0.0018956655    9.9026787e-05     -0.012569317   -0.00079704431    -0.0033348205      0.003964216    9.1093825e-31   -1.6021766e-19    -9.156439e-20    3.5928856e-19             2320                1
     0.0028523288    4.7049041e-05     0.0099375099    0.00036218853    -0.0026641374   -0.00023468798    9.1093825e-31   -1.6021766e-19    -9.156439e-20    3.5928856e-19              177                0
   -0.00052035163    3.2467964e-05     -0.002509641     0.0023600904     0.0063954294     0.0022442786    9.1093825e-31   -1.6021766e-19    -9.156439e-20    3.5928856e-19             2142                1
     0.0018975589     1.144309e-05      0.010598342    0.00087725412     0.0019612929     0.0011480863    9.1093825e-31   -1.6021766e-19    -9.156439e-20    3.5928856e-19             2249                1
   -8.8359739e-05    8.3621882e-05       0.00435072    -0.0004964809     0.0093485881    -0.0032587049    9.1093825e-31   -1.6021766e-19    -9.156439e-20    3.5928856e-19             2175                1
    -0.0083361194    4.1450188e-05     0.0036618572    0.00097262097   -0.00042174125    -0.0031899374    9.1093825e-31   -1.6021766e-19    -9.156439e-20    3.5928856e-19              184                0
    -0.0018448486    5.8136684e-05     0.0039702994    -0.0013960003   -0.00053214241     9.144425e-05    9.1093825e-31   -1.6021766e-19    -9.156439e-20    3.5928856e-19              699                0
    -0.0076323883    3.1131356e-05    -0.0048725293    -0.0028575102     0.0005053269    0.00034545545    9.1093825e-31   -1.6021766e-19    -9.156439e-20    3.5928856e-19              243                0
     0.0012230715    7.8321482e-06      0.011366372    -0.0060456977    -0.0092331609     0.0010855284    9.1093825e-31   -1.6021766e-19    -9.156439e-20    3.5928856e-19             2101                1
    -0.0086281141    4.2551619e-05     0.0021075392    0.00043765205   -0.00010733811   -0.00017254382    9.1093825e-31   -1.6021766e-19    -9.156439e-20    3.5928856e-19              264                0
     0.0050890376    4.1270516e-05     0.0002951888    0.00022682198    0.00065982295    -0.0012758828    9.1093825e-31   -1.6021766e-19    -9.156439e-20    3.5928856e-19              284                0
    -0.0055738306    6.4718756e-07     0.0055851215    0.00082239974    -0.0012424462   -0.00045458929    9.1093825e-31   -1.6021766e-19    -9.156439e-20    3.5928856e-19              906                0
     0.0013338234    3.0682513e-05      0.002463548     0.0026475773      0.005489077      0.001099583    9.1093825e-31   -1.6021766e-19    -9.156439e-20    3.5928856e-19             2178                1
    -0.0016125954    7.6526949e-06      0.010667993    -0.0049001076     0.0030730877    -0.0011980775    9.1093825e-31   -1.6021766e-19    -9.156439e-20    3.5928856e-19             2287                1
    -0.0013244209    7.2126008e-05     -0.014176755    -0.0034758872    -0.0067419009    -0.0038016052    9.1093825e-31   -1.6021766e-19    -9.156439e-20    3.5928856e-19             2255                1
   -0.00098890346    2.3000594e-05    -0.0021062226   -7.0500311e-05     0.0022479931    0.00019075199    9.1093825e-31   -1.6021766e-19    -9.156439e-20    3.5928856e-19              384                0
    -0.0029987439    6.2396917e-05     -0.010341628     -0.001443163    -0.0072787381     0.0026269073    9.1093825e-31   -1.6021766e-19    -9.156439e-20    3.5928856e-19             2251                1
     0.0040451079    7.5559379e-05    -0.0069717215    0.00058548065       0.00823458   -3.3428561e-05    9.1093825e-31   -1.6021766e-19    -9.156439e-20    3.5928856e-19             2141                1
    -0.0092211347    5.8842354e-05   -0.00045148731    1.9840643e-05    7.6274613e-05    0.00067071337    9.1093825e-31   -1.6021766e-19    -9.156439e-20    3.5928856e-19              444                0
    -0.0059369844    8.1064236e-06    -0.0019590219    0.00021585336     0.0014026847    -0.0010526524    9.1093825e-31   -1.6021766e-19    -9.156439e-20    3.5928856e-19              464                0
    -0.0012904947    1.0097937e-06     0.0067377482   -0.00058240438    -0.0072530666     0.0027851472    9.1093825e-31   -1.6021766e-19    -9.156439e-20    3.5928856e-19             2122                1
     0.0055333916    4.3290409e-05     0.0092638396     0.0015728644    -0.0012858128     0.0017080979    9.1093825e-31   -1.6021766e-19    -9.156439e-20    3.5928856e-19             1322                1
      0.005053489    6.7506176e-06     0.0072093438    -0.0016229416     0.0047989814    -0.0035844368    9.1093825e-31   -1.6021766e-19    -9.156439e-20    3.5928856e-19             2304                1
     0.0014534693    7.7568759e-05    -0.0089385686   -0.00067457004    -0.0061771679   -0.00024712691    9.1093825e-31   -1.6021766e-19    -9.156439e-20    3.5928856e-19             2275                1
     0.0084313685    3.4340504e-05    -0.0038713752   -0.00065906538    0.00081282819    0.00088351074    9.1093825e-31   -1.6021766e-19    -9.156439e-20    3.5928856e-19              564                0
     0.0039913761    8.4760759e-05     -0.011748323    -0.0047204383     0.0065746401     0.0025088468    9.1093825e-31   -1.6021766e-19    -9.156439e-20    3.5928856e-19             2105                1
    -0.0041243215    9.8694705e-05    -0.0096814288     0.0036503826     -0.001137187     0.0017442316    9.1093825e-31   -1.6021766e-19    -9.156439e-20    3.5928856e-19             2310                1
      0.004155078    9.4181421e-05    -0.0087256217     0.0010329168    -0.0035338823    -0.0018005427    9.1093825e-31   -1.6021766e-19    -9.156439e-20    3.5928856e-19             2298                1
     0.0050875396    2.9529454e-05    0.00018426294     0.0072049615     0.0051381798     -0.000735068    9.1093825e-31   -1.6021766e-19    -9.156439e-20    3.5928856e-19             2184                1
    -0.0068375538    5.9828959e-05    0.00082309759    0.00023267308    0.00081545912   -8.8526023e-05    9.1093825e-31   -1.6021766e-19    -9.156439e-20    3.5928856e-19              664                0
    -0.0077013951    2.1938538e-05     -0.014889521    0.00079291139   -0.00041242683    0.00073509855    9.1093825e-31   -1.6021766e-19    -9.156439e-20    3.5928856e-19              684                0
     0.0033977062    3.3391207e-05     0.0047462001   -0.00021183964   -0.00076677417    -0.0018780821    9.1093825e-31   -1.6021766e-19    -9.156439e-20    3.5928856e-19              704                0
    -0.0026728748    9.4575953e-05     -0.014308159    -0.0014673159     0.0015076072    0.00011303998    9.1093825e-31   -1.6021766e-19    -9.156439e-20    3.5928856e-19              494                0
    -0.0066179736    6.0817605e-05     0.0094029326     0.0010443672   -0.00089564093     0.0016269665    9.1093825e-31   -1.6021766e-19    -9.156439e-20    3.5928856e-19              871                0
    -0.0040906942    4.5829929e-05     -0.012637994    0.00024903865     0.0039063566   -0.00032124203    9.1093825e-31   -1.6021766e-19    -9.156439e-20    3.5928856e-19             2176                1
     -0.006676916    8.3274499e-05     -0.010927763    0.00098956411     0.0011365238    0.00099942158    9.1093825e-31   -1.6021766e-19    -9.156439e-20    3.5928856e-19              125                0
    -0.0050983597    6.4290056e-05      0.013370318    0.00096092536    -0.0019442271    0.00043495867    9.1093825e-31   -1.6021766e-19    -9.156439e-20    3.5928856e-19              804                0
     0.0040154322     3.327211e-05      -0.01270548    0.00035603429     0.0011674005    -0.0025110389    9.1093825e-31   -1.6021766e-19    -9.156439e-20    3.5928856e-19              266                0
    9.2382455e-05    8.9235436e-05     -0.011907502    0.00032271128     0.0029432545      0.003116166    9.1093825e-31   -1.6021766e-19    -9.156439e-20    3.5928856e-19              483                0
    -0.0024707853    7.0246409e-05    -0.0021695287   -0.00074883347     0.0095477412     0.0033336359    9.1093825e-31   -1.6021766e-19    -9.156439e-20    3.5928856e-19             2168                1
    -0.0027756817    8.3553095e-05    -0.0089343665     0.0011548926      0.003363848     0.0011479361    9.1093825e-31   -1.6021766e-19    -9.156439e-20    3.5928856e-19              360                0
    -0.0040520118    6.4114509e-05    -0.0096769305     0.0048147598    -0.0051820795    -0.0011608338    9.1093825e-31   -1.6021766e-19    -9.156439e-20    3.5928856e-19             2224                1
    0.00042829852    8.9493078e-05    -0.0075606364     0.0042076008   -5.7639911e-05    0.00048692452    9.1093825e-31   -1.6021766e-19    -9.156439e-20    3.5928856e-19             2215                1
     0.0014797805    9.2679998e-05    -0.0050582858    -0.0022733414     0.0093109263     0.0058389907    9.1093825e-31   -1.6021766e-19    -9.156439e-20    3.5928856e-19             2056                1
    0.00054007134    6.7294313e-05     -0.011869725    3.5507957e-05     0.0027831306    0.00023203802    9.1093825e-31   -1.6021766e-19    -9.156439e-20    3.5928856e-19              958                0
     0.0015293492    7.6028708e-05    -0.0051221098    0.00082253228     0.0094077801   -0.00061444007    9.1093825e-31   -1.6021766e-19    -9.156439e-20    3.5928856e-19             2145                1
      -0.00678501     6.907912e-05      0.012239424    0.00033849425     -0.001303188    0.00066882826    9.1093825e-31   -1.6021766e-19    -9.156439e-20    3.5928856e-19              988                0
     0.0075085168    5.5125161e-06     0.0086958455    -0.0013767561    -0.0014612755   -0.00062275719    9.1093825e-31   -1.6021766e-19    -9.156439e-20    3.5928856e-19              867                0
    -0.0015034041    8.0068945e-05      -0.01243295    -0.0086985612    -0.0042026141    -0.0062658717    9.1093825e-31   -1.6021766e-19    -9.156439e-20    3.5928856e-19             2233                1
    -0.0015322368    3.8009512e-05     -0.011257777   -5.0787723e-05    -0.0097917281   -3.5438687e-05    9.1093825e-31   -1.6021766e-19    -9.156439e-20    3.5928856e-19             2229                1
    -0.0033115163    6.3922438e-05     0.0062324433    0.00072197092     0.0086435182     0.0030901474    9.1093825e-31   -1.6021766e-19    -9.156439e-20    3.5928856e-19             2201                1
    -0.0012997778    6.1214007e-05     -0.014237875     0.0038532165    -0.0099322395   -0.00052981806    9.1093825e-31   -1.6021766e-19    -9.156439e-20    3.5928856e-19             2266                1
     0.0032002269    4.4079301e-05       0.01410329     0.0050487332    -0.0072062733    -0.0073164725    9.1093825e-31   -1.6021766e-19    -9.156439e-20    3.5928856e-19             2106                1
    -0.0052019064     2.104217e-18     0.0068672555     0.0023753711    -0.0019356624     0.0021942966    9.1093825e-31   -1.6021766e-19    -9.156439e-20    3.5928856e-19              982                0
     0.0015730513    4.9731949e-05     0.0025043199   -0.00058852253     0.0084963711    -0.0037577217    9.1093825e-31   -1.6021766e-19    -9.156439e-20    3.5928856e-19             2207                1
      0.000919657    1.3642714e-05     0.0078547494     0.0053869099     0.0034372907    0.00064937409    9.1093825e-31   -1.6021766e-19    -9.156439e-20    3.5928856e-19             2259                1
    -0.0025678487    2.5579417e-05     0.0061348942     0.0013161295      -0.00189906    0.00040522905    9.1093825e-31   -1.6021766e-19    -9.156439e-20    3.5928856e-19              485                0
     0.0041470174    8.1101949e-05     -0.011640281   -0.00064544094    -0.0070154876    -0.0016453393    9.1093825e-31   -1.6021766e-19    -9.156439e-20    3.5928856e-19             2282                1
     0.0033570705    9.9495264e-06   -0.00094857364   -0.00030024801     0.0038836522    0.00027437598    9.1093825e-31   -1.6021766e-19    -9.156439e-20    3.5928856e-19             2276                1
     0.0058492357    4.1616468e-06    -0.0049790489    -0.0012917134    9.7426258e-05    -0.0021880982    9.1093825e-31   -1.6021766e-19    -9.156439e-20    3.5928856e-19             1641                1
    -0.0010743722    4.0916533e-05     0.0059271678     0.0033771771     0.0095957965     0.0021120962    9.1093825e-31   -1.6021766e-19    -9.156439e-20    3.5928856e-19             2261                1
     0.0042194342    7.0163922e-05     -0.014803041      0.001113718    -0.0073643709     0.0029768264    9.1093825e-31   -1.6021766e-19    -9.156439e-20    3.5928856e-19             2263                1
    -0.0055058235    9.1195798e-05     -0.014253304   -0.00025742664     0.0061538988   -0.00077920826    9.1093825e-31   -1.6021766e-19    -9.156439e-20    3.5928856e-19             2140                1
    5.7005658e-05    3.8216996e-05    -0.0011314544     0.0015393799      0.006948649     0.0014185185    9.1093825e-31   -1.6021766e-19    -9.156439e-20    3.5928856e-19             2164                1
     0.0012335635     1.805582e-05      0.011408184    -0.0043879254     0.0025361045     0.0017162021    9.1093825e-31   -1.6021766e-19    -9.156439e-20    3.5928856e-19             2240                1
   -0.00036997165    3.0956588e-05    0.00034483225   -0.00097900524     0.0047126836    0.00074229401    9.1093825e-31   -1.6021766e-19    -9.156439e-20    3.5928856e-19             2070                1
   -0.00061505358     8.204583e-05    -0.0082280403     0.0068512186    -0.0024082318   -0.00017208557    9.1093825e-31   -1.6021766e-19    -9.156439e-20    3.5928856e-19             2234                1
    -0.0037859702    3.2300835e-05      0.011564688    -0.0010981547     0.0040092734     0.0013560747    9.1093825e-31   -1.6021766e-19    -9.156439e-20    3.5928856e-19             2221                1
     0.0017993135    8.6695973e-06      0.012161754    0.00081104931     0.0051110093    0.00085894199    9.1093825e-31   -1.6021766e-19    -9.156439e-20    3.5928856e-19             2301                1
    -0.0029358927    6.4715474e-05     -0.014464174   -1.0803111e-05    0.00097944506    -0.0013825683    9.1093825e-31   -1.6021766e-19    -9.156439e-20    3.5928856e-19              422                0
    -0.0017077235    1.4245882e-05      0.010631172    -0.0025655641     0.0048842072    -0.0067577064    9.1093825e-31   -1.6021766e-19    -9.156439e-20    3.5928856e-19             2279                1
     0.0018492949    4.1346029e-05      0.011971956    -0.0015319414    -0.0084496699    -0.0012796045    9.1093825e-31   -1.6021766e-19    -9.156439e-20    3.5928856e-19             2199                1
    -0.0039748522    4.8232309e-06      0.011592851    -0.0017335275      -0.01086054    -0.0039651673    9.1093825e-31   -1.6021766e-19    -9.156439e-20    3.5928856e-19             2179                1
    -0.0042621619    6.0873743e-05      0.010339367    -0.0028722105    -0.0021790809     0.0010088281    9.1093825e-31   -1.6021766e-19    -9.156439e-20    3.5928856e-19              687                0
    -0.0014705266    9.8071636e-05     -0.011237849     0.0057622916    -0.0033621457    0.00026499142    9.1093825e-31   -1.6021766e-19    -9.156439e-20    3.5928856e-19             2315                1
   -0.00058001961    7.3617077e-05    -0.0082554081     0.0040342584    -0.0032718205     0.0022096359    9.1093825e-31   -1.6021766e-19    -9.156439e-20    3.5928856e-19             2230                1
     0.0016093801    1.1395618e-05     0.0036266248    -0.0018882187    -0.0044252085    -0.0026036489    9.1093825e-31   -1.6021766e-19    -9.156439e-20    3.5928856e-19             2107                1
     0.0053566033    4.3750635e-05     0.0033071944    0.00022006352   -0.00035588429   -0.00070544472    9.1093825e-31   -1.6021766e-19    -9.156439e-20    3.5928856e-19              581                0
     0.0010896798     8.953848e-05    -0.0066126748   -0.00063604082    -0.0048691952     0.0067463578    9.1093825e-31   -1.6021766e-19    -9.156439e-20    3.5928856e-19             2293                1
    -0.0025325685    9.5036434e-05    0.00066549197     0.0052269488     0.0040468173     -0.004598496    9.1093825e-31   -1.6021766e-19    -9.156439e-20    3.5928856e-19             1768                1
     0.0013943203    4.6333345e-05     0.0016848739   -0.00010096127    0.00077931827    -0.0016365302    9.1093825e-31   -1.6021766e-19    -9.156439e-20    3.5928856e-19              641                0
    -0.0010308856    2.5458681e-05      0.006058651     0.0029796876     0.0055746026   -0.00089811999    9.1093825e-31   -1.6021766e-19    -9.156439e-20    3.5928856e-19             2242                1
     0.0014721163    9.1039386e-05     -0.008927851    -0.0025490506     -0.005769127   -6.1243692e-05    9.1093825e-31   -1.6021766e-19    -9.156439e-20    3.5928856e-19             2303                1
    -0.0012223156    3.0203222e-05     0.0055570914     1.293821e-05      0.006857371    8.5202584e-05    9.1093825e-31   -1.6021766e-19    -9.156439e-20    3.5928856e-19             2247                1
    -0.0069486736    2.0126037e-05     -0.014226465    -0.0018063941    7.9318866e-05    -0.0001451252    9.1093825e-31   -1.6021766e-19    -9.156439e-20    3.5928856e-19              394                0
     0.0033380827    3.6653262e-05     0.0079497378     0.0011632771    -0.0058349636      0.002950408    9.1093825e-31   -1.6021766e-19    -9.156439e-20    3.5928856e-19             2165                1
    -0.0067724492    3.1883646e-05      0.002613635   -0.00038956435     0.0050791474   -4.8565198e-05    9.1093825e-31   -1.6021766e-19    -9.156439e-20    3.5928856e-19             2211                1
    -0.0029201051    9.7315744e-05     -0.010514881     0.0032673387     0.0073009254    -0.0031773781    9.1093825e-31   -1.6021766e-19    -9.156439e-20    3.5928856e-19             2002                1
    -0.0024760873    7.5749558e-05    -0.0021499584     0.0011290975      0.008894654   -0.00023976788    9.1093825e-31   -1.6021766e-19    -9.156439e-20    3.5928856e-19             2130                1
     0.0093834139    6.3666339e-05     -0.004234788    0.00046810668    9.8410179e-05     0.0016113878    9.1093825e-31   -1.6021766e-19    -9.156439e-20    3.5928856e-19              821                0
     0.0044185789    6.6874854e-05    -0.0019415363    -0.0075888429     0.0076672295     0.0038169238    9.1093825e-31   -1.6021766e-19    -9.156439e-20    3.5928856e-19             2137                1
   -4.3188989e-05    4.0867675e-05      0.013822618   -3.2576652e-05     0.0061409976    0.00044355539    9.1093825e-31   -1.6021766e-19    -9.156439e-20    3.5928856e-19             2245                1
    -0.0030141904    7.0018839e-05      -0.01034972    -0.0043335026    -0.0058562462     0.0011129526    9.1093825e-31   -1.6021766e-19    -9.156439e-20    3.5928856e-19             2250                1
     0.0016250232    5.7561523e-05     0.0073728724     0.0002516479     0.0075009097   -0.00053426559    9.1093825e-31   -1.6021766e-19    -9.156439e-20    3.5928856e-19             2203                1
    0.00015628406    3.6995287e-05    -0.0011174498     0.0016074438     0.0068465462     0.0048088087    9.1093825e-31   -1.6021766e-19    -9.156439e-20    3.5928856e-19             2166                1
    -0.0091860266    9.9463368e-06       0.01219415    0.00079965597    -0.0010137813   -0.00012284059    9.1093825e-31   -1.6021766e-19    -9.156439e-20    3.5928856e-19              938                0
      0.001591433    2.5291636e-05     0.0073678698    -0.0037854807      0.003621175    -0.0011373822    9.1093825e-31   -1.6021766e-19    -9.156439e-20    3.5928856e-19             2202                1
     0.0015676812     3.667831e-05     -0.012937033    -0.0021034335     -0.010594157    0.00018411754    9.1093825e-31   -1.6021766e-19    -9.156439e-20    3.5928856e-19             2228                1
     0.0013317331    2.7608399e-05      0.011346169   -0.00035516021     0.0066246949    0.00022126593    9.1093825e-31   -1.6021766e-19    -9.156439e-20    3.5928856e-19             2268                1
   -0.00079830043    7.9725331e-05     -0.002797843    -0.0053548324       0.01158316     0.0018772369    9.1093825e-31   -1.6021766e-19    -9.156439e-20    3.5928856e-19             2189                1
    -0.0083835777    5.4584239e-06     0.0084986473     0.0007281343   -0.00065360515   -0.00013098016    9.1093825e-31   -1.6021766e-19    -9.156439e-20    3.5928856e-19               58                0
     0.0090407906    3.5234694e-05     -0.012647465     0.0013709156     0.0022242658    -0.0021546148    9.1093825e-31   -1.6021766e-19    -9.156439e-20    3.5928856e-19             2078                1
    -0.0011796337       8.2969e-06     0.0066430788    0.00056784571    -0.0059048403     0.0020979482    9.1093825e-31   -1.6021766e-19    -9.156439e-20    3.5928856e-19             1979                1
     0.0041236277    4.3680189e-05     0.0011206061    -0.0015622943    0.00039252595    -0.0015105606    9.1093825e-31   -1.6021766e-19    -9.156439e-20    3.5928856e-19              118                0
     0.0063249082    9.8125587e-05     -0.011448982      0.002082163     0.0016266651    0.00039850853    9.1093825e-31   -1.6021766e-19    -9.156439e-20    3.5928856e-19               51                0
     -0.009435921     2.804104e-05    -0.0036409548    0.00052454113    0.00050551433    0.00042820812    9.1093825e-31   -1.6021766e-19    -9.156439e-20    3.5928856e-19              158                0
     0.0033394245    4.4573106e-05    -0.0074989349     0.0028391872    -0.0068063154    0.00093899132    9.1093825e-31   -1.6021766e-19    -9.156439e-20    3.5928856e-19             2219                1
   -0.00071529573    8.6863496e-05    -0.0027158479     0.0056670862   -0.00078262069     0.0061837472    9.1093825e-31   -1.6021766e-19    -9.156439e-20    3.5928856e-19             2252                1
    0.00039297849    6.3288899e-05    -0.0038108598     0.0017812707      0.010395929      0.004942189    9.1093825e-31   -1.6021766e-19    -9.156439e-20    3.5928856e-19             2205                1
   -0.00086849439    9.7064083e-05    -0.0059356564   -0.00060082169   -0.00093167042    -0.0011769338    9.1093825e-31   -1.6021766e-19    -9.156439e-20    3.5928856e-19             2288                1
     0.0068834294    6.0515824e-05     -0.013570489   -0.00047298588     0.0010269714     0.0009420428    9.1093825e-31   -1.6021766e-19    -9.156439e-20    3.5928856e-19              213                0
     0.0009123424     3.925266e-05     0.0078226114     0.0039083799     0.0086200321    -0.0058409735    9.1093825e-31   -1.6021766e-19    -9.156439e-20    3.5928856e-19             2260                1
    -0.0028153074    7.2167786e-05    -0.0069321129     0.0036416221     0.0084424652     0.0041860458    9.1093825e-31   -1.6021766e-19    -9.156439e-20    3.5928856e-19             2149                1
    -0.0060774563    9.2556736e-05    -0.0030513981     0.0021402368     0.0019841334   -0.00071804144    9.1093825e-31   -1.6021766e-19    -9.156439e-20    3.5928856e-19              318                0
    -0.0091511859      8.90019e-05    -0.0043456345    -0.0027739208    0.00071023352    0.00050328899    9.1093825e-31   -1.6021766e-19    -9.156439e-20    3.5928856e-19              723                0
      0.002260112    2.5634121e-05   -3.6215304e-05    -0.0049787625     0.0062645916    -0.0024785558    9.1093825e-31   -1.6021766e-19    -9.156439e-20    3.5928856e-19             2232                1
     0.0023956159    8.8260676e-05    -0.0092750601    -0.0015762618     0.0092518898   -0.00017217836    9.1093825e-31   -1.6021766e-19    -9.156439e-20    3.5928856e-19             2167                1
     0.0019390173    6.8449932e-05     -0.012625327     0.0048534283    -0.0048181401    -0.0019301093    9.1093825e-31   -1.6021766e-19    -9.156439e-20    3.5928856e-19             2212                1
     0.0023428362    8.0902537e-05   -5.5523491e-05     0.0013669753      0.009577034    -0.0004843449    9.1093825e-31   -1.6021766e-19    -9.156439e-20    3.5928856e-19             2154                1
     0.0058630928      9.67302e-06     0.0030110413   -0.00044579743     0.0032494671    0.00013208629    9.1093825e-31   -1.6021766e-19    -9.156439e-20    3.5928856e-19             2271                1
     0.0018598983    5.5842011e-05    -0.0019658844   -0.00085955136     0.0085280659    -0.0027242408    9.1093825e-31   -1.6021766e-19    -9.156439e-20    3.5928856e-19             2174                1
    -0.0089365663    5.1151965e-06      0.013757109     0.0013380001   -0.00055633916   -0.00050234189    9.1093825e-31   -1.6021766e-19    -9.156439e-20    3.5928856e-19              503                0
     0.0011770915    8.4711304e-05    -0.0092301033   -0.00083281304     0.0085901543     0.0029482134    9.1093825e-31   -1.6021766e-19    -9.156439e-20    3.5928856e-19             2144                1
    -0.0088917837    8.1126658e-05    -0.0012364532    0.00077575358    0.00076346972    -0.0017875492    9.1093825e-31   -1.6021766e-19    -9.156439e-20    3.5928856e-19              518                0
    -0.0017138657    9.6785501e-05     -0.011125238     0.0027690139    -0.0034395263    -0.0023885837    9.1093825e-31   -1.6021766e-19    -9.156439e-20    3.5928856e-19             2312                1
     0.0032930919    6.0293663e-05     0.0079471143   -0.00073606352    -0.0020348618   -0.00054192141    9.1093825e-31   -1.6021766e-19    -9.156439e-20    3.5928856e-19              903                0
    -0.0085074399    3.7871614e-05      0.010150629    0.00099806185   -0.00032593211    0.00071633368    9.1093825e-31   -1.6021766e-19    -9.156439e-20    3.5928856e-19              578                0
   -0.00082647719    8.7527231e-05    -0.0084820092     0.0016466272     0.0090362085    -0.0042637405    9.1093825e-31   -1.6021766e-19    -9.156439e-20    3.5928856e-19             2127                1
     0.0082281977    3.0779345e-05     0.0096045127     0.0017311294   -0.00059388601    0.00014758925    9.1093825e-31   -1.6021766e-19    -9.156439e-20    3.5928856e-19              618                0
    0.00074074231    4.7991023e-05    -0.0040500821    0.00088646187     0.0070917639     0.0013237268    9.1093825e-31   -1.6021766e-19    -9.156439e-20    3.5928856e-19             2072                1
    -0.0073511419    9.4404459e-06    -0.0089656264     0.0022031299    0.00099738932   -0.00017566563    9.1093825e-31   -1.6021766e-19    -9.156439e-20    3.5928856e-19              725                0
     0.0010681679    7.4322837e-05    -0.0092733456     0.0018694694    -0.0094308639     -0.002490327    9.1093825e-31   -1.6021766e-19    -9.156439e-20    3.5928856e-19             2283                1
    -0.0007754484    9.0895235e-05    -0.0081215277     -0.006237525    -0.0046257996    -0.0058884276    9.1093825e-31   -1.6021766e-19    -9.156439e-20    3.5928856e-19             2296                1
    -0.0042749802    6.3062813e-05     -0.012205265   -0.00065502885    -0.0051268577     0.0014122366    9.1093825e-31   -1.6021766e-19    -9.156439e-20    3.5928856e-19             2208                1
    -0.0032781702    1.3559659e-05     0.0061545586    0.00058752822     0.0073411502   -0.00032721326    9.1093825e-31   -1.6021766e-19    -9.156439e-20    3.5928856e-19             2297                1
     0.0011813706    9.6407362e-05    -0.0067310962    0.00043292076     0.0057593132    -0.0028895561    9.1093825e-31   -1.6021766e-19    -9.156439e-20    3.5928856e-19             1814                1
   -0.00071556179    9.1934657e-05    -0.0083751697    0.00058842415    -0.0091027832    0.00020024742    9.1093825e-31   -1.6021766e-19    -9.156439e-20    3.5928856e-19             2314                1
     0.0016313988    3.0128931e-05      0.010600427    -0.0089571858    -0.0070587946    -0.0031488675    9.1093825e-31   -1.6021766e-19    -9.156439e-20    3.5928856e-19             2023                1
   -0.00018660835    4.3209588e-05     0.0034823949     0.0012077607     0.0091570765    -0.0053323391    9.1093825e-31   -1.6021766e-19    -9.156439e-20    3.5928856e-19             2235                1
    -0.0066707004    2.6938185e-05     0.0050674616    -0.0004479129   -0.00069456158     0.0010689041    9.1093825e-31   -1.6021766e-19    -9.156439e-20    3.5928856e-19              573                0
     0.0066265194    8.5875843e-05     -0.011506745   -0.00013933863     0.0016949857    0.00042407826    9.1093825e-31   -1.6021766e-19    -9.156439e-20    3.5928856e-19              274                0
     0.0009512775    7.2163915e-05     0.0026303045    -0.0047516706    0.00013674205     0.0037565413    9.1093825e-31   -1.6021766e-19    -9.156439e-20    3.5928856e-19             2162                1
     0.0041856477    7.4055919e-05    -0.0087451758    -0.0065980395     0.0071263742    -0.0066865496    9.1093825e-31   -1.6021766e-19    -9.156439e-20    3.5928856e-19             2095                1
   -4.5601726e-05    4.2559725e-05     0.0042993827     0.0034198649     0.0069745132    -0.0015578603    9.1093825e-31   -1.6021766e-19    -9.156439e-20    3.5928856e-19             2200                1
    -0.0060737813    3.0454023e-05    -0.0026584179     0.0063907639     0.0047659106    0.00064116932    9.1093825e-31   -1.6021766e-19    -9.156439e-20    3.5928856e-19             2177                1
    0.00037614894    9.9136232e-05    -0.0088011278     0.0039557614    -0.0043735951     0.0057870992    9.1093825e-31   -1.6021766e-19    -9.156439e-20    3.5928856e-19             2321                1
     0.0004616575    4.5441415e-05      0.000267725    0.00015607729     0.0092043523     0.0012169535    9.1093825e-31   -1.6021766e-19    -9.156439e-20    3.5928856e-19             2225                1
    -0.0063065505    2.4744792e-05     0.0054139686   -0.00083075865   -0.00084154471    -0.0027881756    9.1093825e-31   -1.6021766e-19    -9.156439e-20    3.5928856e-19              985                0
   -0.00098276325    2.4202349e-05     0.0056049498    0.00085265416     0.0037005648   -0.00033087595    9.1093825e-31   -1.6021766e-19    -9.156439e-20    3.5928856e-19             2185                1
     0.0076438733    6.6545501e-05    0.00066982675   -0.00055874098     0.0003067019     0.0012065849    9.1093825e-31   -1.6021766e-19    -9.156439e-20    3.5928856e-19              614                0
    -0.0027260755     1.152909e-05     0.0069902972   -0.00036668216     0.0081155067     0.0012347061    9.1093825e-31   -1.6021766e-19    -9.156439e-20    3.5928856e-19             2305                1
   -0.00078336621    3.1601485e-05    -0.0083902096     0.0034881576     0.0049566771    0.00040327245    9.1093825e-31   -1.6021766e-19    -9.156439e-20    3.5928856e-19             2204                1
    9.3005241e-05    5.8065827e-05     -0.013347643   -7.9035446e-05     0.0015717527    0.00029237886    9.1093825e-31   -1.6021766e-19    -9.156439e-20    3.5928856e-19               79                0
     0.0047744545    1.4281931e-05    -0.0035946392    -0.0022852784     0.0064321044    0.00087930477    9.1093825e-31   -1.6021766e-19    -9.156439e-20    3.5928856e-19             2289                1
    -0.0024397359    4.8191323e-05    -0.0021056517     0.0046555391     0.0070922226     0.0032305131    9.1093825e-31   -1.6021766e-19    -9.156439e-20    3.5928856e-19             2136                1
     0.0081754858    2.2978198e-05     -0.013375736   -0.00014852968     0.0013738511    0.00082620722    9.1093825e-31   -1.6021766e-19    -9.156439e-20    3.5928856e-19             1982                1
     0.0017232163    5.1594994e-05      0.012057064    -0.0059335944     0.0096621159    -0.0036386449    9.1093825e-31   -1.6021766e-19    -9.156439e-20    3.5928856e-19             2256                1
   -0.00082077069    1.1563795e-05     0.0068560638      0.010489955     0.0023041829    -0.0007580588    9.1093825e-31   -1.6021766e-19    -9.156439e-20    3.5928856e-19             2209                1
    0.00042692889     4.951415e-05    0.00021430496     0.0013994928     0.0092049353     0.0025762599    9.1093825e-31   -1.6021766e-19    -9.156439e-20    3.5928856e-19             2216                1
     0.0076513346    7.8073594e-05     0.0052693659    -0.0010204989   -0.00029656623     0.0030263811    9.1093825e-31   -1.6021766e-19    -9.156439e-20    3.5928856e-19              219                0
    -0.0043039951    9.1344678e-05    -0.0073057758     0.0020728451   -0.00094611297     0.0011047174    9.1093825e-31   -1.6021766e-19    -9.156439e-20    3.5928856e-19             2244                1
     0.0012327811    1.2307499e-06      0.011391412    0.00062380219    0.00058078329    0.00098492298    9.1093825e-31   -1.6021766e-19    -9.156439e-20    3.5928856e-19             2292                1
    -0.0029820355    6.1835617e-06    0.00012724023    -0.0029495035     0.0011428917    -0.0029537368    9.1093825e-31   -1.6021766e-19    -9.156439e-20    3.5928856e-19              303                0
   -0.00069618836    9.1878457e-05    -0.0082645416    -0.0016801571    -0.0035986153   -0.00047887757    9.1093825e-31   -1.6021766e-19    -9.156439e-20    3.5928856e-19             2291                1
     -0.008202075    4.5258519e-05    -0.0084726866      8.15108e-05    -0.0010590757    -0.0021891622    9.1093825e-31   -1.6021766e-19    -9.156439e-20    3.5928856e-19             1848                1
     0.0002202887    1.1527594e-05      0.012454279    -0.0032382763    -0.0088809188     -0.002093714    9.1093825e-31   -1.6021766e-19    -9.156439e-20    3.5928856e-19             2044                1
     0.0032595864    5.7749554e-07      0.012700015     0.0020285307     0.0058334148    -0.0022864989    9.1093825e-31   -1.6021766e-19    -9.156439e-20    3.5928856e-19             2322                1
   -0.00043557264     9.945764e-05    0.00031790001      0.002292888    -0.0054784557   -0.00036773644    9.1093825e-31   -1.6021766e-19    -9.156439e-20    3.5928856e-19             2323                1
     0.0019819876    1.0269669e-07      0.012134711    -0.0017148464     0.0010373432     -0.001213089    9.1093825e-31   -1.6021766e-19    -9.156439e-20    3.5928856e-19             2324                1
