%  ASCII export : 
%
%  Momentum is normalized to the product of particle's mass and speed of light.
%  All other quantities are in SI units.
%
%            posX             posY             posZ             momX             momY             momZ             mass           charge     macro-charge             time       particleID         sourceID

     0.0015218791    9.9974168e-05     -0.004903737    4.5670844e-05     0.0054365573     0.0044776513    9.1093825e-31   -1.6021766e-19    -9.156439e-20    4.7288716e-19             2522                1
    -0.0011213574    5.5644479e-05     0.0058534476     0.0024320984     0.0086746002      -0.00409282    9.1093825e-31   -1.6021766e-19    -9.156439e-20    4.7288716e-19             2716                1
     -0.001629958    2.4339415e-05     -0.012526497    -0.0018074771    -0.0091662137    -0.0024809779    9.1093825e-31   -1.6021766e-19    -9.156439e-20    4.7288716e-19             2638                1
    -0.0026118695    2.0362822e-05    5.3103857e-05   -0.00030475835     0.0024341384   -0.00056176528    9.1093825e-31   -1.6021766e-19    -9.156439e-20    4.7288716e-19              348                0
     0.0024364067    7.4126641e-05    -0.0093273073    0.00032692877    -0.0075648087    0.00042469372    9.1093825e-31   -1.6021766e-19    -9.156439e-20    4.7288716e-19             2848                1
   -3.2063632e-05    7.0955102e-05     0.0037279751   -0.00025467976    -0.0055420352    -0.0043245028    9.1093825e-31   -1.6021766e-19    -9.156439e-20    4.7288716e-19             2844                1
     0.0024745432     5.613704e-05    -0.0077324207   -0.00055981375     -0.008207472     0.0029265711    9.1093825e-31   -1.6021766e-19    -9.156439e-20    4.7288716e-19             2787                1
   -0.00064539938     5.313248e-05     -0.012210916    0.00042583793    -0.0027817772     -0.001182518    9.1093825e-31   -1.6021766e-19    -9.156439e-20    4.7288716e-19               55                0
   -0.00093891821    9.3175353e-05    -0.0028467458   -0.00027225434    -0.0035674253   -0.00059440895    9.1093825e-31   -1.6021766e-19    -9.156439e-20    4.7288716e-19             2876                1
      0.001636657    4.6119298e-05      0.012057289    -0.0005207241     0.0072167376     0.0037689935    9.1093825e-31   -1.6021766e-19    -9.156439e-20    4.7288716e-19             2728                1
     0.0044135167    2.6520695e-05     0.0052549373   -0.00054976641     0.0022423647    -0.0003833326    9.1093825e-31   -1.6021766e-19    -9.156439e-20    4.7288716e-19              154                0
     0.0066117076    7.7305049e-05     -0.013308817     0.0014362718     -0.001274669     0.0013950951    9.1093825e-31   -1.6021766e-19    -9.156439e-20    4.7288716e-19              488                0
    -0.0024937256    4.6467998e-05     -0.014804283    -0.0012276971    -0.0031993692    0.00063727447    9.1093825e-31   -1.6021766e-19    -9.156439e-20    4.7288716e-19               27                0
   -0.00050068233    4.3591699e-05    -0.0081905518    0.00084043224    -0.0089932894    -0.0046937871    9.1093825e-31   -1.6021766e-19    -9.156439e-20    4.7288716e-19             2754                1
     0.0013558082    1.0801518e-05     -0.013038903    -0.0009159075     0.0033255238    -0.0058125714    9.1093825e-31   -1.6021766e-19    -9.156439e-20    4.7288716e-19             2865                1
     0.0011687394    2.9710054e-05    -0.0068073394    -0.0019057241    -0.0098514454    -2.562573e-05    9.1093825e-31   -1.6021766e-19    -9.156439e-20    4.7288716e-19             2740                1
    -0.0022942082    9.0311609e-05     0.0029427723     0.0005205276    -0.0069272774   -0.00073079299    9.1093825e-31   -1.6021766e-19    -9.156439e-20    4.7288716e-19             2889                1
    -0.0016438977    5.8484809e-05     -0.011145478    -0.0020139797    -0.0074977591     0.0022688224    9.1093825e-31   -1.6021766e-19    -9.156439e-20    4.7288716e-19             2731                1
      0.008811852     6.074968e-06    0.00017907516     0.0020893028    8.8559827e-05    0.00017314701    9.1093825e-31   -1.6021766e-19    -9.156439e-20    4.7288716e-19              386                0
     0.0058069169    7.6128992e-05    -0.0049974523    -0.0012180043     0.0036426266     1.819058e-05    9.1093825e-31   -1.6021766e-19    -9.156439e-20    4.7288716e-19             2458                1
     0.0024193008     9.937783e-05   -9.7017124e-05     0.0038127424     0.0085352538    -0.0014628021    9.1093825e-31   -1.6021766e-19    -9.156439e-20    4.7288716e-19             2597                1
   -1.0594855e-05    9.3867682e-05    -0.0074520502     0.0076671136     0.0034585618     0.0033120508    9.1093825e-31   -1.6021766e-19    -9.156439e-20    4.7288716e-19             2488                1
    -0.0051717041    4.8081842e-05     0.0089338413     0.0014590132     0.0010223122      -0.00043903    9.1093825e-31   -1.6021766e-19    -9.156439e-20    4.7288716e-19              355                0
     0.0076372121    2.8489922e-05     -0.011865862   -0.00081820326    -0.0010454088    0.00070944475    9.1093825e-31   -1.6021766e-19    -9.156439e-20    4.7288716e-19              451                0
     0.0010899366    8.7214088e-05      0.005780553     0.0015055382      0.011516803     -0.010131706    9.1093825e-31   -1.6021766e-19    -9.156439e-20    4.7288716e-19             2709                1
    -0.0064256475    3.6914324e-05    -0.0019908231   -0.00013792017     0.0011372197    0.00093354116    9.1093825e-31   -1.6021766e-19    -9.156439e-20    4.7288716e-19               32                0
     0.0011128486    1.8865554e-05      0.013556878    0.00026186326     0.0049926047    0.00031150557    9.1093825e-31   -1.6021766e-19    -9.156439e-20    4.7288716e-19             2824                1
     0.0081946515    2.7074739e-05    0.00061229279    -0.0016506312    0.00059158099   -0.00062175025    9.1093825e-31   -1.6021766e-19    -9.156439e-20    4.7288716e-19              455                0
     0.0017161159    9.8886485e-05     0.0073687262      0.001525757      0.011202108    6.6386267e-05    9.1093825e-31   -1.6021766e-19    -9.156439e-20    4.7288716e-19             2660                1
    -0.0011535583    3.2147047e-05     -0.012491735     0.0096331136    -0.0094409147    -0.0010660877    9.1093825e-31   -1.6021766e-19    -9.156439e-20    4.7288716e-19             2684                1
   -0.00084685546    4.9210801e-05    -0.0028060083     0.0014916903    -0.0094976928    -0.0020333133    9.1093825e-31   -1.6021766e-19    -9.156439e-20    4.7288716e-19             2821                1
   -0.00086525088    4.1104737e-05    -0.0028744703     0.0014854782     -0.010721649   -0.00066750747    9.1093825e-31   -1.6021766e-19    -9.156439e-20    4.7288716e-19             2817                1
     0.0019380196    3.7586218e-05      0.012110808   -0.00071485242    -0.0021601885   -2.4017772e-05    9.1093825e-31   -1.6021766e-19    -9.156439e-20    4.7288716e-19             2645                1
     0.0013792854    7.2270507e-07     -0.013024945     0.0078678308   -0.00044207351   -0.00058884593    9.1093825e-31   -1.6021766e-19    -9.156439e-20    4.7288716e-19             2866                1
    0.00043500017    5.7842135e-05     -0.008716655    0.00046723263    -0.0091945175    -0.0035007519    9.1093825e-31   -1.6021766e-19    -9.156439e-20    4.7288716e-19             2819                1
      0.001295015    8.5719003e-05     0.0024380381    0.00016583008    -0.0019901055    0.00010248626    9.1093825e-31   -1.6021766e-19    -9.156439e-20    4.7288716e-19             2832                1
     0.0011415232    5.0110462e-05    -0.0068508536    -0.0047989544    -0.0076990174    -0.0046561076    9.1093825e-31   -1.6021766e-19    -9.156439e-20    4.7288716e-19             2741                1
    -0.0031352341    9.4200535e-05    -0.0017814043     -0.000802783    -0.0018150095    0.00073386106    9.1093825e-31   -1.6021766e-19    -9.156439e-20    4.7288716e-19             2842                1
   -0.00098882674           0.0001     0.0055835084     0.0010581502      0.012244366    0.00018441566    9.1093825e-31   -1.6021766e-19    -9.156439e-20    4.7288716e-19             2694                1
     -0.006513142    2.0487079e-05     0.0038624217     0.0030703389     0.0015060828    -0.0015916281    9.1093825e-31   -1.6021766e-19    -9.156439e-20    4.7288716e-19              695                0
    -0.0013853525    3.3695338e-05     -0.011146693    0.00080698438      -0.00962885     0.0037815396    9.1093825e-31   -1.6021766e-19    -9.156439e-20    4.7288716e-19             2710                1
    -0.0034085482    2.4674147e-05    -0.0099001369    0.00026322246    -0.0077982345    0.00058116287    9.1093825e-31   -1.6021766e-19    -9.156439e-20    4.7288716e-19             2624                1
     0.0066634081    7.7707235e-05    -0.0075388872     0.0022607888    0.00030536618     0.0016483333    9.1093825e-31   -1.6021766e-19    -9.156439e-20    4.7288716e-19                4                0
    -0.0010144484    9.7765769e-05     0.0059687346     0.0033719381    -0.0055816132     0.0038597439    9.1093825e-31   -1.6021766e-19    -9.156439e-20    4.7288716e-19             2903                1
    -0.0015864494    3.2660771e-06     -0.012395552   -0.00015093631    0.00079203694    -0.0021537663    9.1093825e-31   -1.6021766e-19    -9.156439e-20    4.7288716e-19             2877                1
    -0.0061341184    1.0442182e-05     -0.012090682   -1.4627714e-05     -0.001663305    -0.0013664811    9.1093825e-31   -1.6021766e-19    -9.156439e-20    4.7288716e-19              385                0
     0.0015639942    7.1111732e-05     -0.012891999     0.0061114384    -0.0064533073     0.0031599442    9.1093825e-31   -1.6021766e-19    -9.156439e-20    4.7288716e-19             2798                1
     0.0033750557    9.2095979e-05      0.012654757     0.0034788968     0.0090629188     0.0029272297    9.1093825e-31   -1.6021766e-19    -9.156439e-20    4.7288716e-19             2670                1
    0.00048541999    1.9451403e-05    -0.0088564409     0.0056041935     -0.010009368    -0.0010971222    9.1093825e-31   -1.6021766e-19    -9.156439e-20    4.7288716e-19             2690                1
     0.0014441133    6.6467721e-05      0.011409932    0.00028866922      0.012157978    0.00018216192    9.1093825e-31   -1.6021766e-19    -9.156439e-20    4.7288716e-19             2799                1
     0.0010183245    6.4420034e-05     0.0078092432     0.0017288079     0.0087388773    -0.0014016421    9.1093825e-31   -1.6021766e-19    -9.156439e-20    4.7288716e-19             2667                1
     0.0060779746    2.6336802e-05     0.0048578754    -0.0010899017     0.0017898391    0.00066442811    9.1093825e-31   -1.6021766e-19    -9.156439e-20    4.7288716e-19              751                0
     0.0047913222    2.0805468e-05    -0.0033766855    -0.0045043766     -0.010502592    0.00017645487    9.1093825e-31   -1.6021766e-19    -9.156439e-20    4.7288716e-19             2773                1
     0.0043310109    1.6928219e-05     -0.014752684    -0.0012778009    -0.0098320711     0.0041285669    9.1093825e-31   -1.6021766e-19    -9.156439e-20    4.7288716e-19             2699                1
    -0.0017126332    6.2990766e-05      0.010658914    0.00078638148        0.0092439   -4.3207325e-05    9.1093825e-31   -1.6021766e-19    -9.156439e-20    4.7288716e-19             2724                1
    -0.0074269185     6.911347e-05    -0.0071715927     -0.001176105   -0.00016590691    -0.0026722872    9.1093825e-31   -1.6021766e-19    -9.156439e-20    4.7288716e-19              532                0
   -0.00079665991    5.8658927e-05    -0.0083508436    -0.0017990592    -0.0077586179    9.5605727e-05    9.1093825e-31   -1.6021766e-19    -9.156439e-20    4.7288716e-19             2772                1
      0.004835743    8.3380583e-05    -0.0033708657     0.0012485833    -0.0038834366     0.0015497279    9.1093825e-31   -1.6021766e-19    -9.156439e-20    4.7288716e-19             2829                1
    -0.0010435134    8.8618013e-05     0.0061067059    -0.0012316188     -0.004204955    0.00031095927    9.1093825e-31   -1.6021766e-19    -9.156439e-20    4.7288716e-19             2874                1
     0.0012880358    2.3403936e-05      0.011322589     0.0020022094     0.0078973435    0.00061123446    9.1093825e-31   -1.6021766e-19    -9.156439e-20    4.7288716e-19             2860                1
   -0.00078850286    7.6631677e-06    -0.0055638016     0.0032031825    -0.0023186847     0.0052087745    9.1093825e-31   -1.6021766e-19    -9.156439e-20    4.7288716e-19             2253                1
    -0.0028668945    5.2493047e-05    -0.0056367745    0.00021058175    -0.0080346493     0.0042892224    9.1093825e-31   -1.6021766e-19    -9.156439e-20    4.7288716e-19             2784                1
    0.00049326761    4.6181667e-05    0.00022493294     0.0014339554     -0.008030558   -0.00016620658    9.1093825e-31   -1.6021766e-19    -9.156439e-20    4.7288716e-19             2802                1
     0.0020654786    4.1040523e-05      0.010674764     -0.001247604     0.0028222569     -0.001276263    9.1093825e-31   -1.6021766e-19    -9.156439e-20    4.7288716e-19             2471                1
     0.0014348781    2.5328347e-05    -0.0087248096    -0.0033678818     -0.010759467     0.0051581613    9.1093825e-31   -1.6021766e-19    -9.156439e-20    4.7288716e-19             2737                1
    0.00080777932    7.5661526e-05     0.0097296787    -0.0021155558      0.011913719   -0.00061813439    9.1093825e-31   -1.6021766e-19    -9.156439e-20    4.7288716e-19             2764                1
     -0.002096944    3.0748728e-05     0.0063379682    -0.0025027355     0.0061086146     0.0014134783    9.1093825e-31   -1.6021766e-19    -9.156439e-20    4.7288716e-19             2665                1
   -0.00079722999      6.52116e-05    -0.0028106491    0.00015020419    -0.0086980825   -9.1300462e-05    9.1093825e-31   -1.6021766e-19    -9.156439e-20    4.7288716e-19             2845                1
    -0.0033031343    9.8647775e-05     0.0061899689    -0.0015052136    -0.0068118065     0.0066461111    9.1093825e-31   -1.6021766e-19    -9.156439e-20    4.7288716e-19             2906                1
    -0.0082839448     6.112038e-05      0.014680389    6.2790394e-05    5.8528341e-05     0.0012156569    9.1093825e-31   -1.6021766e-19    -9.156439e-20    4.7288716e-19              719                0
    -0.0090868911    3.4245706e-05     0.0024395136   -0.00066405296   -2.5588261e-05      0.001400615    9.1093825e-31   -1.6021766e-19    -9.156439e-20    4.7288716e-19              874                0
     0.0032235247    4.2989359e-06      0.012774377   -0.00050860195      0.004646264   -0.00041896876    9.1093825e-31   -1.6021766e-19    -9.156439e-20    4.7288716e-19             2895                1
    -0.0024373438    6.7329594e-05    -0.0020624469    -0.0020694861     0.0056695538     0.0015789915    9.1093825e-31   -1.6021766e-19    -9.156439e-20    4.7288716e-19             2616                1
    -0.0042010006    5.8129324e-05     0.0059986729     0.0015700676      0.002311368   -0.00078257365    9.1093825e-31   -1.6021766e-19    -9.156439e-20    4.7288716e-19              628                0
     0.0048130904    6.7416782e-05    -0.0033933059    -0.0029913753    -0.0068729906    -0.0026462825    9.1093825e-31   -1.6021766e-19    -9.156439e-20    4.7288716e-19             2830                1
   -0.00067012198    9.7636199e-05    -0.0025847298    -0.0039732857    -0.0026381605    -0.0022714077    9.1093825e-31   -1.6021766e-19    -9.156439e-20    4.7288716e-19             2894                1
     0.0014195314      4.09358e-05    -0.0088571729    -0.0049228221    -0.0073636021    -0.0016874407    9.1093825e-31   -1.6021766e-19    -9.156439e-20    4.7288716e-19             2656                1
    -0.0015285555    9.6501382e-05     -0.011292269    0.00012183561     0.0011284171    -0.0011329175    9.1093825e-31   -1.6021766e-19    -9.156439e-20    4.7288716e-19             2380                1
     0.0072670807     7.418303e-05     0.0060139312   -0.00061263319     0.0010664024     0.0019554156    9.1093825e-31   -1.6021766e-19    -9.156439e-20    4.7288716e-19              828                0
     0.0079413792    2.4810623e-05     0.0085836658     0.0012250101     0.0034410073   -0.00072342745    9.1093825e-31   -1.6021766e-19    -9.156439e-20    4.7288716e-19             2734                1
    -0.0010173145    8.3965089e-05      0.005913022    -0.0012793323    -0.0053402334    -0.0045776851    9.1093825e-31   -1.6021766e-19    -9.156439e-20    4.7288716e-19             2867                1
   -0.00089141971    6.0563325e-05    -0.0028756871    -0.0028486121     -0.007500093   -0.00087119278    9.1093825e-31   -1.6021766e-19    -9.156439e-20    4.7288716e-19             2818                1
     0.0053359536    1.9634846e-05     0.0064175976     0.0011185555     0.0014982749   -0.00040161607    9.1093825e-31   -1.6021766e-19    -9.156439e-20    4.7288716e-19              580                0
     0.0011351507    6.9246154e-05     -0.006808586    -0.0019363159    -0.0057767583    -0.0024412861    9.1093825e-31   -1.6021766e-19    -9.156439e-20    4.7288716e-19             2758                1
     0.0083032781    6.4517502e-05     -0.012602292    -0.0022228411   -0.00014516617     0.0022222295    9.1093825e-31   -1.6021766e-19    -9.156439e-20    4.7288716e-19              586                0
     -0.001604952    6.7769826e-05     -0.011206638     0.0020002504    -0.0065546446    -0.0040372107    9.1093825e-31   -1.6021766e-19    -9.156439e-20    4.7288716e-19             2732                1
    -0.0050163809    7.1421884e-05    -0.0052278931     0.0010213342    0.00081746845   -0.00094698125    9.1093825e-31   -1.6021766e-19    -9.156439e-20    4.7288716e-19              660                0
     0.0013528138    5.4949905e-05    -0.0033028589   -0.00074810232    -0.0057166521     0.0037529583    9.1093825e-31   -1.6021766e-19    -9.156439e-20    4.7288716e-19             2747                1
    -0.0077489424     2.611743e-05      0.011041846    0.00061135762    0.00012007644     0.0015231295    9.1093825e-31   -1.6021766e-19    -9.156439e-20    4.7288716e-19              652                0
     -0.000499863    2.1705075e-05     0.0094429813     0.0011724605     0.0066910856    -0.0043046772    9.1093825e-31   -1.6021766e-19    -9.156439e-20    4.7288716e-19             2850                1
    -0.0010741578    9.4321098e-05     0.0060639903    -0.0051679276   -0.00032734257    -0.0078767939    9.1093825e-31   -1.6021766e-19    -9.156439e-20    4.7288716e-19             2855                1
    -0.0031105164    8.3081686e-05    -0.0018733589    0.00039224641    -0.0081647877   -0.00089125731    9.1093825e-31   -1.6021766e-19    -9.156439e-20    4.7288716e-19             2880                1
     -0.002516005     7.018778e-05    -0.0020910264     0.0020975654    -0.0054277624     0.0021379276    9.1093825e-31   -1.6021766e-19    -9.156439e-20    4.7288716e-19             2813                1
    -0.0030827399    1.9790479e-05    2.6692829e-05     -0.002964847     0.0026144423    -0.0029517729    9.1093825e-31   -1.6021766e-19    -9.156439e-20    4.7288716e-19              303                0
   -6.3638486e-06    8.9707515e-05     0.0042623742     0.0014231722       0.01036041    -0.0019068535    9.1093825e-31   -1.6021766e-19    -9.156439e-20    4.7288716e-19             2652                1
     0.0016304679    6.6991714e-05     0.0026532465   -0.00050828781    -0.0077063348   -0.00042523685    9.1093825e-31   -1.6021766e-19    -9.156439e-20    4.7288716e-19             2852                1
     0.0029069728     4.318318e-05    -0.0056393663    -0.0017084924     0.0003863555     1.149792e-05    9.1093825e-31   -1.6021766e-19    -9.156439e-20    4.7288716e-19              860                0
    -0.0011552282     9.961403e-05     0.0061464729   -0.00023020337      0.013263338   -0.00051384873    9.1093825e-31   -1.6021766e-19    -9.156439e-20    4.7288716e-19             2727                1
    -0.0032870444    3.7934489e-05     -0.012568482   -0.00087819161    -0.0024843987    -0.0015397505    9.1093825e-31   -1.6021766e-19    -9.156439e-20    4.7288716e-19              900                0
    -0.0064836931    3.3903907e-05    -0.0088325003    0.00090636208   -0.00045325197    -0.0013282419    9.1093825e-31   -1.6021766e-19    -9.156439e-20    4.7288716e-19              132                0
     0.0090175103    9.8133802e-05      0.013104853     0.0016561681     0.0016291968    -0.0014215022    9.1093825e-31   -1.6021766e-19    -9.156439e-20    4.7288716e-19             1962                1
    -0.0072570606    8.7587359e-05    -0.0026500465    0.00060936512     0.0014496025    0.00067874673    9.1093825e-31   -1.6021766e-19    -9.156439e-20    4.7288716e-19             1012                1
    -0.0037961926    1.7014909e-05    0.00054977246    -0.0013505388     0.0022498129     0.0026029742    9.1093825e-31   -1.6021766e-19    -9.156439e-20    4.7288716e-19              893                0
     0.0076972805    4.9319708e-05     -0.013066365     0.0023861949   -0.00075108901    -0.0017001749    9.1093825e-31   -1.6021766e-19    -9.156439e-20    4.7288716e-19              311                0
    -0.0070313918    1.4892439e-05    -0.0077478955    -0.0013016607   -0.00050952873    0.00055278384    9.1093825e-31   -1.6021766e-19    -9.156439e-20    4.7288716e-19              791                0
    -0.0011461603    9.5952048e-05    -0.0040475344     0.0016482093      0.005914575     0.0059000049    9.1093825e-31   -1.6021766e-19    -9.156439e-20    4.7288716e-19             2560                1
      0.001110755    4.4086999e-05      0.013548916    -9.729524e-05     0.0093132304    -0.0010463558    9.1093825e-31   -1.6021766e-19    -9.156439e-20    4.7288716e-19             2823                1
   -0.00055134401    5.0591323e-05    -0.0081713051    -0.0042282203      -0.00781688     0.0070153843    9.1093825e-31   -1.6021766e-19    -9.156439e-20    4.7288716e-19             2725                1
     0.0050127418    8.3430299e-05     0.0071609779   -0.00059490412      0.010847444    5.5572978e-06    9.1093825e-31   -1.6021766e-19    -9.156439e-20    4.7288716e-19             2733                1
    -0.0062042926    1.0833256e-05     0.0028741276    1.4066114e-05     0.0016885927   -0.00011824741    9.1093825e-31   -1.6021766e-19    -9.156439e-20    4.7288716e-19              677                0
     0.0016584698    5.1554375e-06      -0.01299653      0.001087412      0.004073963    0.00077369431    9.1093825e-31   -1.6021766e-19    -9.156439e-20    4.7288716e-19             2890                1
    -0.0084534809    8.9740242e-05    -0.0047980584    0.00032175606    0.00063238636   -0.00011246515    9.1093825e-31   -1.6021766e-19    -9.156439e-20    4.7288716e-19              210                0
    -0.0016897103     6.701293e-05      -0.01123431     0.0037288736    -0.0085808234     0.0030106318    9.1093825e-31   -1.6021766e-19    -9.156439e-20    4.7288716e-19             2839                1
     0.0079009635    5.2394535e-05      0.008496928    -0.0003057303    0.00055525079     0.0012621724    9.1093825e-31   -1.6021766e-19    -9.156439e-20    4.7288716e-19              254                0
     0.0058607827    5.4671007e-05     0.0044173109   -0.00061248726     0.0017480097   -0.00088043482    9.1093825e-31   -1.6021766e-19    -9.156439e-20    4.7288716e-19              270                0
     0.0014221187    2.0171859e-05     -0.012962881     0.0038201516    -0.0091593591     0.0004047706    9.1093825e-31   -1.6021766e-19    -9.156439e-20    4.7288716e-19             2614                1
   -0.00090387138    8.7075368e-06    -0.0084606698     0.0016942596     -0.010771669   -0.00014222838    9.1093825e-31   -1.6021766e-19    -9.156439e-20    4.7288716e-19             2691                1
     0.0014712192    2.2464261e-05    -0.0051327697    -0.0006604832     -0.013685487    -0.0007106699    9.1093825e-31   -1.6021766e-19    -9.156439e-20    4.7288716e-19             2804                1
     0.0014999121    7.8336219e-05    -0.0088259056    0.00096203294    -0.0046064081    0.00059534947    9.1093825e-31   -1.6021766e-19    -9.156439e-20    4.7288716e-19             2655                1
    -0.0076064658    8.5138672e-05     -0.012213428    -0.0011636659   -0.00025301427    -0.0012044882    9.1093825e-31   -1.6021766e-19    -9.156439e-20    4.7288716e-19              673                0
     0.0011764426     2.582382e-05    -0.0095884269     0.0013767246     -0.010654644   -5.7216224e-05    9.1093825e-31   -1.6021766e-19    -9.156439e-20    4.7288716e-19             2729                1
     0.0085395416    5.6226677e-06      0.010212445    0.00027180943    3.3975099e-05    -9.237216e-05    9.1093825e-31   -1.6021766e-19    -9.156439e-20    4.7288716e-19              410                0
     0.0044272901    1.1109491e-05    -0.0020219618     0.0013107222    -0.0013176816    -0.0031963093    9.1093825e-31   -1.6021766e-19    -9.156439e-20    4.7288716e-19             2387                1
   -0.00013555653    8.1851722e-05     0.0034021025    -0.0026988734     0.0096958578     -0.004385517    9.1093825e-31   -1.6021766e-19    -9.156439e-20    4.7288716e-19             2658                1
     0.0034073982    9.9047051e-05    -0.0076013813     0.0018425215     0.0032252115    -0.0038253688    9.1093825e-31   -1.6021766e-19    -9.156439e-20    4.7288716e-19             2419                1
     0.0011232044    1.7521963e-05      0.013624741     7.407977e-05     0.0046238983     0.0046341978    9.1093825e-31   -1.6021766e-19    -9.156439e-20    4.7288716e-19             2814                1
    -0.0010393866    8.4406223e-05     0.0061058952    0.00050539488    -0.0059774178   -3.0748262e-05    9.1093825e-31   -1.6021766e-19    -9.156439e-20    4.7288716e-19             2875                1
    -0.0094081443    9.6364893e-05    -0.0066329017    0.00039513732    6.0086542e-05    0.00041476294    9.1093825e-31   -1.6021766e-19    -9.156439e-20    4.7288716e-19              192                0
   -0.00074978237    6.1439408e-05    -0.0084234215    0.00029942644    -0.0090807611     0.0014845368    9.1093825e-31   -1.6021766e-19    -9.156439e-20    4.7288716e-19             2827                1
     -0.001015114    7.6908182e-05     0.0059131361   -0.00045584852    -0.0079804603    -0.0045363158    9.1093825e-31   -1.6021766e-19    -9.156439e-20    4.7288716e-19             2868                1
    0.00027872238     3.771839e-05       0.01240852     0.0022047658     0.0088233138     -0.002286759    9.1093825e-31   -1.6021766e-19    -9.156439e-20    4.7288716e-19             2828                1
     0.0035483157    2.3007919e-05       0.00342302     0.0011962537      0.002694095     0.0021988945    9.1093825e-31   -1.6021766e-19    -9.156439e-20    4.7288716e-19              991                0
     0.0011986907    7.0068883e-05      0.011422989      0.002850967      0.010966123   -0.00093826489    9.1093825e-31   -1.6021766e-19    -9.156439e-20    4.7288716e-19             2765                1
    -0.0091418773    2.0620479e-05    -0.0019550887     0.0011739841    0.00014476756   -0.00095280295    9.1093825e-31   -1.6021766e-19    -9.156439e-20    4.7288716e-19              212                0
     0.0084426925    1.2761325e-05     0.0015424424    0.00022972235    0.00043849312   -0.00083003152    9.1093825e-31   -1.6021766e-19    -9.156439e-20    4.7288716e-19              525                0
     0.0092880791    1.1155957e-05    -0.0092276214     0.0011413642    -0.0001678871    -0.0014044066    9.1093825e-31   -1.6021766e-19    -9.156439e-20    4.7288716e-19              690                0
    -0.0042561223     7.857825e-06     -0.012196529    0.00055741699     0.0049763252     0.0002114196    9.1093825e-31   -1.6021766e-19    -9.156439e-20    4.7288716e-19             2885                1
    -0.0037291187    3.4442372e-05      0.011596509     0.0013679767     0.0067513855    -0.0018998834    9.1093825e-31   -1.6021766e-19    -9.156439e-20    4.7288716e-19             2790                1
    -0.0086854557    4.5786826e-05    -0.0011812048    0.00090696046    4.8331236e-05    0.00099257776    9.1093825e-31   -1.6021766e-19    -9.156439e-20    4.7288716e-19              750                0
     0.0027326255    2.6128799e-05      0.012291024    0.00049448601      0.008707514     -0.001056334    9.1093825e-31   -1.6021766e-19    -9.156439e-20    4.7288716e-19             2861                1
     0.0013413482    5.0765539e-06    -0.0033636531    -0.0019828812     -0.011098784    -0.0027766444    9.1093825e-31   -1.6021766e-19    -9.156439e-20    4.7288716e-19             2748                1
    -0.0052975081    4.9575054e-05      0.013684294   -0.00055383582      0.009018911   -0.00075751694    9.1093825e-31   -1.6021766e-19    -9.156439e-20    4.7288716e-19             2806                1
    -0.0073240283    9.8137847e-05    -0.0014173395     0.0028452047     0.0014632139   -0.00085076271    9.1093825e-31   -1.6021766e-19    -9.156439e-20    4.7288716e-19              257                0
     -0.005698184    4.3286076e-05     0.0058687874    -0.0011304066      0.001905743     0.0010293823    9.1093825e-31   -1.6021766e-19    -9.156439e-20    4.7288716e-19              220                0
     0.0012739303     4.444363e-05      0.011349356   -0.00063427584     0.0082830954    0.00046785135    9.1093825e-31   -1.6021766e-19    -9.156439e-20    4.7288716e-19             2779                1
     0.0062699527    5.1372263e-05    -0.0085099358    -0.0027212726   -0.00024504258   -0.00053983345    9.1093825e-31   -1.6021766e-19    -9.156439e-20    4.7288716e-19              931                0
     -0.002647643    2.3055676e-05    -0.0080457637    0.00013698635   -0.00090144417    0.00086924946    9.1093825e-31   -1.6021766e-19    -9.156439e-20    4.7288716e-19              217                0
    -0.0012046092       1.5685e-05     -0.012452499     0.0053710169     -0.010809228     0.0022130755    9.1093825e-31   -1.6021766e-19    -9.156439e-20    4.7288716e-19             2685                1
   -0.00059769431    5.8823589e-05    -0.0081482884   -0.00063820055     -0.007054368    -0.0017212671    9.1093825e-31   -1.6021766e-19    -9.156439e-20    4.7288716e-19             2730                1
    -0.0020658555    9.6192984e-05     0.0063193724   -0.00015934531      0.011048583    2.4830309e-05    9.1093825e-31   -1.6021766e-19    -9.156439e-20    4.7288716e-19             2666                1
    0.00041161192    7.8141973e-05    0.00019057583   -0.00085166364     -0.004696155   -0.00017065647    9.1093825e-31   -1.6021766e-19    -9.156439e-20    4.7288716e-19             2838                1
     0.0058883796    2.6143582e-05    -0.0030574484    -0.0011002093     0.0012393999    -0.0022770592    9.1093825e-31   -1.6021766e-19    -9.156439e-20    4.7288716e-19              256                0
    0.00038800182    8.1126716e-05    -0.0037673521     0.0025807903      -0.00579094     0.0036198525    9.1093825e-31   -1.6021766e-19    -9.156439e-20    4.7288716e-19             2857                1
    -0.0036985925    4.4773744e-05     -0.014362283    -0.0018333035    -0.0073104315    -0.0005801908    9.1093825e-31   -1.6021766e-19    -9.156439e-20    4.7288716e-19             2654                1
     0.0034631148    1.5909218e-05      0.012671696   -0.00072536315     0.0074373973     0.0020883547    9.1093825e-31   -1.6021766e-19    -9.156439e-20    4.7288716e-19             2872                1
    -0.0028466489    4.5871744e-05    -0.0068645822    -0.0011402207    -0.0078227622     0.0014869246    9.1093825e-31   -1.6021766e-19    -9.156439e-20    4.7288716e-19             2735                1
    -0.0092527075    6.7409892e-05     0.0021409763    -0.0022397584    0.00078357942     -0.001836115    9.1093825e-31   -1.6021766e-19    -9.156439e-20    4.7288716e-19              978                0
    -0.0017146332    2.0968993e-05      0.010793607   -0.00085091073     0.0050712954     0.0068393322    9.1093825e-31   -1.6021766e-19    -9.156439e-20    4.7288716e-19             2742                1
     0.0093279425    3.6502923e-05    0.00090833544     0.0014139799    3.7247795e-05   -0.00017855052    9.1093825e-31   -1.6021766e-19    -9.156439e-20    4.7288716e-19              637                0
    -0.0008230501    9.3426534e-05     0.0058531915     0.0015676779   -9.6821524e-05     0.0013411164    9.1093825e-31   -1.6021766e-19    -9.156439e-20    4.7288716e-19             2841                1
     0.0014551642    8.3714782e-05        0.0115289   -0.00047460498      0.012745971    0.00031755056    9.1093825e-31   -1.6021766e-19    -9.156439e-20    4.7288716e-19             2769                1
      0.004693991    7.8044701e-05     0.0022001078    -0.0006967092     0.0026608503     0.0011543218    9.1093825e-31   -1.6021766e-19    -9.156439e-20    4.7288716e-19              229                0
     0.0030030941    8.2025377e-05    -0.0044178502   -0.00042652749    -0.0049158833    -0.0001299154    9.1093825e-31   -1.6021766e-19    -9.156439e-20    4.7288716e-19             2840                1
    -0.0085329916    4.8430338e-05    -0.0014735434    0.00080642232    0.00012887729   -0.00040311969    9.1093825e-31   -1.6021766e-19    -9.156439e-20    4.7288716e-19              894                0
     0.0076167388    8.4420259e-05     0.0053724372    -0.0010114067     0.0010964542     0.0030267658    9.1093825e-31   -1.6021766e-19    -9.156439e-20    4.7288716e-19              219                0
     0.0079619521    4.6058849e-05     -0.003063726     0.0016629342    0.00016913158     0.0023100097    9.1093825e-31   -1.6021766e-19    -9.156439e-20    4.7288716e-19              309                0
    -0.0089509953     5.773886e-05      0.011198518   -0.00023178676     0.0001984811   -0.00060471531    9.1093825e-31   -1.6021766e-19    -9.156439e-20    4.7288716e-19              329                0
    -0.0034138069    2.9571598e-05    -0.0099083045   -7.9797072e-05    -0.0074801012    4.8238664e-05    9.1093825e-31   -1.6021766e-19    -9.156439e-20    4.7288716e-19             2625                1
      0.009011725     5.925665e-05     0.0080006821    -0.0010095205    0.00024544811     0.0016580614    9.1093825e-31   -1.6021766e-19    -9.156439e-20    4.7288716e-19              369                0
     0.0028244595    6.4265376e-05    -0.0070814085   -0.00065070327    -0.0013656381    -0.0037363246    9.1093825e-31   -1.6021766e-19    -9.156439e-20    4.7288716e-19             2430                1
    -0.0025596693    9.0362759e-05    -0.0020142281   -0.00064955902     0.0069750845     0.0054864609    9.1093825e-31   -1.6021766e-19    -9.156439e-20    4.7288716e-19             2595                1
    -0.0021406843    6.3559804e-05     0.0072002197     0.0020263528     0.0028767416    0.00015983028    9.1093825e-31   -1.6021766e-19    -9.156439e-20    4.7288716e-19              632                0
   -0.00092296215    5.1172588e-05    -0.0084527032    7.2866496e-05    -0.0071633188    0.00052635506    9.1093825e-31   -1.6021766e-19    -9.156439e-20    4.7288716e-19             2692                1
    -0.0034741538    4.2946238e-05     0.0062033175    -0.0048822374       0.00639593     0.0011340524    9.1093825e-31   -1.6021766e-19    -9.156439e-20    4.7288716e-19             2630                1
     0.0015230566    9.7662138e-05     0.0024259544    -0.0019392861      0.011288309    -0.0030737424    9.1093825e-31   -1.6021766e-19    -9.156439e-20    4.7288716e-19             2702                1
     0.0020495143    3.9577088e-05      0.014605721      0.002888419     0.0077631357    -0.0037306349    9.1093825e-31   -1.6021766e-19    -9.156439e-20    4.7288716e-19             2807                1
     0.0072735571    5.3902244e-05    0.00084075425    -0.0015298076     0.0015070294   -0.00085126015    9.1093825e-31   -1.6021766e-19    -9.156439e-20    4.7288716e-19              476                0
    -0.0048752208     5.240121e-05     -0.012806355     0.0013297322    -0.0016983912    -0.0016451253    9.1093825e-31   -1.6021766e-19    -9.156439e-20    4.7288716e-19              549                0
   -0.00092826085    6.9535272e-05      0.010212338     0.0026202665     0.0012795129    0.00071611948    9.1093825e-31   -1.6021766e-19    -9.156439e-20    4.7288716e-19              569                0
   -0.00049597013    4.1824886e-05    -0.0081493873     0.0013578276    -0.0091731902   -0.00017367909    9.1093825e-31   -1.6021766e-19    -9.156439e-20    4.7288716e-19             2755                1
     0.0026567392    2.6268312e-05      0.012241334     0.0023120358     0.0053388905    -0.0047574239    9.1093825e-31   -1.6021766e-19    -9.156439e-20    4.7288716e-19             2763                1
     0.0094939834    9.3423288e-05     -0.014426434   -8.9309717e-05   -1.9694517e-05     0.0020945978    9.1093825e-31   -1.6021766e-19    -9.156439e-20    4.7288716e-19              922                0
    -0.0012563242    2.4589946e-05     -0.012424392    -0.0023437997    -0.0029146364   -0.00037869808    9.1093825e-31   -1.6021766e-19    -9.156439e-20    4.7288716e-19              649                0
    -0.0077743982    4.8608123e-05     0.0039012984     0.0011730382    0.00091278454    0.00098700798    9.1093825e-31   -1.6021766e-19    -9.156439e-20    4.7288716e-19              934                0
     0.0018320165    7.4920114e-05      0.010515649    -0.0018766116     0.0074652536    -0.0024099641    9.1093825e-31   -1.6021766e-19    -9.156439e-20    4.7288716e-19             2611                1
    0.00032046778     8.351916e-05    0.00017970818    -0.0022379914    -0.0043353927    -0.0010947463    9.1093825e-31   -1.6021766e-19    -9.156439e-20    4.7288716e-19             2856                1
     0.0015908851    9.3117313e-05     0.0073347534    0.00040606916      0.013190473    0.00016349049    9.1093825e-31   -1.6021766e-19    -9.156439e-20    4.7288716e-19             2750                1
     0.0024209626    6.2247134e-05    -0.0092515387    -0.0035645126     -0.006483797     0.0063760751    9.1093825e-31   -1.6021766e-19    -9.156439e-20    4.7288716e-19             2711                1
    -0.0039360565    6.3017367e-05      0.011621788     0.0036077902     0.0090291724    -0.0015856641    9.1093825e-31   -1.6021766e-19    -9.156439e-20    4.7288716e-19             2751                1
    0.00096576178      9.23517e-05     0.0078974338    -0.0024491716      0.011013489     0.0011359475    9.1093825e-31   -1.6021766e-19    -9.156439e-20    4.7288716e-19             2671                1
     0.0054282164    3.2294614e-05      0.002123887    0.00058768305     0.0019783583     0.0025735118    9.1093825e-31   -1.6021766e-19    -9.156439e-20    4.7288716e-19               20                0
     0.0041345181    4.6859863e-05     -0.011688092   -0.00083018752    -0.0070172688     0.0028156671    9.1093825e-31   -1.6021766e-19    -9.156439e-20    4.7288716e-19             2662                1
   -5.8274909e-05    7.5190081e-05     0.0043323413    -0.0001651341    -0.0037764029   -0.00026120816    9.1093825e-31   -1.6021766e-19    -9.156439e-20    4.7288716e-19             2834                1
     0.0013365891    6.0198174e-05    -0.0089598838     0.0015775708     -0.007589757   -0.00090333133    9.1093825e-31   -1.6021766e-19    -9.156439e-20    4.7288716e-19             2770                1
    0.00040376859    8.3226609e-05    -0.0037960932    0.00022303687     -0.007752304    -0.0029308829    9.1093825e-31   -1.6021766e-19    -9.156439e-20    4.7288716e-19             2871                1
     0.0015206693    3.0752282e-05     0.0024569293    5.6890931e-05     0.0058036228    0.00038493061    9.1093825e-31   -1.6021766e-19    -9.156439e-20    4.7288716e-19             2808                1
   -6.1396153e-05    7.8792189e-05     0.0038829159    -0.0023762481     0.0091263419     0.0044194581    9.1093825e-31   -1.6021766e-19    -9.156439e-20    4.7288716e-19             2612                1
     0.0017566945    9.5153038e-05     0.0074061779      0.004539791      0.010911627     0.0028473411    9.1093825e-31   -1.6021766e-19    -9.156439e-20    4.7288716e-19             2661                1
     0.0060131783    6.0732054e-05      0.011985146   -0.00066092116    0.00014176124     0.0020717219    9.1093825e-31   -1.6021766e-19    -9.156439e-20    4.7288716e-19              280                0
     0.0017483991     9.077329e-05      0.006913845   -0.00080110965    -0.0010411838    -0.0046134931    9.1093825e-31   -1.6021766e-19    -9.156439e-20    4.7288716e-19             2853                1
   -0.00060311111    2.3727844e-06    -0.0077647669    -0.0013959587     0.0046370602    -0.0016806801    9.1093825e-31   -1.6021766e-19    -9.156439e-20    4.7288716e-19             2901                1
    -0.0018769862    9.2675582e-05     0.0019016954    -0.0035470671      0.010001274      0.004587261    9.1093825e-31   -1.6021766e-19    -9.156439e-20    4.7288716e-19             2673                1
    -0.0012162667    6.4015294e-05     0.0055436613    0.00095469656     0.0097018844    -0.0010210366    9.1093825e-31   -1.6021766e-19    -9.156439e-20    4.7288716e-19             2738                1
     0.0028648796    4.6189685e-05     0.0099294847    0.00037451714     0.0014193964    -0.0002364501    9.1093825e-31   -1.6021766e-19    -9.156439e-20    4.7288716e-19              177                0
     -0.003018026    2.6574646e-05     -0.010429241    -0.0046614604     -0.010837516   -0.00094769598    9.1093825e-31   -1.6021766e-19    -9.156439e-20    4.7288716e-19             2756                1
     0.0010422805    5.1618041e-05     0.0027952115    -0.0020487055     0.0067954795     0.0013853597    9.1093825e-31   -1.6021766e-19    -9.156439e-20    4.7288716e-19             2577                1
    -0.0014945619    2.9261089e-05    -0.0084215626    -0.0047757118     -0.010349226     0.0032914698    9.1093825e-31   -1.6021766e-19    -9.156439e-20    4.7288716e-19             2743                1
    -0.0083030798    3.2935161e-05     0.0035532224    0.00096695381    0.00036533872    -0.0031899565    9.1093825e-31   -1.6021766e-19    -9.156439e-20    4.7288716e-19              184                0
    -0.0018925479    7.2972798e-05     0.0039734733    -0.0014053192     0.0033257555    9.5233539e-05    9.1093825e-31   -1.6021766e-19    -9.156439e-20    4.7288716e-19              699                0
    -0.0077298689      1.96893e-05    -0.0048607597    -0.0028664724    -0.0001609035    0.00034539247    9.1093825e-31   -1.6021766e-19    -9.156439e-20    4.7288716e-19              243                0
   -0.00068211491    4.7058169e-05    -0.0058780052    0.00012156778    -0.0057177045     0.0037805785    9.1093825e-31   -1.6021766e-19    -9.156439e-20    4.7288716e-19             2669                1
    -0.0086132828    3.9498082e-05     0.0021016644    0.00043294579    0.00035639061   -0.00017250488    9.1093825e-31   -1.6021766e-19    -9.156439e-20    4.7288716e-19              264                0
     0.0050970577      4.63211e-05    0.00025176551    0.00024452011     0.0018854067    -0.0012747945    9.1093825e-31   -1.6021766e-19    -9.156439e-20    4.7288716e-19              284                0
    -0.0016646076    2.8733362e-05      0.010583035    0.00066506065     0.0055013606     -0.006301045    9.1093825e-31   -1.6021766e-19    -9.156439e-20    4.7288716e-19             2688                1
     0.0017596595    9.7916651e-05     0.0069579808    0.00056419853    -0.0028553561   -0.00012077521    9.1093825e-31   -1.6021766e-19    -9.156439e-20    4.7288716e-19             2899                1
     0.0030986986    8.1637372e-05    -0.0043904916    -0.0022111591    -0.0032956717   -0.00040349638    9.1093825e-31   -1.6021766e-19    -9.156439e-20    4.7288716e-19             2759                1
   -0.00095076673    6.0286693e-05      0.005868081    0.00089148735     0.0088498201   -0.00094112166    9.1093825e-31   -1.6021766e-19    -9.156439e-20    4.7288716e-19             2698                1
   -0.00099140697    3.7940248e-05    -0.0020997103   -7.6510922e-05     0.0022525045    0.00019075182    9.1093825e-31   -1.6021766e-19    -9.156439e-20    4.7288716e-19              384                0
   -9.1603062e-05    4.4371332e-05     0.0037796223     0.0027324227     0.0081449915    -0.0026932617    9.1093825e-31   -1.6021766e-19    -9.156439e-20    4.7288716e-19             2797                1
     0.0032129236    2.3762386e-05      0.014067168    0.00057068671     0.0053065009    0.00022742641    9.1093825e-31   -1.6021766e-19    -9.156439e-20    4.7288716e-19             2811                1
     -0.009220521    5.7287794e-05   -0.00042864462    1.6125583e-05     0.0002174869    0.00067072787    9.1093825e-31   -1.6021766e-19    -9.156439e-20    4.7288716e-19              444                0
    -0.0059299408    2.2164189e-05    -0.0019948687    0.00019786481     0.0014625452    -0.0010525959    9.1093825e-31   -1.6021766e-19    -9.156439e-20    4.7288716e-19              464                0
   -0.00031678926    9.0104208e-05    -0.0027577493      0.002636051    -0.0060126255     -0.004113086    9.1093825e-31   -1.6021766e-19    -9.156439e-20    4.7288716e-19             2882                1
     0.0055872179    5.8758254e-05     0.0093220165     0.0015869299      0.001575687     0.0017084022    9.1093825e-31   -1.6021766e-19    -9.156439e-20    4.7288716e-19             1322                1
     0.0011447658    5.6992263e-05      0.013610776     0.0035300907      0.010957156     0.0024033007    9.1093825e-31   -1.6021766e-19    -9.156439e-20    4.7288716e-19             2815                1
   -6.5975488e-05    2.1585291e-05      0.013792105    0.00016369823     0.0034745424   -0.00016650114    9.1093825e-31   -1.6021766e-19    -9.156439e-20    4.7288716e-19             2681                1
     0.0084090503     4.714341e-05    -0.0038412903   -0.00065151294     0.0005757644    0.00088339153    9.1093825e-31   -1.6021766e-19    -9.156439e-20    4.7288716e-19              564                0
    0.00076759473    8.1003149e-05     0.0010813032   -0.00011051473    -0.0043798289    0.00086093938    9.1093825e-31   -1.6021766e-19    -9.156439e-20    4.7288716e-19             2849                1
     0.0012188653    5.4444408e-05      0.011392086   -0.00010246947      0.010909845    4.6650897e-05    9.1093825e-31   -1.6021766e-19    -9.156439e-20    4.7288716e-19             2816                1
    -8.264897e-05     3.365587e-05      0.013849887     0.0010457684     0.0071281251    -0.0048579895    9.1093825e-31   -1.6021766e-19    -9.156439e-20    4.7288716e-19             2809                1
      0.004135171    3.7537415e-05    -0.0087008979    0.00022432194    -0.0090073636     0.0032036384    9.1093825e-31   -1.6021766e-19    -9.156439e-20    4.7288716e-19             2745                1
    -0.0068298923    8.0074897e-05    0.00082009262    0.00021751379      0.001777588   -8.7657529e-05    9.1093825e-31   -1.6021766e-19    -9.156439e-20    4.7288716e-19              664                0
    -0.0018631945    7.8534729e-05      0.001849476    -0.0055162963    -0.0056865984    -0.0039915377    9.1093825e-31   -1.6021766e-19    -9.156439e-20    4.7288716e-19             2859                1
      0.003390735    4.6866437e-05     0.0046822825   -0.00019758717     0.0029493424    -0.0018752582    9.1093825e-31   -1.6021766e-19    -9.156439e-20    4.7288716e-19              704                0
    -0.0012914934    2.9518051e-05     -0.014214703    0.00044152464     -0.010910193    -0.0016464479    9.1093825e-31   -1.6021766e-19    -9.156439e-20    4.7288716e-19             2766                1
    -0.0065826322    7.5464137e-05     0.0094583463      0.001032384     0.0012758875     0.0016272451    9.1093825e-31   -1.6021766e-19    -9.156439e-20    4.7288716e-19              871                0
     0.0016820114    3.8774346e-05      0.011384936     0.0042677545     0.0069436524    -0.0014842993    9.1093825e-31   -1.6021766e-19    -9.156439e-20    4.7288716e-19             2753                1
    -0.0066434271    8.0196194e-05      -0.01089373    0.00097752654    -0.0010696922    0.00099936337    9.1093825e-31   -1.6021766e-19    -9.156439e-20    4.7288716e-19              125                0
    -0.0050659296    6.4885819e-05      0.013385118    0.00094428915    1.9715499e-05    0.00043362274    9.1093825e-31   -1.6021766e-19    -9.156439e-20    4.7288716e-19              804                0
     0.0040278179    1.4042663e-05     -0.012790969    0.00037058187    -0.0026887723    -0.0025089928    9.1093825e-31   -1.6021766e-19    -9.156439e-20    4.7288716e-19              266                0
    -0.0035604495    4.8991664e-05    -0.0012602446   -0.00019477335    -0.0066582477      0.001032357    9.1093825e-31   -1.6021766e-19    -9.156439e-20    4.7288716e-19             2778                1
    -0.0015879946    1.4210471e-05     -0.012385412   -0.00082903012     0.0056001758     0.0022975695    9.1093825e-31   -1.6021766e-19    -9.156439e-20    4.7288716e-19             2878                1
     0.0033907869     3.263028e-05      0.012642154    -0.0014719407     0.0079455627    0.00073314575    9.1093825e-31   -1.6021766e-19    -9.156439e-20    4.7288716e-19             2835                1
     -0.001595461    7.3034798e-06     -0.012423849    -0.0012189097     0.0079856524    -0.0032983304    9.1093825e-31   -1.6021766e-19    -9.156439e-20    4.7288716e-19             2896                1
     0.0012483121     6.782214e-05      0.011432573    0.00019258342    0.00032040465     0.0015536081    9.1093825e-31   -1.6021766e-19    -9.156439e-20    4.7288716e-19             2668                1
     0.0010540971    3.9515246e-05    -0.0095769968     0.0026433738    -0.0090136053    -0.0025340894    9.1093825e-31   -1.6021766e-19    -9.156439e-20    4.7288716e-19             2714                1
    0.00054132391    7.9147423e-05     -0.011861851    3.8127338e-05     -0.002078132    0.00023084129    9.1093825e-31   -1.6021766e-19    -9.156439e-20    4.7288716e-19              958                0
     0.0055821966    3.3088276e-05      0.011489182    6.0152861e-06     0.0058723679     -0.001055255    9.1093825e-31   -1.6021766e-19    -9.156439e-20    4.7288716e-19             2781                1
    -0.0067737098     7.017982e-05      0.012262194    0.00032572608    0.00027567538    0.00066825887    9.1093825e-31   -1.6021766e-19    -9.156439e-20    4.7288716e-19              988                0
    -0.0014417436    7.1735863e-05    -0.0080191419    -0.0044449372    -0.0050162803   -0.00021958559    9.1093825e-31   -1.6021766e-19    -9.156439e-20    4.7288716e-19             2675                1
    -0.0035302846    2.7271653e-05    -0.0099470951    0.00088732503     -0.011194193     0.0016008375    9.1093825e-31   -1.6021766e-19    -9.156439e-20    4.7288716e-19             2767                1
    -0.0039556865    6.5752472e-05      0.011632334     0.0014759186     0.0093213674   -0.00043968239    9.1093825e-31   -1.6021766e-19    -9.156439e-20    4.7288716e-19             2752                1
     0.0041866158    9.1313748e-05    -0.0087498454    0.00062817876    -0.0034174838    -0.0014263089    9.1093825e-31   -1.6021766e-19    -9.156439e-20    4.7288716e-19             2858                1
     0.0055016074     2.643703e-05      0.010673949    5.2565618e-05    -0.0030645994     1.274377e-05    9.1093825e-31   -1.6021766e-19    -9.156439e-20    4.7288716e-19             2632                1
    -0.0014933171    2.9013963e-05      0.010946444     0.0062032258    -0.0016844923     0.0071410486    9.1093825e-31   -1.6021766e-19    -9.156439e-20    4.7288716e-19             2418                1
     0.0014689593    4.5744964e-05    -0.0088864313   -0.00020111984    -0.0067297695   -0.00041690629    9.1093825e-31   -1.6021766e-19    -9.156439e-20    4.7288716e-19             2643                1
     -0.001276697    2.3203649e-05    -0.0085204961    -0.0018351272      -0.01349122    0.00051684619    9.1093825e-31   -1.6021766e-19    -9.156439e-20    4.7288716e-19             2794                1
   -0.00052047579    2.8881166e-05    -0.0082549211   -0.00018859841     -0.010846093    -0.0023942611    9.1093825e-31   -1.6021766e-19    -9.156439e-20    4.7288716e-19             2761                1
    -0.0025232101     2.141294e-05     0.0061487048     0.0013050616     0.0024520783    0.00040606648    9.1093825e-31   -1.6021766e-19    -9.156439e-20    4.7288716e-19              485                0
     0.0021173384    2.8811073e-05     -0.014624367   -2.3293231e-05    -0.0083405403     0.0078386012    9.1093825e-31   -1.6021766e-19    -9.156439e-20    4.7288716e-19             2605                1
    0.00057464221    4.6524374e-06     0.0095930342    0.00097875705     0.0061271908    -0.0024032099    9.1093825e-31   -1.6021766e-19    -9.156439e-20    4.7288716e-19             2898                1
   -0.00055367313    4.9481532e-05    -0.0025883112     0.0026721372     0.0044702892    -0.0017980655    9.1093825e-31   -1.6021766e-19    -9.156439e-20    4.7288716e-19             2718                1
       -0.0030435    6.5567707e-05      -0.01035588    -0.0027082516    -0.0077952249     0.0012897829    9.1093825e-31   -1.6021766e-19    -9.156439e-20    4.7288716e-19             2825                1
     0.0018364625    7.8560086e-05      0.012180025     0.0028275112      0.012033464    -0.0026831962    9.1093825e-31   -1.6021766e-19    -9.156439e-20    4.7288716e-19             2774                1
    -0.0068175835    4.8287939e-07     0.0025710531     -0.001782711    -0.0026161352    -0.0018451198    9.1093825e-31   -1.6021766e-19    -9.156439e-20    4.7288716e-19             2501                1
    -0.0014736123    7.9922247e-06    -0.0066031842     0.0014183506     -0.010619097     0.0029613674    9.1093825e-31   -1.6021766e-19    -9.156439e-20    4.7288716e-19             2705                1
     -0.001840425    8.2442202e-05     0.0018273892    0.00042162882    -0.0031487199    0.00040688063    9.1093825e-31   -1.6021766e-19    -9.156439e-20    4.7288716e-19             2836                1
    -0.0028487789    8.4919164e-05    -0.0056717782      0.002615578     -0.003737329   -0.00036837792    9.1093825e-31   -1.6021766e-19    -9.156439e-20    4.7288716e-19             2785                1
     0.0017079076    4.8526726e-05     -0.003076422     -0.001945884     -0.006493724    -0.0094679995    9.1093825e-31   -1.6021766e-19    -9.156439e-20    4.7288716e-19             2757                1
    -0.0017233883    3.8967068e-05      0.010549558   -3.1933992e-05     0.0064148367    0.00035988734    9.1093825e-31   -1.6021766e-19    -9.156439e-20    4.7288716e-19             2693                1
       0.00163362    1.7506181e-05     -0.012962921    -0.0003448863     -0.011405849   -0.00040465477    9.1093825e-31   -1.6021766e-19    -9.156439e-20    4.7288716e-19             2720                1
     -0.002936478    5.2956926e-05      -0.01451121   -2.3585886e-05    -0.0029832078    -0.0013792766    9.1093825e-31   -1.6021766e-19    -9.156439e-20    4.7288716e-19              422                0
     0.0013842391    3.3557855e-05      0.011485108   -0.00079047732     0.0069996403    -0.0063929334    9.1093825e-31   -1.6021766e-19    -9.156439e-20    4.7288716e-19             2788                1
      0.001645971    9.1391412e-05      0.010397041     0.0021299818     0.0042523397    -0.0064874962    9.1093825e-31   -1.6021766e-19    -9.156439e-20    4.7288716e-19             2412                1
     0.0040455288    7.1421287e-05    -0.0069284905    -0.0017453249     -0.005762592   -0.00068918412    9.1093825e-31   -1.6021766e-19    -9.156439e-20    4.7288716e-19             2792                1
    -0.0043602441    6.4623593e-05      0.010373705    -0.0028871982     0.0011800929     0.0010076821    9.1093825e-31   -1.6021766e-19    -9.156439e-20    4.7288716e-19              687                0
   -0.00012219959    2.2609041e-05      0.013868305    -0.0051965918     0.0053771543    -0.0019532247    9.1093825e-31   -1.6021766e-19    -9.156439e-20    4.7288716e-19             2810                1
     0.0015047144     5.896666e-05    -0.0051695723      0.004546586    -0.0080239289    -0.0064366129    9.1093825e-31   -1.6021766e-19    -9.156439e-20    4.7288716e-19             2805                1
     0.0074755237    2.7662216e-05     0.0086876601   -0.00026828758     0.0034589022    0.00042420623    9.1093825e-31   -1.6021766e-19    -9.156439e-20    4.7288716e-19             2677                1
     0.0053643622    4.6951598e-05     0.0032831959     0.0002360998     0.0020360879     -0.000704045    9.1093825e-31   -1.6021766e-19    -9.156439e-20    4.7288716e-19              581                0
   -0.00088288006    8.5965105e-05    -0.0081437463    0.00083349267    -0.0072590215    0.00073216815    9.1093825e-31   -1.6021766e-19    -9.156439e-20    4.7288716e-19             2879                1
     0.0014469062    8.5708976e-05      0.011384747     0.0039046053      0.011222984   -0.00096934382    9.1093825e-31   -1.6021766e-19    -9.156439e-20    4.7288716e-19             2719                1
     0.0013910171    6.9985603e-05     0.0016292072   -9.2996881e-05     0.0035190568     -0.001632433    9.1093825e-31   -1.6021766e-19    -9.156439e-20    4.7288716e-19              641                0
    -0.0015962884     3.974973e-06     -0.012420221    -0.0021477884     0.0042502373    0.00077389763    9.1093825e-31   -1.6021766e-19    -9.156439e-20    4.7288716e-19             2897                1
     0.0018256077    8.8333563e-06      0.011994585   -0.00058903731    -0.0038239697     0.0019695901    9.1093825e-31   -1.6021766e-19    -9.156439e-20    4.7288716e-19             2622                1
     0.0012555249    6.9062517e-05    -0.0092905676     0.0026296405    -0.0077579655    0.00014967221    9.1093825e-31   -1.6021766e-19    -9.156439e-20    4.7288716e-19             2831                1
    -0.0070104133    3.6924493e-07     -0.014231393    -0.0018183941    -0.0017652059   -0.00014402061    9.1093825e-31   -1.6021766e-19    -9.156439e-20    4.7288716e-19              394                0
    -0.0024820103    7.6698117e-05    0.00073569256      0.002870271     0.0074450052     0.0049776514    9.1093825e-31   -1.6021766e-19    -9.156439e-20    4.7288716e-19             2585                1
    0.00035139394    3.5376139e-05    -0.0088341907    -0.0020078884     -0.011689796     0.0033451035    9.1093825e-31   -1.6021766e-19    -9.156439e-20    4.7288716e-19             2793                1
    -0.0026720553    5.2950076e-05     0.0069200518     0.0024123103     0.0077840164      -0.00180774    9.1093825e-31   -1.6021766e-19    -9.156439e-20    4.7288716e-19             2676                1
     0.0022662757    5.7823247e-05    -0.0091576222     0.0025107109    -0.0078876242     0.0042656162    9.1093825e-31   -1.6021766e-19    -9.156439e-20    4.7288716e-19             2777                1
     0.0093994159    5.7596142e-05    -0.0041799098    0.00047133339   -7.8337296e-05     0.0016113877    9.1093825e-31   -1.6021766e-19    -9.156439e-20    4.7288716e-19              821                0
    -0.0018357927    4.2647593e-05     0.0018292107     0.0013606804     -0.011188152    0.00077266764    9.1093825e-31   -1.6021766e-19    -9.156439e-20    4.7288716e-19             2837                1
    -0.0024201691    8.0658945e-05    -0.0022266069     0.0030423575    -0.0072958055    -0.0023376376    9.1093825e-31   -1.6021766e-19    -9.156439e-20    4.7288716e-19             2864                1
   -0.00099457765    3.2974065e-05    -0.0058546555   -0.00023094604     -0.010778135   -0.00018610377    9.1093825e-31   -1.6021766e-19    -9.156439e-20    4.7288716e-19             2782                1
     0.0013843406     6.029932e-05      0.011511724   -0.00077723875      0.010641702    -0.0027537907    9.1093825e-31   -1.6021766e-19    -9.156439e-20    4.7288716e-19             2789                1
    -0.0012542856    5.3746578e-05     0.0066178441   -0.00084626797     0.0084277745   -0.00096447056    9.1093825e-31   -1.6021766e-19    -9.156439e-20    4.7288716e-19             2703                1
    -0.0050837691    9.2461778e-05     -0.010844328    -0.0030850547    -0.0027922108    0.00044562534    9.1093825e-31   -1.6021766e-19    -9.156439e-20    4.7288716e-19             2846                1
    -0.0010206271    5.3663287e-05     0.0060698586    -0.0011644114     0.0077967411    -0.0013166078    9.1093825e-31   -1.6021766e-19    -9.156439e-20    4.7288716e-19             2635                1
    3.3648721e-05    9.9787525e-05    -0.0013734588    -0.0021621305     0.0076223691    -0.0026754511    9.1093825e-31   -1.6021766e-19    -9.156439e-20    4.7288716e-19             2537                1
     0.0010546219    4.1851861e-05     0.0060023507     0.0022688359       0.00717986   -0.00073122111    9.1093825e-31   -1.6021766e-19    -9.156439e-20    4.7288716e-19             2674                1
     0.0075412481    5.7304082e-05     -0.014047637   -5.3018288e-05    -0.0041711209   -2.3071403e-05    9.1093825e-31   -1.6021766e-19    -9.156439e-20    4.7288716e-19             2627                1
    -0.0083588706    3.8278429e-07     0.0084941844    0.00072249665    0.00026887216   -0.00013110631    9.1093825e-31   -1.6021766e-19    -9.156439e-20    4.7288716e-19               58                0
   -0.00098690658    9.1580514e-05     0.0059061171    -0.0010558345    -0.0043295287     0.0021304593    9.1093825e-31   -1.6021766e-19    -9.156439e-20    4.7288716e-19             2883                1
    -0.0015141251    7.4033735e-05    -0.0066365735    -0.0022712827    -0.0046197968   -8.6641492e-05    9.1093825e-31   -1.6021766e-19    -9.156439e-20    4.7288716e-19             2704                1
     0.0040707029    4.7382277e-05     0.0010692052    -0.0015453649     0.0023009253    -0.0015087761    9.1093825e-31   -1.6021766e-19    -9.156439e-20    4.7288716e-19              118                0
     0.0031755753     4.723484e-05      0.014098955   -0.00050890201     0.0081198588      0.002370998    9.1093825e-31   -1.6021766e-19    -9.156439e-20    4.7288716e-19             2791                1
    -0.0094181355    3.6486206e-05    -0.0036263734    0.00051982974    0.00037799595    0.00042816685    9.1093825e-31   -1.6021766e-19    -9.156439e-20    4.7288716e-19              158                0
     0.0047533703     9.259941e-05    -0.0035796552      0.001938883   -0.00066401483   -0.00022823241    9.1093825e-31   -1.6021766e-19    -9.156439e-20    4.7288716e-19             2664                1
    -0.0029083337    3.9265342e-05    -0.0057407496    0.00010580795    -0.0075215758   -4.6116082e-05    9.1093825e-31   -1.6021766e-19    -9.156439e-20    4.7288716e-19             2715                1
    -0.0013672351    3.9631344e-05    -0.0084894653     0.0015486196    -0.0091743441    -0.0016689512    9.1093825e-31   -1.6021766e-19    -9.156439e-20    4.7288716e-19             2736                1
    0.00037822733    8.3904052e-07     -0.008820585    -0.0056748535     0.0041998425     0.0015289725    9.1093825e-31   -1.6021766e-19    -9.156439e-20    4.7288716e-19             2907                1
     0.0068675014    6.8676825e-05     -0.013538407   -0.00046164804   -0.00096975424    0.00094200025    9.1093825e-31   -1.6021766e-19    -9.156439e-20    4.7288716e-19              213                0
     0.0013276578    8.4827698e-05     0.0024419483     0.0021108449    -0.0049171317     -0.002955717    9.1093825e-31   -1.6021766e-19    -9.156439e-20    4.7288716e-19             2863                1
     0.0012142441    8.9819565e-05      0.011399616     0.0020032211      0.011723376     0.0014658173    9.1093825e-31   -1.6021766e-19    -9.156439e-20    4.7288716e-19             2721                1
   -0.00085276435    4.6110246e-05    -0.0084921755     0.0017224343    -0.0086722374     0.0023985142    9.1093825e-31   -1.6021766e-19    -9.156439e-20    4.7288716e-19             2749                1
     0.0030502938    1.3261621e-05      0.014364012   -0.00083542103     0.0038219683    -0.0022484201    9.1093825e-31   -1.6021766e-19    -9.156439e-20    4.7288716e-19             2833                1
    -0.0020114046    4.2368207e-05     0.0044936743    -0.0015458053     0.0073046652   -0.00028421488    9.1093825e-31   -1.6021766e-19    -9.156439e-20    4.7288716e-19             2768                1
    -0.0024121697    9.0411035e-05    -0.0021073814   -0.00034852518    -0.0072172466    0.00020015173    9.1093825e-31   -1.6021766e-19    -9.156439e-20    4.7288716e-19             2887                1
   -0.00090138114     9.234382e-05    -0.0059748781    -0.0014774728     0.0050075748    -0.0011437233    9.1093825e-31   -1.6021766e-19    -9.156439e-20    4.7288716e-19             2649                1
     0.0008733354    1.2140372e-05     0.0026464758    -0.0011242734    0.00013178703     -0.001088604    9.1093825e-31   -1.6021766e-19    -9.156439e-20    4.7288716e-19             2497                1
     0.0011791651    3.3426219e-05      0.013676319    3.6800237e-05     0.0067207231      0.005140726    9.1093825e-31   -1.6021766e-19    -9.156439e-20    4.7288716e-19             2795                1
     0.0019257203    1.3529142e-05     -0.012660478    0.00022015457     0.0043289792    -0.0022453864    9.1093825e-31   -1.6021766e-19    -9.156439e-20    4.7288716e-19             2869                1
   -0.00037860335    4.9923652e-05    0.00032670534     0.0026260673    -0.0070216646     0.0021720189    9.1093825e-31   -1.6021766e-19    -9.156439e-20    4.7288716e-19             2796                1
     0.0011160643    6.4927459e-05    -0.0064871842     0.0013887264     -0.006849736    4.8655016e-05    9.1093825e-31   -1.6021766e-19    -9.156439e-20    4.7288716e-19             2786                1
     0.0015662349    9.2250688e-05     0.0024611193    -0.0012049058    -0.0036455661    0.00052553858    9.1093825e-31   -1.6021766e-19    -9.156439e-20    4.7288716e-19             2881                1
   -0.00092626322     2.152128e-05    -0.0059337807     0.0044417228     -0.011075027     -0.003216173    9.1093825e-31   -1.6021766e-19    -9.156439e-20    4.7288716e-19             2762                1
     0.0032682507    6.4903485e-05     0.0079286555    -0.0007230654     0.0021500785   -0.00054176227    9.1093825e-31   -1.6021766e-19    -9.156439e-20    4.7288716e-19              903                0
    -0.0084735425    4.3681182e-05      0.010175026    0.00099317112    0.00043263077    0.00071635883    9.1093825e-31   -1.6021766e-19    -9.156439e-20    4.7288716e-19              578                0
    -0.0014670315     6.098839e-05    -0.0084811142    -0.0018492114    -0.0069984738    -0.0030472805    9.1093825e-31   -1.6021766e-19    -9.156439e-20    4.7288716e-19             2744                1
     0.0082872622    3.1708805e-05     0.0096095381     0.0017372539    0.00038126507     0.0001475241    9.1093825e-31   -1.6021766e-19    -9.156439e-20    4.7288716e-19              618                0
    -0.0030033477    5.5295739e-05      -0.01031339     0.0027150505    -0.0077751661     0.0015221373    9.1093825e-31   -1.6021766e-19    -9.156439e-20    4.7288716e-19             2760                1
   -4.5231391e-05    9.2363007e-05     0.0035702989    -0.0033578582     0.0097312052    -0.0071668671    9.1093825e-31   -1.6021766e-19    -9.156439e-20    4.7288716e-19             2602                1
    -0.0010136457    9.7795288e-05     0.0059692259     0.0053992448    -0.0055071632     0.0050994726    9.1093825e-31   -1.6021766e-19    -9.156439e-20    4.7288716e-19             2904                1
     0.0034317588      3.59693e-05     0.0090728058    -0.0015592857     0.0068403124     0.0014846263    9.1093825e-31   -1.6021766e-19    -9.156439e-20    4.7288716e-19             2771                1
    0.00098963128    5.9185837e-05    -0.0092370138     0.0031241355    -0.0090432484     0.0030986432    9.1093825e-31   -1.6021766e-19    -9.156439e-20    4.7288716e-19             2822                1
    -0.0042563011    1.0362742e-05     -0.012198103    0.00043734768     0.0066630724   -0.00084940874    9.1093825e-31   -1.6021766e-19    -9.156439e-20    4.7288716e-19             2886                1
     0.0018476303    2.7960299e-05      0.010543437    0.00048659203     0.0054714149    -0.0015872311    9.1093825e-31   -1.6021766e-19    -9.156439e-20    4.7288716e-19             2696                1
    -0.0059437375    5.3747564e-05    -0.0026573264    -0.0006385087    -0.0036432911    -0.0010270802    9.1093825e-31   -1.6021766e-19    -9.156439e-20    4.7288716e-19             2679                1
     0.0018102828    8.9042449e-05       0.01223561   -0.00039799718        0.0133096     0.0041664853    9.1093825e-31   -1.6021766e-19    -9.156439e-20    4.7288716e-19             2775                1
    0.00050820399    8.1905033e-05    0.00024987961      0.003720677    -0.0025573701     0.0036526169    9.1093825e-31   -1.6021766e-19    -9.156439e-20    4.7288716e-19             2803                1
    -0.0066861575    2.6624964e-05     0.0051038712   -0.00046020825     0.0013314891     0.0010693617    9.1093825e-31   -1.6021766e-19    -9.156439e-20    4.7288716e-19              573                0
     0.0018207164    1.8444543e-05      0.010508565     0.0063874656     0.0050810259    -0.0023852573    9.1093825e-31   -1.6021766e-19    -9.156439e-20    4.7288716e-19             2801                1
     0.0022298987    9.5702519e-05   -8.1984355e-05      0.003274133    -0.0073096938    -0.0027797227    9.1093825e-31   -1.6021766e-19    -9.156439e-20    4.7288716e-19             2900                1
     0.0019213103    1.0225075e-05     -0.012653301    -0.0014294811     0.0030933165    0.00044077839    9.1093825e-31   -1.6021766e-19    -9.156439e-20    4.7288716e-19             2870                1
    -0.0022953341    8.9452202e-05     0.0029396662   -0.00029183886    -0.0075475895    -0.0029719528    9.1093825e-31   -1.6021766e-19    -9.156439e-20    4.7288716e-19             2888                1
     0.0002140367     9.914492e-05      0.012411168    0.00080999819    -0.0020401278    0.00016807884    9.1093825e-31   -1.6021766e-19    -9.156439e-20    4.7288716e-19             2905                1
    -0.0012177122    3.4377033e-05      0.006134239     0.0044499794     0.0091413399    -0.0014270304    9.1093825e-31   -1.6021766e-19    -9.156439e-20    4.7288716e-19             2847                1
    0.00017400995    7.3858078e-05     -0.001059923     0.0013678502     0.0073933424     0.0022656005    9.1093825e-31   -1.6021766e-19    -9.156439e-20    4.7288716e-19             2700                1
    -0.0063350606    2.4727562e-05      0.005319023   -0.00084391219     0.0014752098    -0.0027876559    9.1093825e-31   -1.6021766e-19    -9.156439e-20    4.7288716e-19              985                0
    0.00044548977    8.2451101e-05    -0.0038382127    2.7018608e-05    -0.0029651562    -0.0028183633    9.1093825e-31   -1.6021766e-19    -9.156439e-20    4.7288716e-19             2739                1
     0.0076250229     7.083705e-05     0.0007109241   -0.00054812973     0.0009688788      0.001206875    9.1093825e-31   -1.6021766e-19    -9.156439e-20    4.7288716e-19              614                0
     0.0018269108    1.8832528e-05      0.010547723    -0.0013018711      0.004684086    -0.0012188565    9.1093825e-31   -1.6021766e-19    -9.156439e-20    4.7288716e-19             2697                1
   -0.00066464092    9.7231678e-05    -0.0083766589     0.0034840456     0.0008399153    0.00039496031    9.1093825e-31   -1.6021766e-19    -9.156439e-20    4.7288716e-19             2204                1
    9.0321686e-05    4.5066332e-05      -0.01333765   -7.8570178e-05    -0.0031933822     0.0002950888    9.1093825e-31   -1.6021766e-19    -9.156439e-20    4.7288716e-19               79                0
    -0.0021702535    7.2621486e-05     0.0062630828    -0.0015054337     0.0091965441    0.00046574269    9.1093825e-31   -1.6021766e-19    -9.156439e-20    4.7288716e-19             2663                1
   -0.00098275801    9.9510013e-05     0.0059042554     0.0012719703    0.00012066227     0.0010869626    9.1093825e-31   -1.6021766e-19    -9.156439e-20    4.7288716e-19             2884                1
     0.0081704818     5.518899e-05     -0.013347608   -0.00014285131    0.00032324201    0.00082558359    9.1093825e-31   -1.6021766e-19    -9.156439e-20    4.7288716e-19             1982                1
     0.0017676544    9.1051406e-05    -0.0019875362    -0.0017975904    -0.0042459983    -0.0023076916    9.1093825e-31   -1.6021766e-19    -9.156439e-20    4.7288716e-19             2873                1
     0.0014768644    9.6947388e-06    -0.0088899415    -0.0010159295      0.007748832    -0.0002934653    9.1093825e-31   -1.6021766e-19    -9.156439e-20    4.7288716e-19             2891                1
   -0.00043550297    3.7590828e-05     -0.008267968     0.0073576779    -0.0091554513    -0.0026496553    9.1093825e-31   -1.6021766e-19    -9.156439e-20    4.7288716e-19             2726                1
    -0.0016950303     9.484894e-05      0.010680682    -0.0018935144      0.011032988     0.0019305224    9.1093825e-31   -1.6021766e-19    -9.156439e-20    4.7288716e-19             2689                1
     9.696804e-05    4.1285228e-05    -0.0059259129   -0.00089225499      -0.01127873      0.001464964    9.1093825e-31   -1.6021766e-19    -9.156439e-20    4.7288716e-19             2812                1
    -0.0040643327    3.4679102e-05    -0.0096925013    1.4274004e-05     -0.008789137    2.1904443e-05    9.1093825e-31   -1.6021766e-19    -9.156439e-20    4.7288716e-19             2712                1
    0.00087631855    6.9009184e-05      0.006030737    0.00076082326     0.0099188192   -0.00019326844    9.1093825e-31   -1.6021766e-19    -9.156439e-20    4.7288716e-19             2713                1
   -0.00097444729    6.8042638e-05     -0.005841848     0.0024087974    -0.0061726286     0.0014877681    9.1093825e-31   -1.6021766e-19    -9.156439e-20    4.7288716e-19             2783                1
     0.0017883983    7.0129227e-07      0.010483016    -0.0034663228    -0.0028949135    0.00080355559    9.1093825e-31   -1.6021766e-19    -9.156439e-20    4.7288716e-19             2553                1
    -0.0029110652    4.9712558e-05     -0.010441732    -0.0019929188     -0.010645269     0.0035810396    9.1093825e-31   -1.6021766e-19    -9.156439e-20    4.7288716e-19             2826                1
     0.0014251096    5.6791559e-05      0.011419791     -0.002534139      0.010718768     0.0016444124    9.1093825e-31   -1.6021766e-19    -9.156439e-20    4.7288716e-19             2800                1
    -0.0031388574    8.3575927e-05    -0.0017961292    -0.0015801498    -0.0041022226    -0.0024298427    9.1093825e-31   -1.6021766e-19    -9.156439e-20    4.7288716e-19             2843                1
    -0.0032376291    4.6056302e-05      0.006350223     0.0031348218     0.0066598416     0.0087883212    9.1093825e-31   -1.6021766e-19    -9.156439e-20    4.7288716e-19             2628                1
    -0.0035323075    4.0709743e-05     -0.010015846   -0.00064377772    -0.0068180738    -0.0010017947    9.1093825e-31   -1.6021766e-19    -9.156439e-20    4.7288716e-19             2629                1
    -0.0015807393    4.8394035e-05     -0.012475751     0.0015515926    -0.0075267912    0.00097794749    9.1093825e-31   -1.6021766e-19    -9.156439e-20    4.7288716e-19             2637                1
    0.00036903535    2.2534508e-05    -0.0087481365    0.00043658333    -0.0083031589    -0.0013250203    9.1093825e-31   -1.6021766e-19    -9.156439e-20    4.7288716e-19             2640                1
    3.6797297e-05    6.7766399e-05    -0.0011150916     0.0006220144     -0.010327756    -0.0012101635    9.1093825e-31   -1.6021766e-19    -9.156439e-20    4.7288716e-19             2862                1
     0.0018445188      1.86747e-05      0.010720209    -0.0015445902     0.0059977383   -0.00045911063    9.1093825e-31   -1.6021766e-19    -9.156439e-20    4.7288716e-19             2851                1
    0.00011183188     5.573811e-05     -0.011838495      0.001418579    -0.0084745614    -0.0016666844    9.1093825e-31   -1.6021766e-19    -9.156439e-20    4.7288716e-19             2780                1
     0.0017556179    6.6081418e-05      0.012189668    0.00070260232      0.008027995    0.00059736596    9.1093825e-31   -1.6021766e-19    -9.156439e-20    4.7288716e-19             2687                1
   -0.00060314289    5.5067932e-07    -0.0077633755    -0.0014601884    0.00095628266     0.0011299658    9.1093825e-31   -1.6021766e-19    -9.156439e-20    4.7288716e-19             2902                1
    -0.0007014845    6.5808068e-05     0.0068689333    -0.0016609508      0.010927828     0.0022644324    9.1093825e-31   -1.6021766e-19    -9.156439e-20    4.7288716e-19             2776                1
     -0.001512726    8.7921926e-06      -0.01123255    -0.0025112154     0.0085986378     0.0017483146    9.1093825e-31   -1.6021766e-19    -9.156439e-20    4.7288716e-19             2892                1
     0.0010998446     5.009621e-06    -0.0065210522    -0.0026671309     0.0047130389    -0.0069236434    9.1093825e-31   -1.6021766e-19    -9.156439e-20    4.7288716e-19             2893                1
     0.0010358002    4.6965116e-07    -0.0095402524      0.002490211     0.0047441111     0.0062194318    9.1093825e-31   -1.6021766e-19    -9.156439e-20    4.7288716e-19             2908                1
     0.0018804338     8.317005e-07     -0.012485083    0.00090100546      0.008401325    -0.0015481393    9.1093825e-31   -1.6021766e-19    -9.156439e-20    4.7288716e-19             2909                1
     0.0018803506     8.301102e-07     -0.012484819    6.0832976e-05     0.0083852522     0.0011234112    9.1093825e-31   -1.6021766e-19    -9.156439e-20    4.7288716e-19             2910                1
     0.0010985088    9.9708384e-05     0.0058718892    0.00082517182    -0.0029456534   -0.00056737947    9.1093825e-31   -1.6021766e-19    -9.156439e-20    4.7288716e-19             2911                1
