%  ASCII export : 
%
%  Momentum is normalized to the product of particle's mass and speed of light.
%  All other quantities are in SI units.
%
%            posX             posY             posZ             momX             momY             momZ             mass           charge     macro-charge             time       particleID         sourceID

     0.0016911343    7.6800998e-06     0.0024774717      0.004408197     0.0019178591     0.0038190554    9.1093825e-31   -1.6021766e-19    -9.156439e-20    7.0470753e-19             4409                1
     0.0017122249    6.5187989e-05      0.010283956    -0.0012048252    -0.0072080195    -0.0048151156    9.1093825e-31   -1.6021766e-19    -9.156439e-20    7.0470753e-19             4319                1
    -0.0033514965     9.871996e-05      -0.00986645    -0.0015748434    -0.0020302599     0.0014561155    9.1093825e-31   -1.6021766e-19    -9.156439e-20    7.0470753e-19             4479                1
   -0.00044184641    1.0317141e-05    0.00020560078      0.006372069      0.004241887    -0.0030140199    9.1093825e-31   -1.6021766e-19    -9.156439e-20    7.0470753e-19             4434                1
     0.0020537761     2.108535e-05      0.014661399    -0.0019814691     -0.010834531   -0.00072688772    9.1093825e-31   -1.6021766e-19    -9.156439e-20    7.0470753e-19             4281                1
     0.0011559431    7.4695672e-05    -0.0096233059     0.0016760101    -0.0086061815    0.00099282735    9.1093825e-31   -1.6021766e-19    -9.156439e-20    7.0470753e-19             4438                1
     0.0011638111     1.876068e-05     0.0058717984      0.003030434      0.004674173      0.002676314    9.1093825e-31   -1.6021766e-19    -9.156439e-20    7.0470753e-19             4421                1
   -0.00061607343    2.2856144e-05     -0.012293137    0.00041856902     0.0029647087    -0.0011821421    9.1093825e-31   -1.6021766e-19    -9.156439e-20    7.0470753e-19               55                0
    -0.0024200284    6.6984074e-05    -0.0019771759    -0.0040324586      0.010771952   -0.00068740419    9.1093825e-31   -1.6021766e-19    -9.156439e-20    7.0470753e-19             4341                1
    -0.0019421919    4.9052029e-05     0.0064818477    -0.0011934575    -0.0073149824    0.00089713157    9.1093825e-31   -1.6021766e-19    -9.156439e-20    7.0470753e-19             4106                1
     0.0043765409    2.2334189e-05     0.0052282563   -0.00051518786    -0.0027203846   -0.00038251429    9.1093825e-31   -1.6021766e-19    -9.156439e-20    7.0470753e-19              154                0
      0.006712547    7.8494631e-05      -0.01321187     0.0014644153     0.0015951052       0.00139545    9.1093825e-31   -1.6021766e-19    -9.156439e-20    7.0470753e-19              488                0
    -0.0025799728    3.1041629e-05     -0.014759966    -0.0012538416      0.003006669     0.0006408632    9.1093825e-31   -1.6021766e-19    -9.156439e-20    7.0470753e-19               27                0
     0.0027612289    2.2658363e-05      0.012200397      0.005210245     -0.010219963     -0.001354425    9.1093825e-31   -1.6021766e-19    -9.156439e-20    7.0470753e-19             4236                1
   -0.00030509726    3.1024851e-05    -0.0028579948    -0.0038681671     0.0054805656     0.0047108172    9.1093825e-31   -1.6021766e-19    -9.156439e-20    7.0470753e-19             4301                1
     0.0015999022    4.0855855e-05      0.011371532    0.00039052661    -0.0091111744    -0.0037053409    9.1093825e-31   -1.6021766e-19    -9.156439e-20    7.0470753e-19             4254                1
   -0.00011433412    7.9548394e-05      0.013862342     0.0073493347    -0.0050753118   -6.5223816e-05    9.1093825e-31   -1.6021766e-19    -9.156439e-20    7.0470753e-19             4308                1
    -0.0016788431    5.1397328e-05      0.010614328    -0.0011068881    -0.0080256788     0.0017784446    9.1093825e-31   -1.6021766e-19    -9.156439e-20    7.0470753e-19             4245                1
       -0.0010234    7.1608838e-06     0.0060041966    -0.0026090702     0.0054240632    -0.0022212937    9.1093825e-31   -1.6021766e-19    -9.156439e-20    7.0470753e-19             4464                1
    -0.0013184237     4.405405e-05     0.0067367773    -0.0027563171    -0.0077836327     0.0035674842    9.1093825e-31   -1.6021766e-19    -9.156439e-20    7.0470753e-19             4103                1
    -0.0026745459    1.9250698e-05     0.0069363578    -0.0015702974    -0.0077443528     0.0010755465    9.1093825e-31   -1.6021766e-19    -9.156439e-20    7.0470753e-19             3990                1
    -0.0016433415    4.8069782e-05     -0.012469378    -0.0028056225     0.0077428645     -0.004878663    9.1093825e-31   -1.6021766e-19    -9.156439e-20    7.0470753e-19             4244                1
    -0.0050715329    4.7184436e-05     0.0089033674      0.001425558    -0.0020330157   -0.00043797592    9.1093825e-31   -1.6021766e-19    -9.156439e-20    7.0470753e-19              355                0
     0.0075811371     2.727583e-06     -0.011816567   -0.00079690869    0.00067692687    0.00070921099    9.1093825e-31   -1.6021766e-19    -9.156439e-20    7.0470753e-19              451                0
      0.002056306    6.8495021e-05      0.014716694    -0.0017040975    -0.0056660804     0.0052704271    9.1093825e-31   -1.6021766e-19    -9.156439e-20    7.0470753e-19             4282                1
    -0.0064362101    1.8811783e-05    -0.0019259392   -0.00016772453   -0.00090968667    0.00093338219    9.1093825e-31   -1.6021766e-19    -9.156439e-20    7.0470753e-19               32                0
    8.7061606e-05    6.7397327e-06    -0.0011102795    -0.0052817268     0.0031356525     0.0018742566    9.1093825e-31   -1.6021766e-19    -9.156439e-20    7.0470753e-19             4435                1
     0.0080804499    1.5186856e-05    0.00056908175    -0.0016347882   -0.00076719391    -0.0006216857    9.1093825e-31   -1.6021766e-19    -9.156439e-20    7.0470753e-19              455                0
     0.0048667742    2.3766403e-05     0.0071954899    -0.0031598678    -0.0081894286     0.0011882613    9.1093825e-31   -1.6021766e-19    -9.156439e-20    7.0470753e-19             4134                1
      -0.00293917    6.1342871e-05     -0.010693884    0.00077137491     0.0085925497    -0.0033777612    9.1093825e-31   -1.6021766e-19    -9.156439e-20    7.0470753e-19             4205                1
    -0.0025506113    4.8734069e-06    -0.0018985837    0.00084668829     0.0041449456      0.001724819    9.1093825e-31   -1.6021766e-19    -9.156439e-20    7.0470753e-19             4465                1
   -0.00067593617    9.4187999e-05    -0.0079244804     0.0020806608     5.086079e-06     0.0014668572    9.1093825e-31   -1.6021766e-19    -9.156439e-20    7.0470753e-19             4412                1
   -0.00017122741     3.986423e-05      0.013871182    0.00025445377     -0.010019331     0.0010458161    9.1093825e-31   -1.6021766e-19    -9.156439e-20    7.0470753e-19             4309                1
    0.00094945711    1.6850276e-05     0.0025058098    -0.0033966745     0.0019516982   -0.00014123241    9.1093825e-31   -1.6021766e-19    -9.156439e-20    7.0470753e-19             4342                1
     0.0011742669      5.28253e-05      0.011283984    -0.0020216331    -0.0071876217    -0.0022071917    9.1093825e-31   -1.6021766e-19    -9.156439e-20    7.0470753e-19             4163                1
   -0.00050827558    4.9093476e-05      -0.00829353    0.00062996056      0.011043152   -0.00010887121    9.1093825e-31   -1.6021766e-19    -9.156439e-20    7.0470753e-19             4385                1
     0.0016639442    5.0501723e-05    -0.0051356228     0.0057245996     0.0095142061   -0.00067101553    9.1093825e-31   -1.6021766e-19    -9.156439e-20    7.0470753e-19             4356                1
   -9.5811643e-05    8.3891327e-06     0.0041851653     -0.003139185     -0.010146617    -0.0053129252    9.1093825e-31   -1.6021766e-19    -9.156439e-20    7.0470753e-19             4161                1
     0.0024767299    1.1984285e-05    -0.0093070185    -2.726596e-05     0.0057662935     0.0022301506    9.1093825e-31   -1.6021766e-19    -9.156439e-20    7.0470753e-19             4443                1
    -0.0063007944    1.1904988e-05     0.0037517867     0.0030403051    -0.0018564371     -0.001591278    9.1093825e-31   -1.6021766e-19    -9.156439e-20    7.0470753e-19              695                0
     0.0012112071    7.7467384e-06      0.011506409     -0.002571451    -0.0091887238     0.0029934698    9.1093825e-31   -1.6021766e-19    -9.156439e-20    7.0470753e-19             4089                1
     -0.004259692    9.9746212e-05    -0.0096974391    -0.0014933225      0.012511308   -0.00052105082    9.1093825e-31   -1.6021766e-19    -9.156439e-20    7.0470753e-19             4250                1
     0.0013442325    7.8284051e-05      0.011355092     0.0019593076    -0.0043326826    -0.0014240949    9.1093825e-31   -1.6021766e-19    -9.156439e-20    7.0470753e-19             4056                1
     0.0026937395    4.1548836e-05      0.012277006     0.0027331212    -0.0085671041     0.0018974314    9.1093825e-31   -1.6021766e-19    -9.156439e-20    7.0470753e-19             4243                1
    0.00092758489    1.0273046e-05    -0.0064804549    5.1654264e-05     0.0061574872    4.9379116e-05    9.1093825e-31   -1.6021766e-19    -9.156439e-20    7.0470753e-19             4454                1
    0.00020284964     9.595673e-06    0.00021012944     0.0054440568     0.0046688952   -0.00053025928    9.1093825e-31   -1.6021766e-19    -9.156439e-20    7.0470753e-19             4445                1
     0.0019457469    9.9046272e-05     -0.012349543     -0.005811173      0.010728372    -0.0018364128    9.1093825e-31   -1.6021766e-19    -9.156439e-20    7.0470753e-19             4118                1
     0.0012729759    4.4172757e-06     0.0025612807    -0.0065133348    0.00051625125    -0.0014719497    9.1093825e-31   -1.6021766e-19    -9.156439e-20    7.0470753e-19             4370                1
    -0.0032622055    6.7176923e-05    -0.0099250441      0.005579093     0.0086511979    -0.0016776345    9.1093825e-31   -1.6021766e-19    -9.156439e-20    7.0470753e-19             4166                1
    0.00042415937    8.6850787e-06    0.00022087109   -0.00099396985    -0.0073463446     0.0015910702    9.1093825e-31   -1.6021766e-19    -9.156439e-20    7.0470753e-19             4055                1
     0.0020391471    5.3769552e-05      0.014602516    0.00040135373    -0.0061920141   -0.00084236881    9.1093825e-31   -1.6021766e-19    -9.156439e-20    7.0470753e-19             4208                1
     0.0060033649    3.1353407e-05     0.0049040169    -0.0010578801     -0.001863675    0.00066450448    9.1093825e-31   -1.6021766e-19    -9.156439e-20    7.0470753e-19              751                0
     0.0011174286    6.3009291e-05      0.013698383    -0.0034196614    -0.0078283949     -0.005134406    9.1093825e-31   -1.6021766e-19    -9.156439e-20    7.0470753e-19             4364                1
    -0.0037004582    4.4086544e-05      0.011520028    0.00072525087    -0.0093100676    0.00073970109    9.1093825e-31   -1.6021766e-19    -9.156439e-20    7.0470753e-19             4307                1
    -0.0017921877    2.5936812e-05     0.0020268813     0.0028374223     0.0027652455     0.0036192904    9.1093825e-31   -1.6021766e-19    -9.156439e-20    7.0470753e-19             4313                1
    -0.0075094448    5.0277464e-05    -0.0073572933    -0.0011981354    0.00028310789    -0.0026722525    9.1093825e-31   -1.6021766e-19    -9.156439e-20    7.0470753e-19              532                0
   -0.00022224593    8.0316691e-05    -0.0083995787    0.00071159314       0.01017879    0.00018847127    9.1093825e-31   -1.6021766e-19    -9.156439e-20    7.0470753e-19             4178                1
    -0.0030888459    3.3260007e-05    -0.0018871068    0.00039079372     0.0077587501    0.00039257228    9.1093825e-31   -1.6021766e-19    -9.156439e-20    7.0470753e-19             4396                1
    -0.0015845929    9.8997029e-05     -0.011163947     0.0033841748      0.011907471      0.001689911    9.1093825e-31   -1.6021766e-19    -9.156439e-20    7.0470753e-19             4185                1
     0.0014431904    3.5279161e-05    -0.0050636483      0.010424767     0.0062515205     0.0014505064    9.1093825e-31   -1.6021766e-19    -9.156439e-20    7.0470753e-19             4283                1
   -0.00090253656    4.2598043e-05     0.0057441173     0.0023133575    -0.0073306467     0.0055301287    9.1093825e-31   -1.6021766e-19    -9.156439e-20    7.0470753e-19             4029                1
    -0.0019137425    7.7617269e-06     0.0017779536      0.001598821     0.0028774776    -0.0012129815    9.1093825e-31   -1.6021766e-19    -9.156439e-20    7.0470753e-19             4431                1
    0.00047249516    1.2531928e-05    0.00019964107    -0.0050225002    -0.0068162661    -0.0011551081    9.1093825e-31   -1.6021766e-19    -9.156439e-20    7.0470753e-19             3975                1
       0.00123901    5.2509629e-05       0.01149045    -0.0008040354    -0.0063496805     0.0019728597    9.1093825e-31   -1.6021766e-19    -9.156439e-20    7.0470753e-19             4088                1
     0.0014568431     9.812956e-05     -0.012976016   -0.00026159524    -0.0094356006    -0.0013171008    9.1093825e-31   -1.6021766e-19    -9.156439e-20    7.0470753e-19             4494                1
   -0.00091674953    7.7214892e-05    -0.0058179968     0.0027137804       0.01123649    7.1509552e-05    9.1093825e-31   -1.6021766e-19    -9.156439e-20    7.0470753e-19             4285                1
    0.00099887466    7.8822064e-05      0.013655803    -0.0035522494    -0.0051724282      0.001124374    9.1093825e-31   -1.6021766e-19    -9.156439e-20    7.0470753e-19             4312                1
     0.0010513677    7.2435971e-05    -0.0092509585    9.1320006e-05      0.010176232    0.00052083918    9.1093825e-31   -1.6021766e-19    -9.156439e-20    7.0470753e-19             4226                1
    -0.0013979671    5.6107274e-05    -0.0084108468   -0.00016189038     0.0080902819     0.0051172972    9.1093825e-31   -1.6021766e-19    -9.156439e-20    7.0470753e-19             4175                1
    -0.0082800174    8.8033317e-05      0.014764878    5.0362225e-05    0.00033638612     0.0012155089    9.1093825e-31   -1.6021766e-19    -9.156439e-20    7.0470753e-19              719                0
    -0.0091332961    5.6318277e-06     0.0025368596   -0.00067205599   -0.00075490645     0.0014008186    9.1093825e-31   -1.6021766e-19    -9.156439e-20    7.0470753e-19              874                0
    -0.0008796149     8.576949e-05    -0.0084121181   -0.00029049153      0.010786877    -0.0018482213    9.1093825e-31   -1.6021766e-19    -9.156439e-20    7.0470753e-19             4193                1
     0.0017909214    8.3763498e-06      0.012132142    -0.0044711442     -0.011747943      0.001832019    9.1093825e-31   -1.6021766e-19    -9.156439e-20    7.0470753e-19             4237                1
    -0.0040931283    6.5328612e-05      0.005944245     0.0015356432    -0.0026777685    -0.0007819687    9.1093825e-31   -1.6021766e-19    -9.156439e-20    7.0470753e-19              628                0
    -0.0023755587    1.4536473e-05    -0.0019471616     0.0022898384     0.0032991935     0.0035762917    9.1093825e-31   -1.6021766e-19    -9.156439e-20    7.0470753e-19             4340                1
     0.0011219411    2.3070306e-05     0.0077112787   -0.00019358096    -0.0085041123    -3.377756e-05    9.1093825e-31   -1.6021766e-19    -9.156439e-20    7.0470753e-19             4050                1
     0.0049850591    4.5797187e-05    -0.0031922588     0.0045680273    -0.0029817177     0.0027480412    9.1093825e-31   -1.6021766e-19    -9.156439e-20    7.0470753e-19             3939                1
    -0.0018604707    4.7793626e-05     0.0019394006   -0.00083275459     0.0070777736     0.0010374957    9.1093825e-31   -1.6021766e-19    -9.156439e-20    7.0470753e-19             4362                1
     0.0072253663    7.6142962e-05      0.006149821   -0.00058873108    -0.0012780302     0.0019555816    9.1093825e-31   -1.6021766e-19    -9.156439e-20    7.0470753e-19              828                0
      0.001126247    1.0389137e-05    -0.0064057023    -0.0012887301     0.0052582747     0.0010563022    9.1093825e-31   -1.6021766e-19    -9.156439e-20    7.0470753e-19             4444                1
     0.0015113489    9.7328574e-08       0.01139207     0.0059562116     -0.011842402    -0.0032758897    9.1093825e-31   -1.6021766e-19    -9.156439e-20    7.0470753e-19             4194                1
    -0.0025139994    1.0467021e-05    -0.0019489897    0.00070263073     0.0023057896    0.00096086238    9.1093825e-31   -1.6021766e-19    -9.156439e-20    7.0470753e-19             4287                1
    -0.0002532074    4.1218475e-05    -0.0029659728    0.00096285663     0.0096022431    -0.0003312561    9.1093825e-31   -1.6021766e-19    -9.156439e-20    7.0470753e-19             4392                1
      0.002009812    7.2822681e-05     -0.012328073    -0.0024478822    -0.0035910062    0.00087150687    9.1093825e-31   -1.6021766e-19    -9.156439e-20    7.0470753e-19             4382                1
     0.0081492672    8.9380126e-05     -0.012447843    -0.0022092981     0.0011293617     0.0022226453    9.1093825e-31   -1.6021766e-19    -9.156439e-20    7.0470753e-19              586                0
     0.0014618123    7.3211057e-05    -0.0054513677     0.0058880164      0.012064704    -0.0034283937    9.1093825e-31   -1.6021766e-19    -9.156439e-20    7.0470753e-19             4325                1
    -0.0049465317     6.254598e-05    -0.0052936589    0.00098834466    0.00025781328   -0.00094721228    9.1093825e-31   -1.6021766e-19    -9.156439e-20    7.0470753e-19              660                0
    -0.0021080337    7.6397937e-06     0.0063554072    0.00094907323    -0.0054686568   -0.00028995704    9.1093825e-31   -1.6021766e-19    -9.156439e-20    7.0470753e-19             3394                1
    -0.0077071297    2.6146008e-05      0.011147711    0.00059262651   -0.00063957163      0.001523259    9.1093825e-31   -1.6021766e-19    -9.156439e-20    7.0470753e-19              652                0
     0.0015844622    4.4690987e-06      0.010353418    -0.0041882577     -0.012219574   -0.00028431939    9.1093825e-31   -1.6021766e-19    -9.156439e-20    7.0470753e-19             4227                1
     0.0028377606    1.9016878e-05    -0.0071945954     0.0032691064     0.0047546998     0.0040466851    9.1093825e-31   -1.6021766e-19    -9.156439e-20    7.0470753e-19             4269                1
    4.2347066e-05    3.3430668e-05     0.0038560049     0.0032358253     -0.007520671    -0.0025640756    9.1093825e-31   -1.6021766e-19    -9.156439e-20    7.0470753e-19             4015                1
    0.00019350569    1.8329582e-06    -0.0010194469     0.0025865685    0.00099435484     0.0039741388    9.1093825e-31   -1.6021766e-19    -9.156439e-20    7.0470753e-19             4288                1
    -0.0013202981    8.4443112e-05     -0.014127697    -0.0066458019     -0.002996275   -0.00029993779    9.1093825e-31   -1.6021766e-19    -9.156439e-20    7.0470753e-19             4404                1
    -0.0012214169    4.2585467e-05     0.0062318984    -0.0014952741    -0.0074228994     0.0046629035    9.1093825e-31   -1.6021766e-19    -9.156439e-20    7.0470753e-19             4043                1
   -0.00051594974    7.2143092e-05    -0.0026125615    0.00029748457      0.011023668    -0.0001863592    9.1093825e-31   -1.6021766e-19    -9.156439e-20    7.0470753e-19             4320                1
     0.0012337293    5.7284058e-05      0.011372851     -0.001120868    -0.0094618285     -0.005256901    9.1093825e-31   -1.6021766e-19    -9.156439e-20    7.0470753e-19             4375                1
    -0.0031049279    2.4801206e-05    -0.0018324786    -0.0034148267     0.0064310092    -0.0012313317    9.1093825e-31   -1.6021766e-19    -9.156439e-20    7.0470753e-19             4401                1
    -0.0033492183    1.4693265e-05     -0.012675531   -0.00090943475     0.0026167003    -0.0015395072    9.1093825e-31   -1.6021766e-19    -9.156439e-20    7.0470753e-19              900                0
    -0.0064217472    2.3510405e-05    -0.0089247832     0.0008776281     0.0010294769    -0.0013279658    9.1093825e-31   -1.6021766e-19    -9.156439e-20    7.0470753e-19              132                0
     0.0015274216    5.8170303e-05       0.01137009    0.00082329562    -0.0093721924    -0.0048938268    9.1093825e-31   -1.6021766e-19    -9.156439e-20    7.0470753e-19             4379                1
    0.00068439747    6.1359942e-06    0.00030941016     0.0049340148    -0.0071602412     0.0040029967    9.1093825e-31   -1.6021766e-19    -9.156439e-20    7.0470753e-19             3974                1
    -0.0024869449    5.4357319e-05    0.00094800245     0.0010145369    -0.0046144789      0.007655221    9.1093825e-31   -1.6021766e-19    -9.156439e-20    7.0470753e-19             3863                1
     0.0078638047    5.3009277e-05     -0.013184523     0.0024050546     0.0010097977    -0.0016999831    9.1093825e-31   -1.6021766e-19    -9.156439e-20    7.0470753e-19              311                0
     0.0019113511    4.2863401e-05      0.012217056    -0.0014517956    -0.0069733006    0.00034787389    9.1093825e-31   -1.6021766e-19    -9.156439e-20    7.0470753e-19             4124                1
    -7.997085e-05    1.2803241e-05     0.0034565253     0.0035371506     0.0032855482      0.002661013    9.1093825e-31   -1.6021766e-19    -9.156439e-20    7.0470753e-19             4416                1
    -0.0013579344    4.7541012e-05    -0.0066526532    -0.0012678503      0.009258654      0.002767144    9.1093825e-31   -1.6021766e-19    -9.156439e-20    7.0470753e-19             4346                1
    -0.0011891397    3.6388261e-05    -0.0086483164    -0.0010770638     0.0081050638    -0.0021890362    9.1093825e-31   -1.6021766e-19    -9.156439e-20    7.0470753e-19             4368                1
    -0.0025996692    3.6739984e-05    0.00084478967    -0.0033108199      0.010202835     0.0036498422    9.1093825e-31   -1.6021766e-19    -9.156439e-20    7.0470753e-19             4417                1
      0.002031523    3.8406321e-05      0.014564405   -0.00025222337    -0.0075222407    -0.0041026026    9.1093825e-31   -1.6021766e-19    -9.156439e-20    7.0470753e-19             4207                1
   -0.00097301503    2.0956384e-05     0.0055949772   -0.00013519761    -0.0087360749    -3.078581e-05    9.1093825e-31   -1.6021766e-19    -9.156439e-20    7.0470753e-19             4062                1
    -0.0042247307    7.3936833e-05    -0.0097401924     0.0019689887     0.0099712759    -0.0047597019    9.1093825e-31   -1.6021766e-19    -9.156439e-20    7.0470753e-19             4251                1
    -0.0026002671    7.3073002e-06     0.0069127139    -0.0022957264     0.0026559841    -0.0015454596    9.1093825e-31   -1.6021766e-19    -9.156439e-20    7.0470753e-19             4442                1
     0.0078803739    5.7908041e-05     0.0085846493    -0.0002878551   -0.00075567287     0.0012622606    9.1093825e-31   -1.6021766e-19    -9.156439e-20    7.0470753e-19              254                0
     0.0058193696    4.5732031e-05     0.0043560965   -0.00057952577     -0.002135393   -0.00087992888    9.1093825e-31   -1.6021766e-19    -9.156439e-20    7.0470753e-19              270                0
    -0.0020972285    2.2312228e-05     0.0062880679    9.6348515e-07    -0.0089217862    -0.0017977135    9.1093825e-31   -1.6021766e-19    -9.156439e-20    7.0470753e-19             4093                1
      -0.00319468     7.468657e-05     0.0065379315    -0.0010800534    9.4484123e-05    -0.0032082619    9.1093825e-31   -1.6021766e-19    -9.156439e-20    7.0470753e-19             4008                1
     0.0016496629    3.1176936e-05    -0.0052746455     0.0042237975     0.0066113793     0.0094663985    9.1093825e-31   -1.6021766e-19    -9.156439e-20    7.0470753e-19             4343                1
     0.0016728542    3.9208429e-05     0.0024561533   -0.00097102573     0.0074080103    0.00068684586    9.1093825e-31   -1.6021766e-19    -9.156439e-20    7.0470753e-19             4388                1
     0.0023787837    4.6784582e-05    -0.0074855988    8.5388136e-05     0.0071966313     0.0033918363    9.1093825e-31   -1.6021766e-19    -9.156439e-20    7.0470753e-19             4221                1
    0.00030600966    4.9087002e-06    -0.0037185957    -0.0036448461    -0.0044889101   -0.00067524088    9.1093825e-31   -1.6021766e-19    -9.156439e-20    7.0470753e-19             3858                1
     0.0047151502    4.2902655e-05    -0.0031596688     0.0014860844    -0.0037241189     0.0019871814    9.1093825e-31   -1.6021766e-19    -9.156439e-20    7.0470753e-19             4184                1
   -0.00011390443    3.5962952e-05     0.0032751283   -2.9533654e-05     0.0094828298   -0.00013094267    9.1093825e-31   -1.6021766e-19    -9.156439e-20    7.0470753e-19             4418                1
     0.0035296027    8.0276637e-05      0.012603192     0.0095091872    -0.0048728781   -0.00020567907    9.1093825e-31   -1.6021766e-19    -9.156439e-20    7.0470753e-19             4331                1
     0.0014614817    1.1720014e-05      0.011329602    -0.0028169104     0.0055853305     -0.001172637    9.1093825e-31   -1.6021766e-19    -9.156439e-20    7.0470753e-19             4455                1
   -0.00052401028    4.8581319e-06     0.0067337421    -0.0060258089     0.0030399109     0.0016919008    9.1093825e-31   -1.6021766e-19    -9.156439e-20    7.0470753e-19             4460                1
   -8.6437474e-05    2.3754821e-05     0.0034661556     0.0018182721      0.006195588     0.0052208072    9.1093825e-31   -1.6021766e-19    -9.156439e-20    7.0470753e-19             4415                1
    -0.0093809348    9.5755859e-05     -0.006604075    0.00038796765     0.0001304335    0.00041476576    9.1093825e-31   -1.6021766e-19    -9.156439e-20    7.0470753e-19              192                0
    -0.0016479742    9.5683754e-05     -0.012389671    -0.0036272844   -0.00047338248     -0.001016216    9.1093825e-31   -1.6021766e-19    -9.156439e-20    7.0470753e-19             4424                1
    -0.0008916044    1.8110515e-05    -0.0029392876    -0.0061536497     0.0055969721     0.0024201819    9.1093825e-31   -1.6021766e-19    -9.156439e-20    7.0470753e-19             4407                1
    -0.0010190323    1.1028223e-05     0.0060067279    0.00078483159     0.0084290747   -0.00025475642    9.1093825e-31   -1.6021766e-19    -9.156439e-20    7.0470753e-19             4463                1
     0.0036325734    9.2697046e-06     0.0035757662     0.0012287801     -0.002994433     0.0021995346    9.1093825e-31   -1.6021766e-19    -9.156439e-20    7.0470753e-19              991                0
    -0.0016062545    1.6503162e-05      0.010683829     0.0007558522      -0.01318768     0.0020060258    9.1093825e-31   -1.6021766e-19    -9.156439e-20    7.0470753e-19             4310                1
    -0.0090605486    8.8655906e-06    -0.0020213048     0.0011659518   -0.00031135028   -0.00095278316    9.1093825e-31   -1.6021766e-19    -9.156439e-20    7.0470753e-19              212                0
     0.0015029364    9.4743918e-05     -0.013133856     -0.002697523    -0.0057992423    -0.0019286717    9.1093825e-31   -1.6021766e-19    -9.156439e-20    7.0470753e-19             4470                1
     0.0093676774    6.1193009e-06     -0.009325223     0.0011488879    0.00020799575    -0.0014043951    9.1093825e-31   -1.6021766e-19    -9.156439e-20    7.0470753e-19              690                0
    -0.0016551596    7.5524433e-05     -0.012403036    -0.0057000667    -0.0062918197    -0.0048767412    9.1093825e-31   -1.6021766e-19    -9.156439e-20    7.0470753e-19             4425                1
    0.00028318676    5.1695115e-05    -0.0089260647      0.002415987      0.008317885     0.0027284501    9.1093825e-31   -1.6021766e-19    -9.156439e-20    7.0470753e-19             4232                1
    -0.0086227702     1.924481e-05    -0.0011122165    0.00089598272   -0.00064205268    0.00099271419    9.1093825e-31   -1.6021766e-19    -9.156439e-20    7.0470753e-19              750                0
    -0.0036936649    5.6622852e-05      0.011582366    -0.0050078565    -0.0072738896      0.006124326    9.1093825e-31   -1.6021766e-19    -9.156439e-20    7.0470753e-19             4284                1
   -0.00072496536    9.1618684e-05    -0.0084774178     0.0012910311      0.011417031   -0.00055702339    9.1093825e-31   -1.6021766e-19    -9.156439e-20    7.0470753e-19             4204                1
   -0.00036910662    7.6930439e-05    -0.0082917456    0.00047127833     0.0089691859   -0.00033050994    9.1093825e-31   -1.6021766e-19    -9.156439e-20    7.0470753e-19             4133                1
    -0.0030931155    5.7048046e-06    -0.0018926539   -0.00047456377     0.0021935692   -0.00073208095    9.1093825e-31   -1.6021766e-19    -9.156439e-20    7.0470753e-19             4395                1
    -0.0057779606    5.6422192e-05      0.005940292    -0.0011639447    -0.0018683833     0.0010293624    9.1093825e-31   -1.6021766e-19    -9.156439e-20    7.0470753e-19              220                0
     0.0011190519    3.8669401e-05    -0.0068172333   -3.6959857e-06     0.0070724934    0.00092962355    9.1093825e-31   -1.6021766e-19    -9.156439e-20    7.0470753e-19             4275                1
     0.0060819043     5.003329e-05    -0.0085474178    -0.0026914789     0.0011842062   -0.00053942442    9.1093825e-31   -1.6021766e-19    -9.156439e-20    7.0470753e-19              931                0
     0.0014512816    9.8128599e-05    -0.0088347374    -0.0036445034    -0.0029886449     0.0016977504    9.1093825e-31   -1.6021766e-19    -9.156439e-20    7.0470753e-19             4480                1
      0.001148721    1.8184885e-05     0.0058644488    -0.0012036652     0.0045119254    0.00061419525    9.1093825e-31   -1.6021766e-19    -9.156439e-20    7.0470753e-19             4422                1
     0.0015066051    8.6510932e-05    -0.0088798022     0.0029065018    -0.0035272073   -0.00037576153    9.1093825e-31   -1.6021766e-19    -9.156439e-20    7.0470753e-19             4432                1
     0.0015265084    8.0665013e-05     -0.012940558     0.0016479573      0.010211105    -0.0032730014    9.1093825e-31   -1.6021766e-19    -9.156439e-20    7.0470753e-19             4195                1
     0.0013171292    7.0950024e-05      0.011385751    -0.0026201545    -0.0061550164   -0.00028704197    9.1093825e-31   -1.6021766e-19    -9.156439e-20    7.0470753e-19             4259                1
     0.0058129691    1.6666185e-05    -0.0032156908    -0.0010684868   -0.00049543404     -0.002277527    9.1093825e-31   -1.6021766e-19    -9.156439e-20    7.0470753e-19              256                0
     0.0012333373    6.2064166e-05      0.011379248    -0.0013668755    -0.0065249014    -0.0056097237    9.1093825e-31   -1.6021766e-19    -9.156439e-20    7.0470753e-19             4169                1
    -0.0013933779    1.8175982e-05     0.0055999388    -0.0048278486     0.0081026759     0.0010225222    9.1093825e-31   -1.6021766e-19    -9.156439e-20    7.0470753e-19             4447                1
   -0.00086636131    2.7074773e-05    -0.0027966041    -0.0008048013     0.0080118943     0.0030523064    9.1093825e-31   -1.6021766e-19    -9.156439e-20    7.0470753e-19             4413                1
     -0.001544054    6.9944886e-05     -0.012466338     0.0014726612     0.0093873395    -0.0011323014    9.1093825e-31   -1.6021766e-19    -9.156439e-20    7.0470753e-19             4188                1
    -0.0094086267    9.4853167e-05     0.0020133615    -0.0022469098     6.749163e-05    -0.0018363157    9.1093825e-31   -1.6021766e-19    -9.156439e-20    7.0470753e-19              978                0
     0.0015863876    2.2749493e-05    -0.0052441838    -0.0017967669     0.0081354575     0.0049109138    9.1093825e-31   -1.6021766e-19    -9.156439e-20    7.0470753e-19             4427                1
     0.0094264736    1.2740827e-05    0.00089593139     0.0014222476   -0.00062545337   -0.00017840609    9.1093825e-31   -1.6021766e-19    -9.156439e-20    7.0470753e-19              637                0
     0.0010500058    1.0743673e-05      0.013700232   -0.00045428405      -0.01208986     0.0057703527    9.1093825e-31   -1.6021766e-19    -9.156439e-20    7.0470753e-19             4271                1
     0.0011452845    5.7189365e-05    -0.0065287198     0.0025127465     0.0098465458    -0.0021097062    9.1093825e-31   -1.6021766e-19    -9.156439e-20    7.0470753e-19             4315                1
     0.0046467609    8.6241896e-05     0.0022802351   -0.00066177646    -0.0021095264     0.0011533981    9.1093825e-31   -1.6021766e-19    -9.156439e-20    7.0470753e-19              229                0
     0.0015769998    5.8888305e-05      0.011398062     -0.001899701    -0.0073030498    -0.0010559806    9.1093825e-31   -1.6021766e-19    -9.156439e-20    7.0470753e-19             4255                1
     -0.008477346    2.3096396e-05    -0.0015015526    0.00079388689   -0.00063243881   -0.00040299195    9.1093825e-31   -1.6021766e-19    -9.156439e-20    7.0470753e-19              894                0
     0.0075472058     9.495164e-05      0.005582775   -0.00099029567   -0.00098721043     0.0030266687    9.1093825e-31   -1.6021766e-19    -9.156439e-20    7.0470753e-19              219                0
     0.0080781123    1.4934121e-05    -0.0029031723      0.001680724   -0.00063133321     0.0023101608    9.1093825e-31   -1.6021766e-19    -9.156439e-20    7.0470753e-19              309                0
    -0.0089673931     6.899079e-05      0.011156492   -0.00023974178   -7.3686919e-05   -0.00060472573    9.1093825e-31   -1.6021766e-19    -9.156439e-20    7.0470753e-19              329                0
     0.0016979233    4.0203449e-05     0.0024216108     0.0038069023     0.0076063983    -0.0058967541    9.1093825e-31   -1.6021766e-19    -9.156439e-20    7.0470753e-19             4389                1
     0.0089418404     6.120203e-05     0.0081159137    -0.0010020675    -0.0003203004     0.0016580708    9.1093825e-31   -1.6021766e-19    -9.156439e-20    7.0470753e-19              369                0
     0.0032337615    5.8471578e-05       0.01402844     0.0011302414    -0.0069718058    7.3308758e-05    9.1093825e-31   -1.6021766e-19    -9.156439e-20    7.0470753e-19             4290                1
   -0.00018228113     1.023841e-05     0.0033849862    -0.0022962927    -0.0085312175    -0.0021031285    9.1093825e-31   -1.6021766e-19    -9.156439e-20    7.0470753e-19             4011                1
    -0.0011012611    8.3149076e-05     0.0062031611    0.00072532234    -0.0042239758     0.0017614574    9.1093825e-31   -1.6021766e-19    -9.156439e-20    7.0470753e-19             4371                1
   -0.00054712885     3.680502e-05     0.0094787814   -0.00028800714     -0.010626091   -0.00029298963    9.1093825e-31   -1.6021766e-19    -9.156439e-20    7.0470753e-19             4302                1
      0.001841092    3.4200129e-05    -0.0020166631    -0.0023396693     0.0060233916      0.006480217    9.1093825e-31   -1.6021766e-19    -9.156439e-20    7.0470753e-19             4329                1
     0.0018837935    3.8633989e-05      0.012064559    -0.0033456744    -0.0073152995     -0.010130805    9.1093825e-31   -1.6021766e-19    -9.156439e-20    7.0470753e-19             4123                1
    -0.0020159269    1.2771844e-05     0.0063911281     0.0025548099     -0.011013865     0.0026011211    9.1093825e-31   -1.6021766e-19    -9.156439e-20    7.0470753e-19             4228                1
     0.0071680266    7.0040936e-05    0.00078155927     -0.001506262    -0.0007549419   -0.00085187564    9.1093825e-31   -1.6021766e-19    -9.156439e-20    7.0470753e-19              476                0
    -0.0047840518    5.9741236e-05     -0.012920688      0.001295347     0.0025622838    -0.0016438755    9.1093825e-31   -1.6021766e-19    -9.156439e-20    7.0470753e-19              549                0
    0.00074369845    3.9031886e-05     0.0010769027     0.0014084643     0.0087920595    -0.0023114451    9.1093825e-31   -1.6021766e-19    -9.156439e-20    7.0470753e-19             4400                1
    -0.0019764053    5.0502827e-06     0.0063845874   -0.00010056378     0.0011933494    0.00059175031    9.1093825e-31   -1.6021766e-19    -9.156439e-20    7.0470753e-19             4430                1
    0.00039104698    2.4468771e-05    -0.0038397152    -0.0021821114     0.0054432205    -0.0047334391    9.1093825e-31   -1.6021766e-19    -9.156439e-20    7.0470753e-19             4347                1
    0.00042579233    9.5034753e-05    -0.0085996408    -0.0023909165      0.011922004    0.00040532209    9.1093825e-31   -1.6021766e-19    -9.156439e-20    7.0470753e-19             4217                1
     0.0010088797    4.2637788e-05     0.0056827245    -0.0014106936    -0.0082907192    -0.0036426114    9.1093825e-31   -1.6021766e-19    -9.156439e-20    7.0470753e-19             4239                1
    -0.0076935515    4.4640063e-05     0.0039698849     0.0011534534    -0.0010847566    0.00098711241    9.1093825e-31   -1.6021766e-19    -9.156439e-20    7.0470753e-19              934                0
      0.001257838    6.1317805e-05      0.011398118     0.0030067505     -0.008764551   -0.00093202578    9.1093825e-31   -1.6021766e-19    -9.156439e-20    7.0470753e-19             4376                1
     0.0013739404    5.6459296e-05      0.011379554     0.0031182331    -0.0076143914   -0.00090969919    9.1093825e-31   -1.6021766e-19    -9.156439e-20    7.0470753e-19             4260                1
   -0.00012574995    2.5488275e-06     0.0033272211    -0.0036601517     0.0026282114    8.2271545e-05    9.1093825e-31   -1.6021766e-19    -9.156439e-20    7.0470753e-19             4468                1
     0.0016698681    8.2625353e-05     -0.012822746   -0.00023928344     0.0050905673    0.00017318527    9.1093825e-31   -1.6021766e-19    -9.156439e-20    7.0470753e-19             3329                1
    -0.0010752026     9.837906e-06    -0.0060286466    -0.0013563257     0.0071693128   -0.00021684336    9.1093825e-31   -1.6021766e-19    -9.156439e-20    7.0470753e-19             4461                1
      0.001883546     2.385367e-05      0.012247358    0.00073779305     -0.011543013    -0.0014250065    9.1093825e-31   -1.6021766e-19    -9.156439e-20    7.0470753e-19             4291                1
     0.0054702163    1.4664463e-05     0.0023027051    0.00062200683    -0.0021781316     0.0025738261    9.1093825e-31   -1.6021766e-19    -9.156439e-20    7.0470753e-19               20                0
   -0.00071746047    7.4845455e-05     -0.007907006    -0.0017716645      0.010557186    -0.0022360196    9.1093825e-31   -1.6021766e-19    -9.156439e-20    7.0470753e-19             4246                1
     0.0032216297    6.0969578e-05      0.013952103     0.0010732992    -0.0072693937    -0.0026437428    9.1093825e-31   -1.6021766e-19    -9.156439e-20    7.0470753e-19             4324                1
   -0.00099974149    2.8166287e-05    -0.0039227693    0.00055844395     0.0058414382    -0.0014511454    9.1093825e-31   -1.6021766e-19    -9.156439e-20    7.0470753e-19             4330                1
     0.0012824873    5.3249147e-05      0.011301417    -0.0031539763    -0.0098566664    0.00090194418    9.1093825e-31   -1.6021766e-19    -9.156439e-20    7.0470753e-19             4369                1
     0.0011955074    2.5037769e-05    -0.0093262168    7.6658987e-05      0.006628959    0.00014533033    9.1093825e-31   -1.6021766e-19    -9.156439e-20    7.0470753e-19             4387                1
     0.0011835587    4.5993638e-05      0.013481986    0.00098164927    -0.0084330728    -0.0035679098    9.1093825e-31   -1.6021766e-19    -9.156439e-20    7.0470753e-19             4270                1
     0.0014540923    7.9725331e-05    -0.0089225639     0.0032378479      0.010484791   -0.00011581374    9.1093825e-31   -1.6021766e-19    -9.156439e-20    7.0470753e-19             4214                1
     0.0059683551    7.5421689e-05      0.012129169   -0.00062981393   -0.00071916159     0.0020718775    9.1093825e-31   -1.6021766e-19    -9.156439e-20    7.0470753e-19              280                0
     -0.001424873    3.4593049e-05      0.011162305    -0.0027500228    -0.0082491599    0.00039612412    9.1093825e-31   -1.6021766e-19    -9.156439e-20    7.0470753e-19             4137                1
     0.0018221944    1.3798934e-05      0.012098406    -0.0015185791     -0.011241652    -0.0013538592    9.1093825e-31   -1.6021766e-19    -9.156439e-20    7.0470753e-19             4238                1
    -0.0010836738    2.9597948e-06     0.0059672715    -0.0015490284   -0.00062148581    6.1768544e-05    9.1093825e-31   -1.6021766e-19    -9.156439e-20    7.0470753e-19             4383                1
    -0.0014446172    1.9331948e-05    -0.0083230576    -0.0031052327     0.0044080014     0.0051503521    9.1093825e-31   -1.6021766e-19    -9.156439e-20    7.0470753e-19             4068                1
     0.0028919426    8.0072256e-05     0.0099131214    0.00040274081    -0.0018953445   -0.00023588173    9.1093825e-31   -1.6021766e-19    -9.156439e-20    7.0470753e-19              177                0
     0.0014852792    9.6445285e-05     -0.012864144   -0.00054160738      -0.00126682    0.00041460834    9.1093825e-31   -1.6021766e-19    -9.156439e-20    7.0470753e-19             4448                1
     0.0016209279    9.1015681e-05    -0.0053567202    0.00013361202      0.015152941    -0.0021977671    9.1093825e-31   -1.6021766e-19    -9.156439e-20    7.0470753e-19             4344                1
    -0.0052695335    4.3801971e-05     -0.010817523   -0.00037260022     0.0063495799     7.695394e-05    9.1093825e-31   -1.6021766e-19    -9.156439e-20    7.0470753e-19             4229                1
    -0.0082363542    9.9096596e-06     0.0033315336    0.00095259596    -0.0010435545    -0.0031896334    9.1093825e-31   -1.6021766e-19    -9.156439e-20    7.0470753e-19              184                0
    -0.0019909421    8.0684949e-05     0.0039799567    -0.0014262543    -0.0031491369    9.4846866e-05    9.1093825e-31   -1.6021766e-19    -9.156439e-20    7.0470753e-19              699                0
    -0.0024235719    2.2478149e-05    -0.0021482417    -0.0001656126     0.0081549361    -0.0038617861    9.1093825e-31   -1.6021766e-19    -9.156439e-20    7.0470753e-19             4429                1
     0.0021843174    3.2256063e-05    -0.0091835828    -0.0031263004     0.0058598141    -0.0036778266    9.1093825e-31   -1.6021766e-19    -9.156439e-20    7.0470753e-19             4131                1
    -0.0085835513     2.695072e-05     0.0020896769    0.00042208403   -0.00065392436   -0.00017240312    9.1093825e-31   -1.6021766e-19    -9.156439e-20    7.0470753e-19              264                0
     0.0051151966    1.8812039e-05    0.00016315206    0.00027941383    -0.0019532996     -0.001274704    9.1093825e-31   -1.6021766e-19    -9.156439e-20    7.0470753e-19              284                0
    -0.0017132624    1.3354397e-05      0.010574339     0.0034388315    -0.0048048645    7.7623108e-06    9.1093825e-31   -1.6021766e-19    -9.156439e-20    7.0470753e-19             3764                1
   -3.6638765e-05    5.4871569e-05      0.013847883    -0.0015929647     -0.007581864     -0.003970284    9.1093825e-31   -1.6021766e-19    -9.156439e-20    7.0470753e-19             4280                1
       0.00393801    1.8437449e-06    -0.0067836847    -0.0033466397    -0.0011329581     0.0002487007    9.1093825e-31   -1.6021766e-19    -9.156439e-20    7.0470753e-19             3523                1
     0.0015339094    5.2068484e-05     -0.013036209    -0.0040228674     0.0086921295     0.0035437569    9.1093825e-31   -1.6021766e-19    -9.156439e-20    7.0470753e-19             4316                1
   -0.00099709001    1.7017986e-06    -0.0020864315   -8.7672364e-05    -0.0017480262    0.00019003642    9.1093825e-31   -1.6021766e-19    -9.156439e-20    7.0470753e-19              384                0
     0.0016849331    4.8383899e-05      0.010441236   -0.00055234105    -0.0099471128    1.7391551e-05    9.1093825e-31   -1.6021766e-19    -9.156439e-20    7.0470753e-19             4352                1
   -0.00035105471    6.2510029e-05    -0.0082646282   -0.00011718232     0.0086824205   -3.5845471e-05    9.1093825e-31   -1.6021766e-19    -9.156439e-20    7.0470753e-19             4179                1
    -0.0092196558    4.7527585e-05   -0.00038202936     8.233983e-06   -0.00036844637    0.00067075889    9.1093825e-31   -1.6021766e-19    -9.156439e-20    7.0470753e-19              444                0
    -0.0059172362    1.3112503e-05     -0.002068029    0.00016603776    -0.0008336223    -0.0010531048    9.1093825e-31   -1.6021766e-19    -9.156439e-20    7.0470753e-19              464                0
     -0.003719232    6.8114576e-05      0.011674946     0.0002789585     0.0003697988   -0.00042234975    9.1093825e-31   -1.6021766e-19    -9.156439e-20    7.0470753e-19             3644                1
     0.0017775963     5.288608e-05      0.012334314   -0.00026033298    -0.0077159856    0.00065881136    9.1093825e-31   -1.6021766e-19    -9.156439e-20    7.0470753e-19             4256                1
   -0.00022265546    2.3651104e-05    -0.0029471244     0.0070140571     0.0061169807     0.0033984387    9.1093825e-31   -1.6021766e-19    -9.156439e-20    7.0470753e-19             4391                1
    -0.0010452697    6.5601722e-05     0.0059836293    0.00068311399    -0.0066749882    0.00018825075    9.1093825e-31   -1.6021766e-19    -9.156439e-20    7.0470753e-19             4355                1
     0.0083641484    6.0526138e-05    -0.0037798989   -0.00064025499    0.00013492368    0.00088327617    9.1093825e-31   -1.6021766e-19    -9.156439e-20    7.0470753e-19              564                0
    0.00020033117    9.1036163e-05      0.013765397     0.0032309033    -0.0052771205    0.00031526617    9.1093825e-31   -1.6021766e-19    -9.156439e-20    7.0470753e-19             4452                1
     0.0036035201    1.6219947e-05      0.012628962    0.00020210976    -0.0087591363     -0.000755799    9.1093825e-31   -1.6021766e-19    -9.156439e-20    7.0470753e-19             4146                1
   -2.3442286e-05    5.7171877e-05      0.013885809   -0.00015963017    -0.0073182564    0.00014852996    9.1093825e-31   -1.6021766e-19    -9.156439e-20    7.0470753e-19             4279                1
    -0.0031100577    6.6708606e-05     -0.010305824     0.0045041447     0.0080315508    -0.0021169535    9.1093825e-31   -1.6021766e-19    -9.156439e-20    7.0470753e-19             4110                1
   -0.00012133544    8.1788439e-06     0.0032487945    -0.0020050111     0.0021006868    -0.0071306699    9.1093825e-31   -1.6021766e-19    -9.156439e-20    7.0470753e-19             4419                1
     -0.001232938    7.9587349e-05    -0.0085418401     0.0036406817      0.010505006    0.00037299664    9.1093825e-31   -1.6021766e-19    -9.156439e-20    7.0470753e-19             4218                1
     0.0033781326    6.0523893e-05     0.0045518535   -0.00016572751    -0.0027985363    -0.0018755613    9.1093825e-31   -1.6021766e-19    -9.156439e-20    7.0470753e-19              704                0
    0.00043497808    1.6714037e-05    -0.0037398641    -0.0017855171     0.0076196841    -0.0031748472    9.1093825e-31   -1.6021766e-19    -9.156439e-20    7.0470753e-19             4441                1
    1.4694671e-05     7.649995e-05    0.00012696823    -0.0078287832    0.00020330636    8.8010289e-05    9.1093825e-31   -1.6021766e-19    -9.156439e-20    7.0470753e-19             3622                1
    -0.0012667654    6.5328837e-05    -0.0085497154    0.00066916138      0.009252918   -0.00032179992    9.1093825e-31   -1.6021766e-19    -9.156439e-20    7.0470753e-19             4219                1
     -0.006576553    6.1371444e-05     -0.010824271    0.00094872061     0.0011750063    0.00099943054    9.1093825e-31   -1.6021766e-19    -9.156439e-20    7.0470753e-19              125                0
     -0.001817583    1.5585543e-05       0.00192332     0.0056306012     0.0022225976    -0.0013864414    9.1093825e-31   -1.6021766e-19    -9.156439e-20    7.0470753e-19             4363                1
     0.0010434716    6.3429201e-05      0.013596484    -0.0011405285    -0.0065779346    -0.0051566851    9.1093825e-31   -1.6021766e-19    -9.156439e-20    7.0470753e-19             4272                1
    -0.0018189545     1.129958e-05     0.0018178789     0.0034468845    -0.0087235682    -0.0040323348    9.1093825e-31   -1.6021766e-19    -9.156439e-20    7.0470753e-19             4167                1
     0.0018332349    7.5083808e-05     -0.012511568    -9.458165e-05     0.0089268805    4.9655831e-05    9.1093825e-31   -1.6021766e-19    -9.156439e-20    7.0470753e-19             4100                1
    -0.0015921878     5.882229e-05      0.010641612     0.0025100384    -0.0079190033    -0.0032690957    9.1093825e-31   -1.6021766e-19    -9.156439e-20    7.0470753e-19             4311                1
     0.0035050153    9.2654285e-05      0.012826764   -0.00023074333    -0.0044926647    0.00059818558    9.1093825e-31   -1.6021766e-19    -9.156439e-20    7.0470753e-19             4456                1
     0.0012621784    7.6914715e-05      0.011540679    0.00020599423     -0.001806533     0.0015547319    9.1093825e-31   -1.6021766e-19    -9.156439e-20    7.0470753e-19             2668                1
   -0.00089893461    5.0312108e-05     0.0058978833      0.001487765    -0.0073546036    0.00024847884    9.1093825e-31   -1.6021766e-19    -9.156439e-20    7.0470753e-19             4115                1
    -0.0012727503    1.8057295e-05      0.006166968    -0.0012930838     0.0042572715    -0.0017320418    9.1093825e-31   -1.6021766e-19    -9.156439e-20    7.0470753e-19             4420                1
   -0.00072702172    4.1729778e-05    -0.0081226807     0.0010104934      0.010275319    -0.0037795324    9.1093825e-31   -1.6021766e-19    -9.156439e-20    7.0470753e-19             4397                1
    -0.0067520649    9.8023309e-05      0.012308666    0.00029784051    -0.0003069973    0.00066825736    9.1093825e-31   -1.6021766e-19    -9.156439e-20    7.0470753e-19              988                0
    -0.0040179011    8.1129394e-05      0.011665748     -0.004573442    -0.0051559387     0.0022517494    9.1093825e-31   -1.6021766e-19    -9.156439e-20    7.0470753e-19             4390                1
    -0.0034331393    5.0151051e-05     0.0062212027     -0.007427562    -0.0070617627     0.0033435919    9.1093825e-31   -1.6021766e-19    -9.156439e-20    7.0470753e-19             4182                1
    -0.0016053334    9.0646201e-05    -0.0083652064     0.0035468047    -0.0024082037      0.002798202    9.1093825e-31   -1.6021766e-19    -9.156439e-20    7.0470753e-19             4436                1
   -0.00024868202    3.6522108e-06     -0.002803029     0.0025980598     0.0054877615   -0.00073785975    9.1093825e-31   -1.6021766e-19    -9.156439e-20    7.0470753e-19             4474                1
     0.0015288233    9.8451295e-05    -0.0089185471     0.0020975447    -0.0020424705     0.0026956901    9.1093825e-31   -1.6021766e-19    -9.156439e-20    7.0470753e-19             4476                1
     0.0010467495    3.6584879e-05    -0.0065366523    -0.0030999233     0.0066184602    0.00047606759    9.1093825e-31   -1.6021766e-19    -9.156439e-20    7.0470753e-19             4261                1
     -0.002623758    5.7997786e-05    -0.0020243293    -0.0012668973     0.0093765929     0.0022663509    9.1093825e-31   -1.6021766e-19    -9.156439e-20    7.0470753e-19             4334                1
   -0.00092245819    3.4752942e-05    -0.0084379977    0.00075240881     0.0081004836    0.00070246041    9.1093825e-31   -1.6021766e-19    -9.156439e-20    7.0470753e-19             4377                1
    -0.0010135444    9.4977013e-06     0.0057131518    -0.0012057063      0.002532399    0.00095754623    9.1093825e-31   -1.6021766e-19    -9.156439e-20    7.0470753e-19             4428                1
    -0.0024334264    1.3131672e-05     0.0061769048      0.001279783    -0.0033709253    0.00040793067    9.1093825e-31   -1.6021766e-19    -9.156439e-20    7.0470753e-19              485                0
     0.0015208543     6.235428e-05     -0.013181342     0.0038348665     0.0085927742   -0.00089294941    9.1093825e-31   -1.6021766e-19    -9.156439e-20    7.0470753e-19             4190                1
    -0.0035648718    8.2741142e-05    -0.0099967904     0.0021367923    -0.0077767787    -0.0017458132    9.1093825e-31   -1.6021766e-19    -9.156439e-20    7.0470753e-19             4450                1
     0.0017859949    5.0979317e-05     -0.012869806    0.00016696942     0.0013905632    0.00012471563    9.1093825e-31   -1.6021766e-19    -9.156439e-20    7.0470753e-19             4058                1
    -0.0015998603    9.2835988e-05      -0.01116043    0.00051310461    -0.0018582469     0.0056459438    9.1093825e-31   -1.6021766e-19    -9.156439e-20    7.0470753e-19             4437                1
    -0.0016674651    2.1988963e-05      0.010494814    0.00086685136     -0.010255978   -0.00056533836    9.1093825e-31   -1.6021766e-19    -9.156439e-20    7.0470753e-19             4211                1
    -0.0010708518    8.9709574e-06    -0.0060258815     0.0015735921     0.0065848399     0.0016450415    9.1093825e-31   -1.6021766e-19    -9.156439e-20    7.0470753e-19             4462                1
     0.0036476196    4.6157395e-05       0.01274731     0.0022181107    -0.0071554501     0.0049157892    9.1093825e-31   -1.6021766e-19    -9.156439e-20    7.0470753e-19             4198                1
     0.0014207889    7.6003402e-05      0.011314806     0.0062795342    -0.0044661029    -0.0036972419    9.1093825e-31   -1.6021766e-19    -9.156439e-20    7.0470753e-19             4057                1
     0.0019607823    6.1277147e-05       0.01222786     0.0038002031     -0.007141673     0.0024824617    9.1093825e-31   -1.6021766e-19    -9.156439e-20    7.0470753e-19             4286                1
    -0.0013950313     3.248822e-05      0.011120213   -8.7832661e-05     -0.010393479    -0.0050593847    9.1093825e-31   -1.6021766e-19    -9.156439e-20    7.0470753e-19             4276                1
     0.0019127267    1.0235742e-05      0.011363965   -0.00059832208     0.0029050985    0.00012675927    9.1093825e-31   -1.6021766e-19    -9.156439e-20    7.0470753e-19             4440                1
     -0.001396069     9.644332e-05    -0.0084722582   -0.00018872083    -0.0042526093     0.0021720326    9.1093825e-31   -1.6021766e-19    -9.156439e-20    7.0470753e-19             4472                1
    -0.0029391472    4.0406849e-05     -0.014607104   -5.2510037e-05     0.0029540104     -0.001377519    9.1093825e-31   -1.6021766e-19    -9.156439e-20    7.0470753e-19              422                0
     0.0017746366    4.2761716e-05      0.007173032    -0.0012256104    -0.0074915579    -0.0054678712    9.1093825e-31   -1.6021766e-19    -9.156439e-20    7.0470753e-19             4066                1
     0.0014369694    9.7938115e-05     -0.013001367    -0.0023852463      0.010705747     0.0021610998    9.1093825e-31   -1.6021766e-19    -9.156439e-20    7.0470753e-19             4126                1
    -0.0014531768    3.0617848e-05    -0.0066915816     0.0040834351     0.0068138433    -0.0034802738    9.1093825e-31   -1.6021766e-19    -9.156439e-20    7.0470753e-19             4348                1
      0.003504727     5.425917e-05      0.012557503     0.0060661775    -0.0084875263    -0.0065226359    9.1093825e-31   -1.6021766e-19    -9.156439e-20    7.0470753e-19             4332                1
   -0.00049524335    6.1410574e-05    -0.0026038189     0.0030136642     0.0096125631    0.00095902348    9.1093825e-31   -1.6021766e-19    -9.156439e-20    7.0470753e-19             4321                1
    0.00018072924    5.5102973e-05      0.012362677    -0.0014334909    -0.0063070725     0.0013471438    9.1093825e-31   -1.6021766e-19    -9.156439e-20    7.0470753e-19             4135                1
    -0.0018727101    2.2044391e-05     0.0019275884    6.2068102e-05      0.005371877    -0.0033253846    9.1093825e-31   -1.6021766e-19    -9.156439e-20    7.0470753e-19             4405                1
     0.0053819641    3.3733566e-05     0.0032342272    0.00027085765    -0.0023065589    -0.0007036312    9.1093825e-31   -1.6021766e-19    -9.156439e-20    7.0470753e-19              581                0
   -0.00044853619     2.987179e-05    -0.0082957447    -0.0040442604     0.0061181071    0.00024332572    9.1093825e-31   -1.6021766e-19    -9.156439e-20    7.0470753e-19             4212                1
   -0.00082087331    3.1808428e-05    -0.0084943064      0.001592236     0.0065047387     0.0012211083    9.1093825e-31   -1.6021766e-19    -9.156439e-20    7.0470753e-19             4257                1
     0.0013850734     7.289838e-05     0.0015155964   -7.7580436e-05    -0.0027584352    -0.0016341177    9.1093825e-31   -1.6021766e-19    -9.156439e-20    7.0470753e-19              641                0
    -0.0013518368    5.1192979e-05      0.011143336     0.0045537245    -0.0083820196    -0.0025789076    9.1093825e-31   -1.6021766e-19    -9.156439e-20    7.0470753e-19             4277                1
     0.0012980623    8.2056853e-05    -0.0086525492    -0.0034235802       0.01164102    -0.0033399628    9.1093825e-31   -1.6021766e-19    -9.156439e-20    7.0470753e-19             4266                1
     0.0068130386    4.9239523e-05    -0.0074737738     0.0018159993    -0.0016785741    -0.0012171963    9.1093825e-31   -1.6021766e-19    -9.156439e-20    7.0470753e-19             4064                1
     0.0010815015    6.6349462e-06      0.011394486     0.0016542523     -0.010939533   -0.00076389243    9.1093825e-31   -1.6021766e-19    -9.156439e-20    7.0470753e-19             4171                1
     0.0014416737    8.3971179e-05     -0.013060859    -0.0017439192     0.0095991269    -0.0010350998    9.1093825e-31   -1.6021766e-19    -9.156439e-20    7.0470753e-19             4108                1
     0.0028895033    8.7648426e-05      0.014294675     -0.003519448    -0.0036305632     0.0036249831    9.1093825e-31   -1.6021766e-19    -9.156439e-20    7.0470753e-19             4294                1
    -0.0014445848    5.1693689e-05     -0.012638174     0.0011704478     0.0078617707    9.9504592e-05    9.1093825e-31   -1.6021766e-19    -9.156439e-20    7.0470753e-19             4199                1
    -0.0028959897    6.5681998e-05    -0.0057521374    -0.0029530039     0.0090813171     0.0053514321    9.1093825e-31   -1.6021766e-19    -9.156439e-20    7.0470753e-19             4262                1
     0.0094324565    3.7736354e-05    -0.0040679178    0.00047981582   -0.00029861039     0.0016114198    9.1093825e-31   -1.6021766e-19    -9.156439e-20    7.0470753e-19              821                0
     0.0020018464    6.9482012e-05     -0.012309524    -0.0019545516     0.0090509299     0.0010181224    9.1093825e-31   -1.6021766e-19    -9.156439e-20    7.0470753e-19             4162                1
     0.0016735847    1.4235585e-05      0.011341158     0.0019089693     -0.013347961    0.00037104005    9.1093825e-31   -1.6021766e-19    -9.156439e-20    7.0470753e-19             4303                1
     0.0019661642    9.8184813e-05     -0.012750002   -0.00038879664     0.0056934264    -0.0034311169    9.1093825e-31   -1.6021766e-19    -9.156439e-20    7.0470753e-19             3669                1
    -0.0026116187    3.8275863e-05    -0.0020465571    0.00043434915     0.0066159624   -0.00085451506    9.1093825e-31   -1.6021766e-19    -9.156439e-20    7.0470753e-19             4335                1
    -0.0010510696    1.1139977e-05     0.0059700422     0.0044392543    0.00087913102    0.00056947465    9.1093825e-31   -1.6021766e-19    -9.156439e-20    7.0470753e-19             4384                1
     0.0022577497    8.3169936e-05    -0.0091495952     0.0036699793     -0.008908594     0.0011280545    9.1093825e-31   -1.6021766e-19    -9.156439e-20    7.0470753e-19             4457                1
    0.00018120316    1.5487891e-05    0.00020475857    -0.0040628402      0.007257862    -0.0028882748    9.1093825e-31   -1.6021766e-19    -9.156439e-20    7.0470753e-19             4446                1
    0.00043524842    4.6220543e-05     0.0003384907    -0.0014286555     0.0043945257    -0.0029698533    9.1093825e-31   -1.6021766e-19    -9.156439e-20    7.0470753e-19             4252                1
    -0.0018035159    1.6454713e-05     0.0018210541    -8.729026e-05     0.0059895385     -0.004097058    9.1093825e-31   -1.6021766e-19    -9.156439e-20    7.0470753e-19             4433                1
     0.0029997716    3.3524702e-05    -0.0045387237    0.00051358732     0.0067422693    0.00061934779    9.1093825e-31   -1.6021766e-19    -9.156439e-20    7.0470753e-19             4357                1
    -0.0013503295      3.63785e-05    -0.0085857324    0.00081081985     0.0070579681    0.00086205977    9.1093825e-31   -1.6021766e-19    -9.156439e-20    7.0470753e-19             4278                1
   -0.00085058971    1.6274204e-05    -0.0083471891   -0.00024697356    -0.0012016882     0.0022058648    9.1093825e-31   -1.6021766e-19    -9.156439e-20    7.0470753e-19             3770                1
    0.00035639989     6.899525e-05    -0.0087564979   -0.00013911609      0.010121945     0.0030965284    9.1093825e-31   -1.6021766e-19    -9.156439e-20    7.0470753e-19             4248                1
     0.0039644381    1.5013282e-05     0.0009643166     -0.001511077      -0.00259403     -0.001508301    9.1093825e-31   -1.6021766e-19    -9.156439e-20    7.0470753e-19              118                0
     0.0031984013    3.6631016e-05      0.014086714    -0.0004380584     -0.010574825     0.0029352715    9.1093825e-31   -1.6021766e-19    -9.156439e-20    7.0470753e-19             4326                1
    -0.0093822302    4.6160934e-05    -0.0035966178    0.00051325507     9.424278e-05    0.00042811743    9.1093825e-31   -1.6021766e-19    -9.156439e-20    7.0470753e-19              158                0
    -0.0015025936    1.8695708e-05    -0.0083374083    0.00036429788     0.0050689606    -0.0036147332    9.1093825e-31   -1.6021766e-19    -9.156439e-20    7.0470753e-19             4209                1
    -0.0012113776     1.292897e-05     0.0061631096     0.0029749707     -0.010618384     0.0052874885    9.1093825e-31   -1.6021766e-19    -9.156439e-20    7.0470753e-19             4187                1
    -0.0010218094    8.7247288e-05    -0.0058848136     0.0021712803      0.011569057    8.9090296e-05    9.1093825e-31   -1.6021766e-19    -9.156439e-20    7.0470753e-19             4263                1
    -0.0010778425    7.6476303e-05     0.0059563499   -0.00039706082   -0.00025294788    0.00040682373    9.1093825e-31   -1.6021766e-19    -9.156439e-20    7.0470753e-19             4019                1
     0.0068363654    8.6082735e-05     -0.013472935   -0.00043505721     0.0017702765    0.00094276021    9.1093825e-31   -1.6021766e-19    -9.156439e-20    7.0470753e-19              213                0
    -0.0022651968    2.5688598e-05     0.0029087504    -0.0020345554    -0.0077206367     0.0041209809    9.1093825e-31   -1.6021766e-19    -9.156439e-20    7.0470753e-19             4098                1
    -0.0011335158    6.0075472e-05     0.0057938085    -0.0014343071    -0.0011055866    0.00045579803    9.1093825e-31   -1.6021766e-19    -9.156439e-20    7.0470753e-19             4020                1
      0.001716165    5.7090284e-07    -0.0029844898   -2.8497527e-05    -0.0052785664   -0.00019987555    9.1093825e-31   -1.6021766e-19    -9.156439e-20    7.0470753e-19             3924                1
   -3.7332135e-05    6.8162859e-05    -0.0058634784    -0.0015414731     0.0085001346    -0.0017570086    9.1093825e-31   -1.6021766e-19    -9.156439e-20    7.0470753e-19             4191                1
    -0.0015092357    9.5622047e-05     -0.012330731    0.00068542373    -0.0054099732      0.001086494    9.1093825e-31   -1.6021766e-19    -9.156439e-20    7.0470753e-19             4473                1
     0.0025174783    6.9178204e-05    -0.0076107448    0.00083991571      0.010544194    -0.0034286489    9.1093825e-31   -1.6021766e-19    -9.156439e-20    7.0470753e-19             4289                1
    0.00093661173    8.9983747e-05    -0.0096082315    0.00017081822   -0.00098110968   -0.00028346409    9.1093825e-31   -1.6021766e-19    -9.156439e-20    7.0470753e-19             4408                1
     0.0016435642    6.0702264e-06      0.010398839   -0.00070227263      -0.01062194     0.0015682266    9.1093825e-31   -1.6021766e-19    -9.156439e-20    7.0470753e-19             4148                1
     0.0019875334     9.297354e-05     -0.012668922   -0.00077323726    -0.0030253723     0.0016126786    9.1093825e-31   -1.6021766e-19    -9.156439e-20    7.0470753e-19             4451                1
     0.0013851108    5.6181994e-05    -0.0087691732    -0.0024281403      0.010753049     0.0037421463    9.1093825e-31   -1.6021766e-19    -9.156439e-20    7.0470753e-19             4358                1
    -0.0029155912    6.1430954e-05    -0.0056479811    0.00092372624     0.0093708001    -0.0013071004    9.1093825e-31   -1.6021766e-19    -9.156439e-20    7.0470753e-19             4292                1
     0.0015047571     4.157468e-05    -0.0086875539     0.0058350358     0.0077917329     -0.002498182    9.1093825e-31   -1.6021766e-19    -9.156439e-20    7.0470753e-19             4293                1
     0.0010787939    3.4380631e-05     0.0060192919   -0.00078348443    -0.0082964962     0.0015138832    9.1093825e-31   -1.6021766e-19    -9.156439e-20    7.0470753e-19             4090                1
     0.0012570369    1.7755474e-06     0.0023588652     0.0010422161    0.00048814912     0.0017514332    9.1093825e-31   -1.6021766e-19    -9.156439e-20    7.0470753e-19             4402                1
     0.0032191272    9.1317037e-05     0.0078910012   -0.00069249619    -0.0024417362   -0.00054131373    9.1093825e-31   -1.6021766e-19    -9.156439e-20    7.0470753e-19              903                0
    -0.0084049907    6.2980136e-05      0.010224813    0.00098028127   -0.00018979023     0.0007162976    9.1093825e-31   -1.6021766e-19    -9.156439e-20    7.0470753e-19              578                0
     0.0014483955    7.9869773e-05      0.011632027     0.0018548046    -0.0051951301     0.0033636754    9.1093825e-31   -1.6021766e-19    -9.156439e-20    7.0470753e-19             4267                1
     0.0084084962    4.0844265e-05     0.0096197939     0.0017505898   -0.00038286988    0.00014754021    9.1093825e-31   -1.6021766e-19    -9.156439e-20    7.0470753e-19              618                0
     0.0016714019    5.2125815e-05      0.006817827    -0.0041084317    -0.0071352134   -0.00040510003    9.1093825e-31   -1.6021766e-19    -9.156439e-20    7.0470753e-19             4086                1
    -0.0023221045    3.0127509e-05     0.0028349133     -0.004139943     0.0047715534    -0.0004655438    9.1093825e-31   -1.6021766e-19    -9.156439e-20    7.0470753e-19             4372                1
     0.0031775718     5.076396e-05      0.014037451   -1.8848288e-05    -0.0086151315    5.9280217e-05    9.1093825e-31   -1.6021766e-19    -9.156439e-20    7.0470753e-19             4323                1
   -0.00089354225    5.2662235e-06     0.0059725125     -0.002212822     0.0047264271    -0.0016056583    9.1093825e-31   -1.6021766e-19    -9.156439e-20    7.0470753e-19             4467                1
   -0.00091095967    2.5796242e-05     0.0060345843    -0.0032584348    -0.0094270697    -0.0015658761    9.1093825e-31   -1.6021766e-19    -9.156439e-20    7.0470753e-19             4168                1
     0.0011676002    2.1458496e-05     0.0058696331     0.0041640932     0.0042658239     0.0037515459    9.1093825e-31   -1.6021766e-19    -9.156439e-20    7.0470753e-19             4406                1
    -0.0014199659    4.6507568e-05     -0.012648795     0.0032603305     0.0074244984   -0.00080312171    9.1093825e-31   -1.6021766e-19    -9.156439e-20    7.0470753e-19             4200                1
     0.0036191554    2.2679811e-05     0.0090857279    0.00088915933     -0.010422151    0.00046048447    9.1093825e-31   -1.6021766e-19    -9.156439e-20    7.0470753e-19             4249                1
     0.0035547335    5.3018462e-05     0.0092844097    -0.0037235315    -0.0081375716     0.0039237104    9.1093825e-31   -1.6021766e-19    -9.156439e-20    7.0470753e-19             4304                1
     0.0011405178    3.4293877e-05    -0.0066029872    -0.0030158025     0.0074091037    -0.0055590752    9.1093825e-31   -1.6021766e-19    -9.156439e-20    7.0470753e-19             4353                1
    -0.0067191361    2.0777368e-05     0.0051781773   -0.00048819755    -0.0016712323     0.0010697312    9.1093825e-31   -1.6021766e-19    -9.156439e-20    7.0470753e-19              573                0
     0.0011961632    3.3909142e-05    -0.0069281878    0.00023621353     0.0059964298    0.00035651168    9.1093825e-31   -1.6021766e-19    -9.156439e-20    7.0470753e-19             4197                1
    0.00080792658    2.3602663e-05     0.0010174719    0.00073261943     0.0033927914    -0.0016953159    9.1093825e-31   -1.6021766e-19    -9.156439e-20    7.0470753e-19             4333                1
   -0.00085742591    2.2994987e-05    -0.0084119793    0.00058029429     0.0057867793   -0.00053455518    9.1093825e-31   -1.6021766e-19    -9.156439e-20    7.0470753e-19             4327                1
     0.0015262765    9.6431773e-05    -0.0089207413     -0.001577733    -0.0049561919   -0.00047146739    9.1093825e-31   -1.6021766e-19    -9.156439e-20    7.0470753e-19             4475                1
   -3.8051185e-05    1.0641482e-05     0.0038718681    0.00050237653    -0.0092382478   -0.00096635596    9.1093825e-31   -1.6021766e-19    -9.156439e-20    7.0470753e-19             4082                1
    -0.0013490445      9.29132e-05    -0.0083583286   -0.00043537587     0.0030377081     0.0028625536    9.1093825e-31   -1.6021766e-19    -9.156439e-20    7.0470753e-19             4156                1
    -0.0011299751    2.7590475e-05     0.0061353878   -0.00077832973    -0.0089652967    -0.0018237223    9.1093825e-31   -1.6021766e-19    -9.156439e-20    7.0470753e-19             4129                1
    -0.0063947826    1.9898562e-05     0.0051252721   -0.00087403087    -0.0018246857    -0.0027872345    9.1093825e-31   -1.6021766e-19    -9.156439e-20    7.0470753e-19              985                0
   -0.00092211028    1.4833619e-06     0.0058229668     0.0023722318     0.0029634417     0.0010043627    9.1093825e-31   -1.6021766e-19    -9.156439e-20    7.0470753e-19             4482                1
     0.0075876177    6.3132691e-05    0.00079479103   -0.00052723917   -0.00093052158     0.0012068429    9.1093825e-31   -1.6021766e-19    -9.156439e-20    7.0470753e-19              614                0
    0.00040325368    8.8112029e-06    0.00030054737   -0.00048934878     0.0091116037    0.00043173769    9.1093825e-31   -1.6021766e-19    -9.156439e-20    7.0470753e-19             4469                1
     0.0010604517    9.7453289e-05    -0.0096242465    -0.0035891763    -0.0034937693    -0.0038544789    9.1093825e-31   -1.6021766e-19    -9.156439e-20    7.0470753e-19             4477                1
    8.4899359e-05     1.824102e-05     -0.013317238   -7.7531564e-05     0.0031519351    0.00029501657    9.1093825e-31   -1.6021766e-19    -9.156439e-20    7.0470753e-19               79                0
     0.0012509836    2.1793738e-05     0.0023485401    -0.0003485645     0.0050853631    -0.0006186564    9.1093825e-31   -1.6021766e-19    -9.156439e-20    7.0470753e-19             4403                1
      0.001510026    7.0344024e-05    -0.0088750217   -0.00053166901      0.010628662     0.0015525664    9.1093825e-31   -1.6021766e-19    -9.156439e-20    7.0470753e-19             4274                1
     0.0016144593    1.2612719e-05    -0.0051624663     0.0046255374     0.0048119081    -0.0036291126    9.1093825e-31   -1.6021766e-19    -9.156439e-20    7.0470753e-19             4423                1
    -0.0022691444    2.4089864e-05      0.002818736     0.0047755088     0.0037528512    -0.0031888322    9.1093825e-31   -1.6021766e-19    -9.156439e-20    7.0470753e-19             4373                1
     -0.001624684    5.9244987e-05      0.010694711    0.00055544375    -0.0082743671   -5.2241066e-05    9.1093825e-31   -1.6021766e-19    -9.156439e-20    7.0470753e-19             4345                1
   -1.2153155e-05    3.5021269e-05     0.0043064323    -0.0042739604    -0.0080331611    -0.0024202364    9.1093825e-31   -1.6021766e-19    -9.156439e-20    7.0470753e-19             4136                1
    -0.0041268282    6.8371133e-05      -0.01217992    -0.0013261362     0.0087404121     0.0012594741    9.1093825e-31   -1.6021766e-19    -9.156439e-20    7.0470753e-19             4215                1
     0.0015897956    4.4908014e-05      0.012164243    -0.0064237779    -0.0087862331    0.00030132706    9.1093825e-31   -1.6021766e-19    -9.156439e-20    7.0470753e-19             4273                1
   -0.00092766219    5.1923202e-05    -0.0027999801    -0.0052107237     0.0079357522     0.0020850301    9.1093825e-31   -1.6021766e-19    -9.156439e-20    7.0470753e-19             4298                1
     0.0013303304    2.6329022e-05      0.002325163    6.5844135e-05     0.0037703479    0.00015066848    9.1093825e-31   -1.6021766e-19    -9.156439e-20    7.0470753e-19             4366                1
    -0.0019011874    5.7561792e-05     0.0018657998   -0.00058856717     0.0098895496     0.0012260644    9.1093825e-31   -1.6021766e-19    -9.156439e-20    7.0470753e-19             4378                1
    -0.0032686363     7.643229e-05     -0.010245057    -0.0034204933      0.010156458     0.0032000693    9.1093825e-31   -1.6021766e-19    -9.156439e-20    7.0470753e-19             4233                1
   -5.3061041e-05    2.4621428e-05     0.0037796851    0.00090387464    -0.0080076624    -0.0060043419    9.1093825e-31   -1.6021766e-19    -9.156439e-20    7.0470753e-19             4028                1
    0.00085155305    5.3837944e-06     0.0059713032    -0.0018081696     0.0040451456    0.00017229107    9.1093825e-31   -1.6021766e-19    -9.156439e-20    7.0470753e-19             4466                1
     0.0013697793    3.6768914e-05    -0.0088725546    0.00064563117     0.0088007161   -0.00097511744    9.1093825e-31   -1.6021766e-19    -9.156439e-20    7.0470753e-19             4386                1
     0.0015556831    4.4232849e-05     0.0025763216     0.0021265401     0.0072221039     0.0011591676    9.1093825e-31   -1.6021766e-19    -9.156439e-20    7.0470753e-19             4374                1
    -0.0012592995    5.3195813e-06     0.0066274623   -5.2496034e-05    -0.0099895895     -0.000623637    9.1093825e-31   -1.6021766e-19    -9.156439e-20    7.0470753e-19             4073                1
   -0.00090925989    1.9277522e-05     -0.002722346    5.8582231e-05     0.0067530842    0.00018215548    9.1093825e-31   -1.6021766e-19    -9.156439e-20    7.0470753e-19             4426                1
     0.0011651989    1.6344087e-05    -0.0065815169    0.00059763732     0.0047747064    -0.0024202534    9.1093825e-31   -1.6021766e-19    -9.156439e-20    7.0470753e-19             4354                1
   -0.00077445968    3.0728529e-06    -0.0029872137   -0.00034759243     0.0053556669    0.00044159289    9.1093825e-31   -1.6021766e-19    -9.156439e-20    7.0470753e-19             4481                1
   -0.00091509795    9.0525529e-05     -0.008386571     0.0025734608     0.0093064914    -0.0026275294    9.1093825e-31   -1.6021766e-19    -9.156439e-20    7.0470753e-19             4094                1
      0.001395339    6.7886023e-05      0.011485998     0.0013149163    -0.0070527354    -0.0046989545    9.1093825e-31   -1.6021766e-19    -9.156439e-20    7.0470753e-19             4336                1
    -0.0011882783    3.8387578e-05    -0.0057512578    -0.0014226716     0.0086954217    0.00036586594    9.1093825e-31   -1.6021766e-19    -9.156439e-20    7.0470753e-19             4380                1
     0.0019011477      2.87763e-05      0.012124539   -0.00096065423     -0.011914662   -0.00054016843    9.1093825e-31   -1.6021766e-19    -9.156439e-20    7.0470753e-19             4322                1
     0.0033871527     4.739975e-05      0.012709095    0.00017432569    -0.0099507533     0.0021217489    9.1093825e-31   -1.6021766e-19    -9.156439e-20    7.0470753e-19             4365                1
    -0.0025771917    2.9512434e-05    -0.0018384454     0.0014156874     0.0069337646    -0.0029722275    9.1093825e-31   -1.6021766e-19    -9.156439e-20    7.0470753e-19             4394                1
    -0.0040435041    7.6930897e-05    -0.0096429698    0.00041457731      0.010011715    0.00034147722    9.1093825e-31   -1.6021766e-19    -9.156439e-20    7.0470753e-19             4234                1
   -0.00016332361    9.7620014e-06     0.0034229176   -0.00083351188    -0.0093081519    3.1861331e-05    9.1093825e-31   -1.6021766e-19    -9.156439e-20    7.0470753e-19             4111                1
     0.0012301111    7.0490431e-05      0.013631777     0.0023369687    -0.0055999532    0.00044596349    9.1093825e-31   -1.6021766e-19    -9.156439e-20    7.0470753e-19             4241                1
     0.0046975752    4.4275075e-05      0.007242905    -0.0013362027   -0.00079294998    0.00051236642    9.1093825e-31   -1.6021766e-19    -9.156439e-20    7.0470753e-19             3998                1
      0.001004595    3.2348224e-05      0.005743525    -0.0018188009    -0.0092789112     0.0021534315    9.1093825e-31   -1.6021766e-19    -9.156439e-20    7.0470753e-19             4240                1
     0.0014117446     4.741691e-05    -0.0033765063    0.00077466056     0.0085922712    -0.0033763377    9.1093825e-31   -1.6021766e-19    -9.156439e-20    7.0470753e-19             4349                1
     0.0011058507    9.7190685e-05    -0.0067892387    -0.0010829272    -0.0038275267     0.0045097261    9.1093825e-31   -1.6021766e-19    -9.156439e-20    7.0470753e-19             4478                1
     0.0014927331    9.4639865e-05     -0.012865046     0.0028807132    -0.0020962588   -8.9535519e-08    9.1093825e-31   -1.6021766e-19    -9.156439e-20    7.0470753e-19             4449                1
    -0.0015885641    5.2586765e-05     -0.011214544    -0.0030579371     0.0095213437    -0.0027412721    9.1093825e-31   -1.6021766e-19    -9.156439e-20    7.0470753e-19             4328                1
    -0.0014859645    5.7840884e-05    -0.0066531608     0.0035670307      0.010061689    -0.0030544661    9.1093825e-31   -1.6021766e-19    -9.156439e-20    7.0470753e-19             4317                1
   -0.00034800157    4.0229763e-05    -0.0082623512    0.00013141643      0.006866863    0.00014509134    9.1093825e-31   -1.6021766e-19    -9.156439e-20    7.0470753e-19             4180                1
     0.0019789496    4.0818577e-05    -0.0031181066     0.0090070572    -0.0031307421    -0.0036018544    9.1093825e-31   -1.6021766e-19    -9.156439e-20    7.0470753e-19             3800                1
    -0.0016330096    4.4647924e-05     -0.012372712    -0.0021047953     0.0077479659     0.0017466372    9.1093825e-31   -1.6021766e-19    -9.156439e-20    7.0470753e-19             4295                1
    -0.0027643775    2.6548478e-05    -0.0068210387     0.0021995592     0.0057494617   -0.00030476096    9.1093825e-31   -1.6021766e-19    -9.156439e-20    7.0470753e-19             4305                1
    -0.0014548948     5.575571e-05    -0.0083118444     0.0044482178     0.0082399314    -0.0014188837    9.1093825e-31   -1.6021766e-19    -9.156439e-20    7.0470753e-19             4210                1
     0.0021690645    9.5182668e-06   -6.3858279e-05   -0.00016541002      -0.00784491   -5.3015716e-05    9.1093825e-31   -1.6021766e-19    -9.156439e-20    7.0470753e-19             4176                1
    -0.0008922072    1.5837091e-05    -0.0027624702   -0.00089687679     0.0035294779     0.0066450615    9.1093825e-31   -1.6021766e-19    -9.156439e-20    7.0470753e-19             4299                1
     0.0020150172    4.0893265e-05       0.01063689    -0.0050055562    -0.0099585503     0.0011695031    9.1093825e-31   -1.6021766e-19    -9.156439e-20    7.0470753e-19             4300                1
     0.0015544322    7.1316259e-05     -0.013237797     0.0038479185     0.0089914845    -0.0048663523    9.1093825e-31   -1.6021766e-19    -9.156439e-20    7.0470753e-19             4144                1
     0.0011870966    2.4773565e-06     0.0077056214     7.641437e-05     0.0061992509   -0.00077347021    9.1093825e-31   -1.6021766e-19    -9.156439e-20    7.0470753e-19             4489                1
   -7.2997223e-05    6.0024817e-05      0.013767721    0.00013550596    -0.0082397508   -0.00027419365    9.1093825e-31   -1.6021766e-19    -9.156439e-20    7.0470753e-19             4359                1
     0.0010859432    3.8045702e-05     0.0060152286   -0.00032930597    -0.0080630928     0.0012550665    9.1093825e-31   -1.6021766e-19    -9.156439e-20    7.0470753e-19             4091                1
     -0.001912867     8.843982e-06     0.0064698881     0.0030909693     0.0014476001     0.0029713071    9.1093825e-31   -1.6021766e-19    -9.156439e-20    7.0470753e-19             4411                1
   -0.00083147874    9.5784344e-05    -0.0058537689    -0.0042689019      0.012525718    -0.0011106023    9.1093825e-31   -1.6021766e-19    -9.156439e-20    7.0470753e-19             4265                1
      0.001605013     3.516228e-05     0.0024950823     0.0021377287      0.004666334   -0.00084740925    9.1093825e-31   -1.6021766e-19    -9.156439e-20    7.0470753e-19             4350                1
      0.001478295    8.2013103e-06    -0.0087894695    0.00019102203    -0.0014547029     0.0038650399    9.1093825e-31   -1.6021766e-19    -9.156439e-20    7.0470753e-19             3808                1
     -0.001643806    9.9262325e-05     -0.011142288     0.0076534823    0.00098398922    0.00017118591    9.1093825e-31   -1.6021766e-19    -9.156439e-20    7.0470753e-19             4410                1
   -0.00092774641    5.6760411e-05    -0.0028707513    -0.0022068042      0.008994055    1.4070737e-05    9.1093825e-31   -1.6021766e-19    -9.156439e-20    7.0470753e-19             4318                1
     0.0014258394    8.5355336e-05     -0.012977909    0.00097826053      0.010290777     0.0044755689    9.1093825e-31   -1.6021766e-19    -9.156439e-20    7.0470753e-19             4164                1
    -0.0011396165           0.0001     -0.012705501    -0.0025930237      0.012936295    0.00048917672    9.1093825e-31   -1.6021766e-19    -9.156439e-20    7.0470753e-19             4253                1
   -0.00092708512    1.4736638e-05     0.0061345058     0.0011338798     -0.009455774    -0.0015154474    9.1093825e-31   -1.6021766e-19    -9.156439e-20    7.0470753e-19             4081                1
   -2.3172277e-05    4.9688813e-05      0.013790487     0.0075371722    -0.0097692991     0.0031102123    9.1093825e-31   -1.6021766e-19    -9.156439e-20    7.0470753e-19             4360                1
     0.0017234524    6.8439156e-05     -0.003029342     0.0037048461      0.010089559   -7.8843877e-05    9.1093825e-31   -1.6021766e-19    -9.156439e-20    7.0470753e-19             4306                1
    -0.0014266513    9.8147233e-05    -0.0079460191    -0.0024911442    -0.0045745266     0.0024256227    9.1093825e-31   -1.6021766e-19    -9.156439e-20    7.0470753e-19             4490                1
   -5.0991934e-05    4.3303662e-05     0.0035244019   -6.4784952e-05    -0.0069343527    6.3158477e-05    9.1093825e-31   -1.6021766e-19    -9.156439e-20    7.0470753e-19             4024                1
    0.00058660907     1.549855e-05    -0.0038104425     0.0029158322      0.010343345    -0.0012570224    9.1093825e-31   -1.6021766e-19    -9.156439e-20    7.0470753e-19             4459                1
     0.0023850547    7.0172049e-05    -0.0076532909   -0.00086178543      0.011365112    -0.0015653842    9.1093825e-31   -1.6021766e-19    -9.156439e-20    7.0470753e-19             4314                1
     0.0018656724    9.6558419e-05       0.01220165      0.001816477      0.002446396    0.00050957123    9.1093825e-31   -1.6021766e-19    -9.156439e-20    7.0470753e-19             3828                1
   -0.00096859498     2.888888e-05     0.0059379423    -0.0027758169    -0.0088238949    0.00033038179    9.1093825e-31   -1.6021766e-19    -9.156439e-20    7.0470753e-19             4122                1
     0.0018172781    9.2315764e-05     -0.012528001     0.0006628246    -0.0035299968    -0.0018343312    9.1093825e-31   -1.6021766e-19    -9.156439e-20    7.0470753e-19             4453                1
     0.0003687719    3.7573296e-05    -0.0036652843   -0.00026886383     0.0092677996   -0.00043492025    9.1093825e-31   -1.6021766e-19    -9.156439e-20    7.0470753e-19             4398                1
     0.0013574149    2.3073704e-05      0.011502484    -0.0031734831     -0.010096423     -0.004715913    9.1093825e-31   -1.6021766e-19    -9.156439e-20    7.0470753e-19             4216                1
    0.00089494651    1.5785085e-05     0.0059667239    0.00058271631     0.0055080121    -0.0027108344    9.1093825e-31   -1.6021766e-19    -9.156439e-20    7.0470753e-19             4439                1
   -0.00090299966    6.5350432e-06     0.0068666246     0.0048848931     0.0033607061   -0.00099725754    9.1093825e-31   -1.6021766e-19    -9.156439e-20    7.0470753e-19             4458                1
   -0.00063621945    6.2305269e-05    -0.0079695154    -0.0015277587      0.010398234    0.00051659526    9.1093825e-31   -1.6021766e-19    -9.156439e-20    7.0470753e-19             4296                1
     0.0024753162    4.5461369e-05    -0.0092129372      0.003268023     0.0076735909    -0.0025644461    9.1093825e-31   -1.6021766e-19    -9.156439e-20    7.0470753e-19             4258                1
    -0.0039702985    4.5735884e-05      0.011550293    -0.0026047546     -0.010438642    -0.0016878593    9.1093825e-31   -1.6021766e-19    -9.156439e-20    7.0470753e-19             4367                1
     0.0016421843    4.1717387e-05     0.0074553569    0.00010346954    -0.0087056533     0.0007412915    9.1093825e-31   -1.6021766e-19    -9.156439e-20    7.0470753e-19             4235                1
     0.0011792339    3.0337511e-05      0.013664803    -0.0025586556    -0.0094529418     0.0036307187    9.1093825e-31   -1.6021766e-19    -9.156439e-20    7.0470753e-19             4242                1
    -0.0007490071    3.9535113e-05    -0.0084242113     0.0023002208     0.0066270744     -0.001683922    9.1093825e-31   -1.6021766e-19    -9.156439e-20    7.0470753e-19             4153                1
    0.00038026177    6.8863199e-05      0.012393727     0.0048165559    -0.0063121114     0.0037045854    9.1093825e-31   -1.6021766e-19    -9.156439e-20    7.0470753e-19             4268                1
     0.0015583398    3.6360663e-05     0.0072663296     0.0054153106     -0.010137629     -0.002304143    9.1093825e-31   -1.6021766e-19    -9.156439e-20    7.0470753e-19             4297                1
   -0.00080613693    1.8767973e-05    -0.0029269154     0.0027685422     0.0047882493   -0.00058631867    9.1093825e-31   -1.6021766e-19    -9.156439e-20    7.0470753e-19             4381                1
   -0.00010403953    3.2829059e-05     0.0043259268    0.00089245365     0.0063773841    -0.0010011042    9.1093825e-31   -1.6021766e-19    -9.156439e-20    7.0470753e-19             4399                1
    -0.0014218474    1.9049446e-06      0.011148196    2.7876404e-06    -0.0087353569    3.8182529e-06    9.1093825e-31   -1.6021766e-19    -9.156439e-20    7.0470753e-19             4053                1
     0.0020000204    9.7837205e-05     -0.012397664    7.9749734e-05    -0.0043082382   -0.00014711721    9.1093825e-31   -1.6021766e-19    -9.156439e-20    7.0470753e-19             4483                1
     0.0018081736    3.4206932e-05      0.010434218    -0.0012220815      -0.01222925   -0.00080058479    9.1093825e-31   -1.6021766e-19    -9.156439e-20    7.0470753e-19             4361                1
    -0.0012277961    1.4645121e-05     0.0060917614    0.00068803295     0.0030818647     0.0013546777    9.1093825e-31   -1.6021766e-19    -9.156439e-20    7.0470753e-19             4414                1
     0.0013922796    4.2833668e-05      0.011465026    -0.0003993382    -0.0070208497     -0.001738279    9.1093825e-31   -1.6021766e-19    -9.156439e-20    7.0470753e-19             4095                1
     0.0014834745    6.1966319e-05      0.011447187     0.0054685688    -0.0057839868    -0.0028889929    9.1093825e-31   -1.6021766e-19    -9.156439e-20    7.0470753e-19             4096                1
   -0.00045909395    9.8609387e-05    -0.0081945378   -0.00078826258    -0.0046126535   -0.00012035581    9.1093825e-31   -1.6021766e-19    -9.156439e-20    7.0470753e-19             4493                1
    -0.0011921647    1.4432746e-06     0.0060691326     0.0081655812     0.0015325157    0.00049007009    9.1093825e-31   -1.6021766e-19    -9.156439e-20    7.0470753e-19             4471                1
    -0.0012035514    2.1097641e-05     0.0066274395     0.0007167483     -0.009819991     0.0021231908    9.1093825e-31   -1.6021766e-19    -9.156439e-20    7.0470753e-19             4158                1
   -0.00074084289    9.7835349e-05    -0.0081188157   -0.00050071714      0.011091076   -0.00016686464    9.1093825e-31   -1.6021766e-19    -9.156439e-20    7.0470753e-19             4159                1
    -0.0007149977    1.9289349e-05    -0.0081221098     0.0014912158     0.0050364742   -0.00043583341    9.1093825e-31   -1.6021766e-19    -9.156439e-20    7.0470753e-19             4160                1
    -0.0033470362    8.4985564e-05     -0.009968074    -0.0011152475      0.010042468    -0.0050702835    9.1093825e-31   -1.6021766e-19    -9.156439e-20    7.0470753e-19             4165                1
   -0.00020352213     4.846228e-06      0.013753953    -0.0020290751     -0.010411046    -0.0010353641    9.1093825e-31   -1.6021766e-19    -9.156439e-20    7.0470753e-19             4173                1
     0.0015051096    1.8654155e-05      0.011480374    0.00029976765      -0.01005247     0.0030207594    9.1093825e-31   -1.6021766e-19    -9.156439e-20    7.0470753e-19             4177                1
    -0.0015786603    9.2092181e-05     -0.012492409     0.0043584718      0.011269157    -0.0045500188    9.1093825e-31   -1.6021766e-19    -9.156439e-20    7.0470753e-19             4192                1
    -0.0014988043     7.251084e-05    -0.0085708285    0.00022168565      0.009728224    -0.0086413054    9.1093825e-31   -1.6021766e-19    -9.156439e-20    7.0470753e-19             4202                1
   -0.00075050996    9.5513635e-05     -0.008436163   -0.00089566421      0.011737195     0.0029753475    9.1093825e-31   -1.6021766e-19    -9.156439e-20    7.0470753e-19             4203                1
     0.0021433318    9.2464608e-05    -0.0091852406   -0.00038610544      0.011833137     0.0028284516    9.1093825e-31   -1.6021766e-19    -9.156439e-20    7.0470753e-19             4223                1
    -0.0013594667    4.8171864e-06      0.011206231   -0.00021878902     0.0095949536    -0.0032661716    9.1093825e-31   -1.6021766e-19    -9.156439e-20    7.0470753e-19             4484                1
    -0.0014618564    4.8204376e-05    -0.0079193413    -0.0045816218     0.0077294996     0.0025048943    9.1093825e-31   -1.6021766e-19    -9.156439e-20    7.0470753e-19             4225                1
    -0.0013289459    9.8890989e-05     -0.012466115    -0.0013099357      0.012427844     0.0008581396    9.1093825e-31   -1.6021766e-19    -9.156439e-20    7.0470753e-19             4230                1
    -0.0014875621     4.591958e-05    -0.0084525244    -0.0022943788     0.0076482743    -0.0010455108    9.1093825e-31   -1.6021766e-19    -9.156439e-20    7.0470753e-19             4231                1
    -0.0014517063    6.0143771e-05    -0.0080419146     0.0033174446      0.011052038       0.00473723    9.1093825e-31   -1.6021766e-19    -9.156439e-20    7.0470753e-19             4337                1
     0.0010816029    4.1606145e-05      0.013574204    0.00032615298      -0.01066629    -0.0053410302    9.1093825e-31   -1.6021766e-19    -9.156439e-20    7.0470753e-19             4338                1
     0.0032779176    2.9669067e-05      0.014083792    -0.0018955444     -0.011968619    0.00024432177    9.1093825e-31   -1.6021766e-19    -9.156439e-20    7.0470753e-19             4339                1
   -0.00087596796    3.1921503e-05     0.0061553582     0.0046805823     0.0029873808     0.0042283866    9.1093825e-31   -1.6021766e-19    -9.156439e-20    7.0470753e-19             4351                1
     0.0018128521    3.5249718e-06      0.007289038    0.00094647799      0.008853253    9.0962181e-05    9.1093825e-31   -1.6021766e-19    -9.156439e-20    7.0470753e-19             4485                1
    0.00031663335    9.6503252e-05    -0.0087697199    0.00074604538     -0.008730975   -0.00041898448    9.1093825e-31   -1.6021766e-19    -9.156439e-20    7.0470753e-19             4486                1
    -0.0017438565     4.961048e-07      0.010479761   -0.00075359421     0.0011599193     -0.001499412    9.1093825e-31   -1.6021766e-19    -9.156439e-20    7.0470753e-19             4487                1
   -0.00082667638    9.5760435e-05    -0.0083421674     -0.003350547     -0.010603905      0.001944898    9.1093825e-31   -1.6021766e-19    -9.156439e-20    7.0470753e-19             4488                1
    -0.0028809162    9.8142402e-05     -0.010304315     0.0023036343    -0.0062070857   -0.00087714981    9.1093825e-31   -1.6021766e-19    -9.156439e-20    7.0470753e-19             4491                1
    -0.0028810049    9.9299948e-05     -0.010303954     0.0020042062    -0.0023095624    0.00033906809    9.1093825e-31   -1.6021766e-19    -9.156439e-20    7.0470753e-19             4492                1
   -0.00098296907    8.0032549e-07     0.0060671754     0.0021101285     0.0080846548     0.0082693957    9.1093825e-31   -1.6021766e-19    -9.156439e-20    7.0470753e-19             4495                1
