%  ASCII export : 
%
%  Momentum is normalized to the product of particle's mass and speed of light.
%  All other quantities are in SI units.
%
%            posX             posY             posZ             momX             momY             momZ             mass           charge     macro-charge             time       particleID         sourceID

    -0.0016891622    6.1923231e-05     -0.011151923     0.0034518302     0.0078803953      0.002152303    9.1093825e-31   -1.6021766e-19    -9.156439e-20    6.7729854e-19             4078                1
     0.0031785471    9.3081711e-05      0.014035778     -0.001268327       0.01020682     0.0019376678    9.1093825e-31   -1.6021766e-19    -9.156439e-20    6.7729854e-19             3960                1
   -0.00092199998    6.8535504e-05     0.0058612674   -0.00016687483    -0.0061040735    -0.0050671436    9.1093825e-31   -1.6021766e-19    -9.156439e-20    6.7729854e-19             4114                1
    -0.0026100886     3.961163e-05     0.0069157849     0.0026380757    -0.0048554568    9.4953415e-05    9.1093825e-31   -1.6021766e-19    -9.156439e-20    6.7729854e-19             3989                1
     0.0020700297    9.2054353e-05      0.014667497    -0.0019734818    -0.0078866389   -0.00074752246    9.1093825e-31   -1.6021766e-19    -9.156439e-20    6.7729854e-19             4281                1
     0.0024530415    3.4789937e-05    -0.0092918808     0.0041205585    -0.0075209583     -0.003539654    9.1093825e-31   -1.6021766e-19    -9.156439e-20    6.7729854e-19             4025                1
    -0.0019563432    5.6110141e-05     0.0063943444    -0.0037778502     -0.008823365    -0.0022144923    9.1093825e-31   -1.6021766e-19    -9.156439e-20    6.7729854e-19             4141                1
   -0.00061951508    1.9005289e-05     -0.012283406    0.00041900342    -0.0025065362    -0.0011830141    9.1093825e-31   -1.6021766e-19    -9.156439e-20    6.7729854e-19               55                0
    -0.0013506314    1.5507203e-05    -0.0066707004     0.0011858394     -0.012374654   -0.00082713255    9.1093825e-31   -1.6021766e-19    -9.156439e-20    6.7729854e-19             4083                1
    -0.0019324081    9.1217953e-05      0.006474548    -0.0011902206    -0.0022923113    0.00088017405    9.1093825e-31   -1.6021766e-19    -9.156439e-20    6.7729854e-19             4106                1
     0.0043807938    3.3000848e-05     0.0052314126   -0.00051844685    0.00089562347   -0.00038482994    9.1093825e-31   -1.6021766e-19    -9.156439e-20    6.7729854e-19              154                0
     0.0067005274    7.3657684e-05      -0.01322333      0.001462239   -0.00075626303     0.0013947559    9.1093825e-31   -1.6021766e-19    -9.156439e-20    6.7729854e-19              488                0
    -0.0025696845    1.9211639e-05     -0.014765216    -0.0012514315     -0.001183703    0.00063809287    9.1093825e-31   -1.6021766e-19    -9.156439e-20    6.7729854e-19               27                0
     0.0027184063    8.5537235e-05      0.012211652     0.0052164709    -0.0059740655    -0.0013783481    9.1093825e-31   -1.6021766e-19    -9.156439e-20    6.7729854e-19             4236                1
    -0.0037066482    9.8456454e-05      0.011514023      0.002401795     0.0097861765     0.0011160261    9.1093825e-31   -1.6021766e-19    -9.156439e-20    6.7729854e-19             3967                1
     0.0015966921       9.2536e-05      0.011402095    0.00039254973    -0.0042117247    -0.0037280712    9.1093825e-31   -1.6021766e-19    -9.156439e-20    6.7729854e-19             4254                1
    -0.0022106131    3.0107121e-06     0.0029669928     0.0019399072    -0.0029260137     0.0014682506    9.1093825e-31   -1.6021766e-19    -9.156439e-20    6.7729854e-19             3354                1
    -0.0016697508    9.4178358e-05      0.010599815    -0.0011077463     -0.002907522     0.0017588178    9.1093825e-31   -1.6021766e-19    -9.156439e-20    6.7729854e-19             4245                1
     -0.001395955    3.1109183e-05    -0.0084740156    2.2780091e-06     0.0073504373   -7.0386491e-06    9.1093825e-31   -1.6021766e-19    -9.156439e-20    6.7729854e-19             4174                1
    -0.0012957912    8.8898916e-05     0.0067075454    -0.0027541528    -0.0025231889     0.0035484491    9.1093825e-31   -1.6021766e-19    -9.156439e-20    6.7729854e-19             4103                1
    -0.0026616729    6.4711836e-05     0.0069275978    -0.0015663473    -0.0028091441     0.0010573581    9.1093825e-31   -1.6021766e-19    -9.156439e-20    6.7729854e-19             3990                1
   -0.00027373061    2.7255061e-07     -0.002896134     0.0016604207     -0.012208133    -0.0026654543    9.1093825e-31   -1.6021766e-19    -9.156439e-20    6.7729854e-19             4000                1
     -0.005083255    4.8333175e-05     0.0089069735     0.0014275535     0.0017298697   -0.00043837342    9.1093825e-31   -1.6021766e-19    -9.156439e-20    6.7729854e-19              355                0
     0.0075876894    3.9371589e-06     -0.011822394   -0.00079801376    -0.0010768081    0.00070945773    9.1093825e-31   -1.6021766e-19    -9.156439e-20    6.7729854e-19              451                0
     0.0020702987    9.7141878e-05      0.014673444     -0.001701524    -0.0027478561     0.0052612647    9.1093825e-31   -1.6021766e-19    -9.156439e-20    6.7729854e-19             4282                1
    -0.0064348532      3.14381e-05    -0.0019336133   -0.00016220089    -0.0012473093    0.00093363476    9.1093825e-31   -1.6021766e-19    -9.156439e-20    6.7729854e-19               32                0
     0.0011523243    4.8860718e-05    -0.0096077332   -0.00015671857     0.0078414157     -0.003359091    9.1093825e-31   -1.6021766e-19    -9.156439e-20    6.7729854e-19             4132                1
     0.0080938982     2.174049e-05    0.00057418982    -0.0016379231   -0.00039526311   -0.00062183244    9.1093825e-31   -1.6021766e-19    -9.156439e-20    6.7729854e-19              455                0
     0.0048927893    7.6756442e-05     0.0071857949     -0.003165965    -0.0043764086      0.001171608    9.1093825e-31   -1.6021766e-19    -9.156439e-20    6.7729854e-19             4134                1
    -0.0029455288    1.1231475e-05     -0.010666031    0.00077261578      0.003610241    -0.0033989819    9.1093825e-31   -1.6021766e-19    -9.156439e-20    6.7729854e-19             4205                1
   -8.5419102e-05    6.6621171e-05     0.0033701952    -0.0050899233     -0.006779938    -0.0059844488    9.1093825e-31   -1.6021766e-19    -9.156439e-20    6.7729854e-19             4105                1
    -0.0012368201    3.8947674e-05     0.0060832263     0.0014815674    -0.0074193277    0.00075751927    9.1093825e-31   -1.6021766e-19    -9.156439e-20    6.7729854e-19             4054                1
     0.0018575341    1.0766733e-05    -0.0020602464    0.00045764988      -0.01071801    -0.0032821968    9.1093825e-31   -1.6021766e-19    -9.156439e-20    6.7729854e-19             3981                1
    0.00040614663    1.2836057e-05    -0.0038069189    1.5945332e-05     -0.010135306    3.5152963e-05    9.1093825e-31   -1.6021766e-19    -9.156439e-20    6.7729854e-19             3929                1
     0.0011908787    8.8243556e-05      0.011302208     -0.002020861      -0.00216441    -0.0022235441    9.1093825e-31   -1.6021766e-19    -9.156439e-20    6.7729854e-19             4163                1
     0.0013662454    2.1552582e-05    -0.0088663343    2.9157438e-05    -0.0082094157   -0.00033623356    9.1093825e-31   -1.6021766e-19    -9.156439e-20    6.7729854e-19             3926                1
     0.0014048312    1.1864424e-05       -0.0088016    -0.0023630124    -0.0085408436     0.0051430585    9.1093825e-31   -1.6021766e-19    -9.156439e-20    6.7729854e-19             3853                1
   -7.0020527e-05    7.9343721e-05     0.0042288951    -0.0031388286    -0.0058345837    -0.0053369165    9.1093825e-31   -1.6021766e-19    -9.156439e-20    6.7729854e-19             4161                1
    0.00098586758    3.9178423e-05    -0.0064860173    -0.0092238327    -0.0071045086      0.000868887    9.1093825e-31   -1.6021766e-19    -9.156439e-20    6.7729854e-19             3776                1
     -0.006325799    2.1649481e-05     0.0037648669     0.0030441177    0.00017570527    -0.0015924658    9.1093825e-31   -1.6021766e-19    -9.156439e-20    6.7729854e-19              695                0
     0.0012323346    5.9837821e-05      0.011481933    -0.0025697835    -0.0042694821     0.0029702589    9.1093825e-31   -1.6021766e-19    -9.156439e-20    6.7729854e-19             4089                1
    -0.0042474442    1.5282954e-05    -0.0096930172     -0.001496592     0.0082788654   -0.00055165373    9.1093825e-31   -1.6021766e-19    -9.156439e-20    6.7729854e-19             4250                1
     0.0013281342    9.0382564e-05      0.011366835     0.0019591369    0.00064371445    -0.0014304965    9.1093825e-31   -1.6021766e-19    -9.156439e-20    6.7729854e-19             4056                1
    -0.0014710089    1.0189679e-05    -0.0080717197    -0.0035667059    -0.0091758342    -0.0029991225    9.1093825e-31   -1.6021766e-19    -9.156439e-20    6.7729854e-19             3902                1
   -0.00025234604    5.4076714e-05    -0.0027916143    0.00025127444    -0.0069515244    -0.0014681971    9.1093825e-31   -1.6021766e-19    -9.156439e-20    6.7729854e-19             3882                1
    -0.0013941251    7.0266804e-05     0.0055964044     0.0018897436    -0.0095448419    0.00020157381    9.1093825e-31   -1.6021766e-19    -9.156439e-20    6.7729854e-19             4206                1
     0.0019935246    3.0366045e-05     -0.012334334    -0.0058147642     0.0055216989    -0.0018657832    9.1093825e-31   -1.6021766e-19    -9.156439e-20    6.7729854e-19             4118                1
   -0.00046151996    5.8355672e-05     0.0002175174    0.00037698192    -0.0094851982   -0.00067568599    9.1093825e-31   -1.6021766e-19    -9.156439e-20    6.7729854e-19             4139                1
    -0.0033080624    1.6533721e-05    -0.0099111609     0.0055787764     0.0038864138    -0.0016984168    9.1093825e-31   -1.6021766e-19    -9.156439e-20    6.7729854e-19             4166                1
    0.00043233618    7.1556649e-05    0.00020778357   -0.00099613075    -0.0061073266     0.0015852369    9.1093825e-31   -1.6021766e-19    -9.156439e-20    6.7729854e-19             4055                1
     0.0020358374    8.6443739e-05      0.014609501    0.00040463547     -0.003198355   -0.00085267454    9.1093825e-31   -1.6021766e-19    -9.156439e-20    6.7729854e-19             4208                1
      0.006012076    3.8671988e-05     0.0048985626    -0.0010608522    0.00068904425    0.00066345785    9.1093825e-31   -1.6021766e-19    -9.156439e-20    6.7729854e-19              751                0
     0.0013234861    1.7383243e-05     0.0023271467     0.0040400904     -0.010318772     -0.001880648    9.1093825e-31   -1.6021766e-19    -9.156439e-20    6.7729854e-19             4021                1
     0.0010791093    8.6552631e-05       0.01361178     0.0001640625      0.011368357    6.0053662e-05    9.1093825e-31   -1.6021766e-19    -9.156439e-20    6.7729854e-19             4045                1
     0.0011260719    2.5191225e-06    -0.0065117865    -0.0024470033    -0.0088652177   -0.00037146063    9.1093825e-31   -1.6021766e-19    -9.156439e-20    6.7729854e-19             3775                1
     -0.007499604    5.5656248e-05    -0.0073353373     -0.001195836    -0.0012733031    -0.0026717181    9.1093825e-31   -1.6021766e-19    -9.156439e-20    6.7729854e-19              532                0
    -0.0002280929    2.0816657e-05    -0.0084009888    0.00071129377     0.0049907267    0.00016108745    9.1093825e-31   -1.6021766e-19    -9.156439e-20    6.7729854e-19             4178                1
    -0.0030922955    3.5718975e-05    -0.0018498896    0.00081373914    -0.0091972267     0.0063601006    9.1093825e-31   -1.6021766e-19    -9.156439e-20    6.7729854e-19             4035                1
    -0.0016124183    2.2957071e-05      -0.01117768     0.0033855652     0.0064641992     0.0016550835    9.1093825e-31   -1.6021766e-19    -9.156439e-20    6.7729854e-19             4185                1
     0.0013575266    3.1231796e-06    -0.0050755008      0.010427304     0.0030234123     0.0014400212    9.1093825e-31   -1.6021766e-19    -9.156439e-20    6.7729854e-19             4283                1
   -0.00092155708     8.601803e-05     0.0056987447     0.0023152451    -0.0023523597     0.0055132783    9.1093825e-31   -1.6021766e-19    -9.156439e-20    6.7729854e-19             4029                1
    -0.0018182761    5.6227484e-05     0.0018522424     0.0028241551    -0.0088675059    -0.0036619701    9.1093825e-31   -1.6021766e-19    -9.156439e-20    6.7729854e-19             4113                1
     0.0005137737    7.1097733e-05    0.00020911879    -0.0050248122    -0.0055849673     -0.001160434    9.1093825e-31   -1.6021766e-19    -9.156439e-20    6.7729854e-19             3975                1
     0.0012456167    8.1260405e-05      0.011474313   -0.00080340885    -0.0014242757     0.0019594484    9.1093825e-31   -1.6021766e-19    -9.156439e-20    6.7729854e-19             4088                1
   -0.00097235845    7.7492528e-05     0.0060501313    -0.0013390842     -0.006679303     0.0019913868    9.1093825e-31   -1.6021766e-19    -9.156439e-20    6.7729854e-19             4181                1
   -0.00093903719     5.946627e-06    -0.0058184429     0.0027101813     0.0074393451     4.684323e-05    9.1093825e-31   -1.6021766e-19    -9.156439e-20    6.7729854e-19             4285                1
     0.0017194132    9.5055788e-05      0.010321892     0.0033947425      0.008492426    -0.0019571402    9.1093825e-31   -1.6021766e-19    -9.156439e-20    6.7729854e-19             3814                1
     0.0010506208    1.2517823e-05       -0.0092551    9.2010552e-05     0.0048371842    0.00049272878    9.1093825e-31   -1.6021766e-19    -9.156439e-20    6.7729854e-19             4226                1
    -0.0013966374    1.3138655e-05    -0.0084527917   -0.00016298167     0.0030253949     0.0050976486    9.1093825e-31   -1.6021766e-19    -9.156439e-20    6.7729854e-19             4175                1
    -0.0082804384     8.139191e-05      0.014754889    5.2603562e-05    0.00096268341     0.0012158339    9.1093825e-31   -1.6021766e-19    -9.156439e-20    6.7729854e-19              719                0
    -0.0091277855    1.1151426e-05     0.0025253494    -0.0006696661   -0.00041406596     0.0014006776    9.1093825e-31   -1.6021766e-19    -9.156439e-20    6.7729854e-19              874                0
   -0.00087722793    2.1015027e-05    -0.0083967838   -0.00029178974     0.0056541841    -0.0018775385    9.1093825e-31   -1.6021766e-19    -9.156439e-20    6.7729854e-19             4193                1
     0.0018276495    8.2559214e-05      0.012117245    -0.0044661644    -0.0072327545     0.0018020511    9.1093825e-31   -1.6021766e-19    -9.156439e-20    6.7729854e-19             4237                1
    -0.0041057626    7.3492687e-05     0.0059506837     0.0015383317     0.0013485939   -0.00078382721    9.1093825e-31   -1.6021766e-19    -9.156439e-20    6.7729854e-19              628                0
   -0.00090797321    1.6670801e-05     0.0061266571    2.7161319e-05     -0.011538442   -0.00016103605    9.1093825e-31   -1.6021766e-19    -9.156439e-20    6.7729854e-19             4079                1
     0.0011235434    7.1782219e-05      0.007711655   -0.00019490969    -0.0030270657   -5.5922184e-05    9.1093825e-31   -1.6021766e-19    -9.156439e-20    6.7729854e-19             4050                1
      0.004947566    8.0372818e-05    -0.0032148648     0.0045559229    -0.0042292541     0.0027511369    9.1093825e-31   -1.6021766e-19    -9.156439e-20    6.7729854e-19             3939                1
    -0.0011752783    1.7213735e-05    -0.0086379359     -0.003719646    -0.0092755193     0.0017393501    9.1093825e-31   -1.6021766e-19    -9.156439e-20    6.7729854e-19             4007                1
     0.0072302152    7.9931982e-05     0.0061337547    -0.0005905857    0.00064542709     0.0019551569    9.1093825e-31   -1.6021766e-19    -9.156439e-20    6.7729854e-19              828                0
     0.0002367064    5.4428259e-05    0.00021873449    -0.0078647649    -0.0077612041    -0.0012663079    9.1093825e-31   -1.6021766e-19    -9.156439e-20    6.7729854e-19             4042                1
     0.0014624072    7.4101263e-05      0.011419148     0.0059592389    -0.0069205696    -0.0033080543    9.1093825e-31   -1.6021766e-19    -9.156439e-20    6.7729854e-19             4194                1
    -0.0025197659    1.2620799e-06     -0.001956874    0.00070094567     0.0016543408    0.00095996459    9.1093825e-31   -1.6021766e-19    -9.156439e-20    6.7729854e-19             4287                1
     0.0019433631    7.2270559e-05      0.010540052     0.0012171927     0.0077919411    0.00071947853    9.1093825e-31   -1.6021766e-19    -9.156439e-20    6.7729854e-19             3965                1
     0.0015411013    9.4411196e-05    -0.0089255627     0.0021153726     0.0002416088    -0.0015236693    9.1093825e-31   -1.6021766e-19    -9.156439e-20    6.7729854e-19             3551                1
     0.0081674298     8.466655e-05     -0.012466105    -0.0022106899   -9.5605668e-05     0.0022222064    9.1093825e-31   -1.6021766e-19    -9.156439e-20    6.7729854e-19              586                0
     0.0032018325     9.201427e-05      0.014061241   -0.00027579782      0.010567373     0.0050267964    9.1093825e-31   -1.6021766e-19    -9.156439e-20    6.7729854e-19             3992                1
    -0.0049546631    7.4245079e-05    -0.0052858824    0.00099250989    -0.0021124841   -0.00094566838    9.1093825e-31   -1.6021766e-19    -9.156439e-20    6.7729854e-19              660                0
    -0.0021158503    3.5066118e-05      0.006357837    0.00095181697   -0.00052546908   -0.00030033704    9.1093825e-31   -1.6021766e-19    -9.156439e-20    6.7729854e-19             3394                1
    -0.0077120024    2.4265319e-05      0.011135195    0.00059398019    0.00088950037     0.0015233926    9.1093825e-31   -1.6021766e-19    -9.156439e-20    6.7729854e-19              652                0
     0.0016188801    8.1609571e-05      0.010355922    -0.0041863997    -0.0070125647   -0.00031945316    9.1093825e-31   -1.6021766e-19    -9.156439e-20    6.7729854e-19             4227                1
   -0.00054479932    9.9831035e-05     0.0094813127    0.00028435292     0.0097834459   -0.00071349699    9.1093825e-31   -1.6021766e-19    -9.156439e-20    6.7729854e-19             3994                1
     1.575971e-05      8.39801e-05     0.0038771227     0.0032357119    -0.0034225755    -0.0025797919    9.1093825e-31   -1.6021766e-19    -9.156439e-20    6.7729854e-19             4015                1
    0.00017225207    9.1261757e-07    -0.0010520997     0.0025865745     0.0011157277     0.0039742286    9.1093825e-31   -1.6021766e-19    -9.156439e-20    6.7729854e-19             4288                1
   -0.00086493301    3.8589482e-05    -0.0029249135    -0.0002679438    -0.0090470901    -0.0060756565    9.1093825e-31   -1.6021766e-19    -9.156439e-20    6.7729854e-19             4009                1
    -0.0012091458    8.5629246e-05     0.0061936569    -0.0014930301    -0.0023034168     0.0046454375    9.1093825e-31   -1.6021766e-19    -9.156439e-20    6.7729854e-19             4043                1
     0.0032131507    9.3576302e-05      0.013973338    0.00064647244      0.010688409    -0.0021340232    9.1093825e-31   -1.6021766e-19    -9.156439e-20    6.7729854e-19             3991                1
     0.0028030251    1.5926165e-05    -0.0056385621     -0.001684382    -0.0033098187     1.525048e-05    9.1093825e-31   -1.6021766e-19    -9.156439e-20    6.7729854e-19              860                0
     0.0012598544    3.7823287e-05     0.0023501648    -0.0019106914    -0.0083982795    0.00026880528    9.1093825e-31   -1.6021766e-19    -9.156439e-20    6.7729854e-19             4022                1
    -0.0033417565    1.0019555e-05     -0.012662869   -0.00090742426    -0.0019846014    -0.0015405221    9.1093825e-31   -1.6021766e-19    -9.156439e-20    6.7729854e-19              900                0
    -0.0064289635    2.6875545e-05      -0.00891387    0.00087967404    -0.0015844145     -0.001327457    9.1093825e-31   -1.6021766e-19    -9.156439e-20    6.7729854e-19              132                0
     0.0020254685    6.6886059e-05      -0.01232973   -0.00085356314      0.011197205    -0.0011473186    9.1093825e-31   -1.6021766e-19    -9.156439e-20    6.7729854e-19             4117                1
    0.00064387132    6.7157678e-05    0.00027650702     0.0049307588    -0.0058603608     0.0039970581    9.1093825e-31   -1.6021766e-19    -9.156439e-20    6.7729854e-19             3974                1
    -0.0024953149    9.2053218e-05    0.00088510162      0.001021728    -0.0029143819      0.007650733    9.1093825e-31   -1.6021766e-19    -9.156439e-20    6.7729854e-19             3863                1
     0.0078440523     4.973833e-05     -0.013170553     0.0024035745   -0.00041998798    -0.0017002809    9.1093825e-31   -1.6021766e-19    -9.156439e-20    6.7729854e-19              311                0
     0.0019232763    7.7995363e-05      0.012214279    -0.0014496953    -0.0025193493    0.00033313266    9.1093825e-31   -1.6021766e-19    -9.156439e-20    6.7729854e-19             4124                1
    -0.0030248812    2.6856504e-05     -0.010514189    -0.0021705637    -0.0071356841    -0.0035716754    9.1093825e-31   -1.6021766e-19    -9.156439e-20    6.7729854e-19             3993                1
     0.0016946699    8.9295587e-05      0.010442326    -0.0044787796     0.0082718348   -0.00083400845    9.1093825e-31   -1.6021766e-19    -9.156439e-20    6.7729854e-19             3819                1
     0.0013096414    8.1917075e-05      0.011294042    -0.0037934524      0.009084411    0.00093600817    9.1093825e-31   -1.6021766e-19    -9.156439e-20    6.7729854e-19             3980                1
    -0.0071801106    1.2203149e-05    -0.0014516715     0.0023321817    -0.0022763188    -0.0005531623    9.1093825e-31   -1.6021766e-19    -9.156439e-20    6.7729854e-19             2944                1
     0.0020335789    8.1910417e-05      0.014598197   -0.00024746926    -0.0045063649    -0.0041158595    9.1093825e-31   -1.6021766e-19    -9.156439e-20    6.7729854e-19             4207                1
   -0.00097192032    7.6290737e-05     0.0055953125   -0.00013269583    -0.0038088318    -5.235746e-05    9.1093825e-31   -1.6021766e-19    -9.156439e-20    6.7729854e-19             4062                1
    -0.0042409273    1.0457557e-05    -0.0097009754       0.00196711     0.0057133259     -0.004782855    9.1093825e-31   -1.6021766e-19    -9.156439e-20    6.7729854e-19             4251                1
      0.001810901    6.4230779e-05      0.007289263    0.00020240307    -0.0055092531    -4.735792e-05    9.1093825e-31   -1.6021766e-19    -9.156439e-20    6.7729854e-19             4092                1
     0.0078827431    5.7981804e-05     0.0085742781   -0.00028891308    0.00075533055     0.0012622606    9.1093825e-31   -1.6021766e-19    -9.156439e-20    6.7729854e-19              254                0
     0.0058241542    5.5891258e-05     0.0043633338     -0.000583274    0.00037462552   -0.00088146678    9.1093825e-31   -1.6021766e-19    -9.156439e-20    6.7729854e-19              270                0
    -0.0020972679    7.8228746e-05     0.0063029286     5.433812e-06    -0.0039882162    -0.0018199823    9.1093825e-31   -1.6021766e-19    -9.156439e-20    6.7729854e-19             4093                1
    -0.0031858021    5.7389854e-05     0.0065642754    -0.0010798406      0.004698582    -0.0032005296    9.1093825e-31   -1.6021766e-19    -9.156439e-20    6.7729854e-19             4008                1
    -0.0014830926    1.2226426e-05     -0.006663789     0.0012658228      -0.00956262    -0.0028198306    9.1093825e-31   -1.6021766e-19    -9.156439e-20    6.7729854e-19             3919                1
   -0.00026544355    3.1585834e-05    -0.0029434452     0.0023580203    -0.0095791323    -0.0066550882    9.1093825e-31   -1.6021766e-19    -9.156439e-20    6.7729854e-19             4001                1
     0.0023780777    9.3572571e-06    -0.0075133848    8.7975081e-05     0.0027720232     0.0033763894    9.1093825e-31   -1.6021766e-19    -9.156439e-20    6.7729854e-19             4221                1
    0.00033596283    5.8007612e-05    -0.0037131116    -0.0036461777    -0.0067287213   -0.00066643808    9.1093825e-31   -1.6021766e-19    -9.156439e-20    6.7729854e-19             3858                1
     0.0047029871    8.3918952e-05    -0.0031760295     0.0014722974    -0.0049970997     0.0019910347    9.1093825e-31   -1.6021766e-19    -9.156439e-20    6.7729854e-19             4184                1
     0.0011685044    4.5148063e-05     0.0058573247    -0.0033842272      -0.00809546     0.0010649809    9.1093825e-31   -1.6021766e-19    -9.156439e-20    6.7729854e-19             4080                1
    -0.0026119621    1.2046036e-05    -0.0020435047     -0.002635872     -0.011376547     0.0029716482    9.1093825e-31   -1.6021766e-19    -9.156439e-20    6.7729854e-19             4016                1
     0.0022399693    4.4384949e-05    -0.0091409152      0.001751032     0.0069613731    -0.0016731101    9.1093825e-31   -1.6021766e-19    -9.156439e-20    6.7729854e-19             4130                1
   -0.00098369375    7.5594937e-05     0.0060332217    -0.0052550551    -0.0083457362    -0.0038012275    9.1093825e-31   -1.6021766e-19    -9.156439e-20    6.7729854e-19             4213                1
    0.00010609765    5.7351081e-05    -0.0011346721   -0.00082085119    -0.0096330186      0.003577031    9.1093825e-31   -1.6021766e-19    -9.156439e-20    6.7729854e-19             4140                1
    -0.0093841236    9.7128323e-05    -0.0066074831    0.00038867802   -0.00033813735     0.0004148001    9.1093825e-31   -1.6021766e-19    -9.156439e-20    6.7729854e-19              192                0
   -0.00098925596    4.2293268e-05     0.0056876238    -0.0040742219    -0.0064856368     0.0044664848    9.1093825e-31   -1.6021766e-19    -9.156439e-20    6.7729854e-19             4030                1
    -0.0019247597    4.4438239e-05      0.006461977   -8.3098894e-05    -0.0090468135   -0.00092894532    9.1093825e-31   -1.6021766e-19    -9.156439e-20    6.7729854e-19             4107                1
     0.0015041718    3.6963891e-05    -0.0088916523     0.0031203621     0.0064184498    -0.0038775378    9.1093825e-31   -1.6021766e-19    -9.156439e-20    6.7729854e-19             4142                1
     0.0036225005    2.5490112e-05     0.0035577046     0.0012246085    0.00021319954     0.0021964086    9.1093825e-31   -1.6021766e-19    -9.156439e-20    6.7729854e-19              991                0
    -0.0010041973    1.0035045e-05    -0.0039121173    0.00046646254     -0.010813519   -0.00013073573    9.1093825e-31   -1.6021766e-19    -9.156439e-20    6.7729854e-19             3976                1
    -0.0090701357    1.2587296e-05    -0.0020134761     0.0011678023   -0.00039032305   -0.00095276238    9.1093825e-31   -1.6021766e-19    -9.156439e-20    6.7729854e-19              212                0
     0.0084570907    4.6818427e-06     0.0014915774     0.0002396885   -0.00028238181   -0.00083006977    9.1093825e-31   -1.6021766e-19    -9.156439e-20    6.7729854e-19              525                0
     0.0093582384     7.014211e-06    -0.0093136821     0.0011483572   -0.00038219301    -0.0014043596    9.1093825e-31   -1.6021766e-19    -9.156439e-20    6.7729854e-19              690                0
   -0.00091350719    4.1519881e-05    -0.0027209909    0.00085343834     -0.008129973   -0.00041425321    9.1093825e-31   -1.6021766e-19    -9.156439e-20    6.7729854e-19             3940                1
    0.00026333565    7.4089071e-06    -0.0089483755     0.0024161178      0.002988335      0.002707311    9.1093825e-31   -1.6021766e-19    -9.156439e-20    6.7729854e-19             4232                1
    -0.0086301453    2.5630194e-05    -0.0011203742    0.00089912326   -0.00063242693    0.00099271198    9.1093825e-31   -1.6021766e-19    -9.156439e-20    6.7729854e-19              750                0
    -0.0036525137    9.6874326e-05      0.011532123    -0.0050114873    -0.0031802484     0.0061092866    9.1093825e-31   -1.6021766e-19    -9.156439e-20    6.7729854e-19             4284                1
   -0.00073557335    2.1780794e-05     -0.008472682      0.001289866      0.006243262   -0.00058876048    9.1093825e-31   -1.6021766e-19    -9.156439e-20    6.7729854e-19             4204                1
   -0.00037297898    2.7239668e-05    -0.0082889106    0.00047087698      0.003841331   -0.00035340028    9.1093825e-31   -1.6021766e-19    -9.156439e-20    6.7729854e-19             4133                1
    -0.0012952932    5.6926845e-05     -0.014121472    0.00083672255     0.0094318874    -0.0012722822    9.1093825e-31   -1.6021766e-19    -9.156439e-20    6.7729854e-19             4104                1
    -0.0057684118    6.1566097e-05     0.0059318403    -0.0011614931     0.0011086049     0.0010285728    9.1093825e-31   -1.6021766e-19    -9.156439e-20    6.7729854e-19              220                0
     0.0011190786     2.989138e-06    -0.0068247877   -2.2160889e-06     0.0027000445    0.00091467798    9.1093825e-31   -1.6021766e-19    -9.156439e-20    6.7729854e-19             4275                1
     0.0061040251     5.325026e-05    -0.0085429838    -0.0026936105    -0.0016164078   -0.00053899945    9.1093825e-31   -1.6021766e-19    -9.156439e-20    6.7729854e-19              931                0
     0.0020030839    4.5261673e-05     -0.012380767   -0.00040600286     0.0044977986    -0.0022135894    9.1093825e-31   -1.6021766e-19    -9.156439e-20    6.7729854e-19             4032                1
    -0.0018950048    4.5016688e-05     0.0017990305    -0.0045443303    -0.0070676636    -0.0033918254    9.1093825e-31   -1.6021766e-19    -9.156439e-20    6.7729854e-19             3985                1
     0.0014032755    9.7775046e-05    -0.0033377344   -0.00037022441    0.00079879788     0.0010409999    9.1093825e-31   -1.6021766e-19    -9.156439e-20    6.7729854e-19             3678                1
     0.0015129927    1.5364538e-05     -0.012913554     0.0016445501     0.0050346502    -0.0033006091    9.1093825e-31   -1.6021766e-19    -9.156439e-20    6.7729854e-19             4195                1
     0.0013386592    9.8041441e-05       0.01138818    -0.0026196125    -0.0011917402   -0.00029977286    9.1093825e-31   -1.6021766e-19    -9.156439e-20    6.7729854e-19             4259                1
     0.0058217654    2.9213732e-05    -0.0031969829    -0.0010736063    -0.0015373903    -0.0022767882    9.1093825e-31   -1.6021766e-19    -9.156439e-20    6.7729854e-19              256                0
     0.0012445688    9.2089795e-05      0.011425419    -0.0013662424    -0.0015465195     -0.005623702    9.1093825e-31   -1.6021766e-19    -9.156439e-20    6.7729854e-19             4169                1
    -0.0035391552    4.7889425e-05    -0.0099739851    -0.0049285833     0.0069180992    -0.0031415804    9.1093825e-31   -1.6021766e-19    -9.156439e-20    6.7729854e-19             4109                1
     0.0014654475    3.6958434e-05    -0.0033977118     0.0012567373    -0.0082543651    -0.0011326936    9.1093825e-31   -1.6021766e-19    -9.156439e-20    6.7729854e-19             3917                1
    -0.0015561756    1.2471063e-05      -0.01245693      0.001475342     0.0040861559    -0.0011571249    9.1093825e-31   -1.6021766e-19    -9.156439e-20    6.7729854e-19             4188                1
    -0.0093901623    9.3850991e-05     0.0020284501    -0.0022472192    0.00036178911    -0.0018362714    9.1093825e-31   -1.6021766e-19    -9.156439e-20    6.7729854e-19              978                0
    -0.0016195448    2.0094485e-05     -0.012326775    -0.0011838274    -0.0058087609      0.002163603    9.1093825e-31   -1.6021766e-19    -9.156439e-20    6.7729854e-19             3735                1
     0.0094147986      1.78928e-05    0.00089739729     0.0014197871   -0.00043169069   -0.00017848007    9.1093825e-31   -1.6021766e-19    -9.156439e-20    6.7729854e-19              637                0
     0.0010537253    8.9137808e-05      0.013652973   -0.00044976079    -0.0083076525     0.0057434328    9.1093825e-31   -1.6021766e-19    -9.156439e-20    6.7729854e-19             4271                1
     -0.001513153     4.935142e-06    -0.0066291881   -0.00070610142     -0.010040903   -0.00054893253    9.1093825e-31   -1.6021766e-19    -9.156439e-20    6.7729854e-19             3920                1
     0.0046522231    9.9666649e-05     0.0022707612   -0.00066630106    2.1971708e-05     0.0011518432    9.1093825e-31   -1.6021766e-19    -9.156439e-20    6.7729854e-19              229                0
     0.0015926091    9.5739153e-05      0.011406827    -0.0018984923    -0.0024135241    -0.0010725629    9.1093825e-31   -1.6021766e-19    -9.156439e-20    6.7729854e-19             4255                1
     -0.008483883    2.9828536e-05    -0.0014982421    0.00079718826    -0.0006818581   -0.00040296753    9.1093825e-31   -1.6021766e-19    -9.156439e-20    6.7729854e-19              894                0
     0.0075553525    9.7733944e-05     0.0055579073   -0.00099186634     0.0006089505     0.0030264587    9.1093825e-31   -1.6021766e-19    -9.156439e-20    6.7729854e-19              219                0
     0.0080643157    2.3410088e-05    -0.0029221568     0.0016766989    -0.0010062755     0.0023103708    9.1093825e-31   -1.6021766e-19    -9.156439e-20    6.7729854e-19              309                0
    -0.0089654243    6.6971923e-05      0.011161461   -0.00023895917    0.00048870302   -0.00060464471    9.1093825e-31   -1.6021766e-19    -9.156439e-20    6.7729854e-19              329                0
    -0.0017431657    3.0066321e-06      0.010478525    -0.0023777615   -0.00032044426   -0.00040894299    9.1093825e-31   -1.6021766e-19    -9.156439e-20    6.7729854e-19             3508                1
     0.0089500761    6.1427672e-05     0.0081022894    -0.0010025109    0.00028679305     0.0016580641    9.1093825e-31   -1.6021766e-19    -9.156439e-20    6.7729854e-19              369                0
     0.0032244548    9.8061013e-05      0.014027908     0.0011363503    -0.0038785376    6.1588682e-05    9.1093825e-31   -1.6021766e-19    -9.156439e-20    6.7729854e-19             4290                1
   -0.00016341692    7.0751674e-05      0.003402316    -0.0022956021    -0.0047393558    -0.0021206322    9.1093825e-31   -1.6021766e-19    -9.156439e-20    6.7729854e-19             4011                1
     0.0012280411    8.0221864e-05      0.011390359     0.0053026206     0.0088945627     0.0057525504    9.1093825e-31   -1.6021766e-19    -9.156439e-20    6.7729854e-19             3970                1
   -0.00017342028    9.8867931e-05      0.013862314      0.001437502      0.010543818     0.0056117103    9.1093825e-31   -1.6021766e-19    -9.156439e-20    6.7729854e-19             3907                1
     0.0032833244    8.8634406e-05      0.014080877     0.0066752862     0.0095487321     0.0011007134    9.1093825e-31   -1.6021766e-19    -9.156439e-20    6.7729854e-19             3932                1
     0.0019112792    7.6334276e-05      0.012147885     -0.003343496    -0.0027892934      -0.01014667    9.1093825e-31   -1.6021766e-19    -9.156439e-20    6.7729854e-19             4123                1
    -0.0020369559    8.5633495e-05      0.006369872     0.0025599643    -0.0060464824     0.0025713681    9.1093825e-31   -1.6021766e-19    -9.156439e-20    6.7729854e-19             4228                1
     0.0071804174    7.6348784e-05    0.00078855886    -0.0015092025   -9.0763519e-05   -0.00085206825    9.1093825e-31   -1.6021766e-19    -9.156439e-20    6.7729854e-19              476                0
    -0.0047947117    5.2199481e-05     -0.012907168     0.0012979973    -0.0011904916    -0.0016456753    9.1093825e-31   -1.6021766e-19    -9.156439e-20    6.7729854e-19              549                0
   -0.00076796662    9.1260154e-05      0.010256319     0.0026115091     0.0032615245    0.00071927177    9.1093825e-31   -1.6021766e-19    -9.156439e-20    6.7729854e-19              569                0
     -0.001637836     4.736588e-05    -0.0083888508     0.0041760374     0.0084970687     0.0029195715    9.1093825e-31   -1.6021766e-19    -9.156439e-20    6.7729854e-19             4150                1
     0.0011682402    1.3003718e-05    -0.0065637049    -0.0053886292    -0.0098486906   -0.00093944842    9.1093825e-31   -1.6021766e-19    -9.156439e-20    6.7729854e-19             3952                1
    0.00044543779    2.1148864e-05    -0.0086028036    -0.0023902035     0.0066894083      0.000371403    9.1093825e-31   -1.6021766e-19    -9.156439e-20    6.7729854e-19             4217                1
     0.0010204868       9.4003e-05     0.0057127327    -0.0014131019    -0.0033111647    -0.0036626856    9.1093825e-31   -1.6021766e-19    -9.156439e-20    6.7729854e-19             4239                1
    -0.0077030435    5.0102553e-05     0.0039617759      0.001155826    0.00014839722    0.00098670879    9.1093825e-31   -1.6021766e-19    -9.156439e-20    6.7729854e-19              934                0
     0.0015249704    7.9837817e-05      0.011399209   -0.00094722986     0.0087224916     -0.000394898    9.1093825e-31   -1.6021766e-19    -9.156439e-20    6.7729854e-19             3948                1
      0.001348318    9.5579191e-05      0.011387123     0.0031193446    -0.0026554018   -0.00092746643    9.1093825e-31   -1.6021766e-19    -9.156439e-20    6.7729854e-19             4260                1
     0.0014852813    2.5201971e-05     -0.013157495     0.0027452111      0.007595201     0.0034533401    9.1093825e-31   -1.6021766e-19    -9.156439e-20    6.7729854e-19             4189                1
      0.001671847    5.9467093e-05     -0.012824125   -0.00024117829   -6.5135151e-05    0.00016411763    9.1093825e-31   -1.6021766e-19    -9.156439e-20    6.7729854e-19             3329                1
    -0.0025199661    5.5964654e-05    -0.0019463256    -0.0045910939    -0.0074154953     0.0065906378    9.1093825e-31   -1.6021766e-19    -9.156439e-20    6.7729854e-19             4026                1
     0.0018774733    9.6489748e-05      0.012259218    0.00074302062    -0.0070910729    -0.0014538699    9.1093825e-31   -1.6021766e-19    -9.156439e-20    6.7729854e-19             4291                1
     0.0054651336    2.9156057e-05     0.0022815596     0.0006166696    -0.0003317268     0.0025722005    9.1093825e-31   -1.6021766e-19    -9.156439e-20    6.7729854e-19               20                0
   -0.00070290174    1.1728218e-05    -0.0078884885    -0.0017729622     0.0056253867    -0.0022639744    9.1093825e-31   -1.6021766e-19    -9.156439e-20    6.7729854e-19             4246                1
   -0.00086556777    7.2342173e-06    -0.0084063001     0.0047297077    -0.0088992631    -0.0020769576    9.1093825e-31   -1.6021766e-19    -9.156439e-20    6.7729854e-19             3829                1
    -0.0023994164    1.3455784e-05    -0.0019765731     0.0067898622     -0.011447851     0.0037444117    9.1093825e-31   -1.6021766e-19    -9.156439e-20    6.7729854e-19             4027                1
     0.0023890843    1.7092132e-05    -0.0092955343   -0.00087054732    -0.0084811738    -0.0013525124    9.1093825e-31   -1.6021766e-19    -9.156439e-20    6.7729854e-19             3979                1
    -9.304523e-05    5.3706681e-05     0.0034599339   -5.2354218e-05      -0.01040806    -0.0030453471    9.1093825e-31   -1.6021766e-19    -9.156439e-20    6.7729854e-19             4149                1
     0.0016581498    9.9553596e-05       0.01133825    -0.0014291626     0.0099790068     0.0017518837    9.1093825e-31   -1.6021766e-19    -9.156439e-20    6.7729854e-19             3936                1
     0.0014274908    1.7054559e-05    -0.0089214705     0.0032392591     0.0052877227   -0.00014450452    9.1093825e-31   -1.6021766e-19    -9.156439e-20    6.7729854e-19             4214                1
     0.0059735365    6.8411588e-05      0.012112142   -0.00063275802     0.0018926095     0.0020729508    9.1093825e-31   -1.6021766e-19    -9.156439e-20    6.7729854e-19              280                0
    -0.0014022769    7.8857214e-05      0.011159154    -0.0027512475    -0.0032104298    0.00037603569    9.1093825e-31   -1.6021766e-19    -9.156439e-20    6.7729854e-19             4137                1
     0.0018346636     8.379254e-05       0.01210968    -0.0015139354    -0.0067146011    -0.0013822231    9.1093825e-31   -1.6021766e-19    -9.156439e-20    6.7729854e-19             4238                1
     0.0011939473    2.1163505e-05    -0.0093248608     0.0003901803    -0.0078028678   -0.00069853663    9.1093825e-31   -1.6021766e-19    -9.156439e-20    6.7729854e-19             3850                1
    -0.0014191035    6.5142031e-06    -0.0083653359     -0.003105029   -0.00061100227     0.0051436899    9.1093825e-31   -1.6021766e-19    -9.156439e-20    6.7729854e-19             4068                1
     0.0028886383    7.4279509e-05     0.0099150622    0.00040085538     0.0030049481   -0.00023398966    9.1093825e-31   -1.6021766e-19    -9.156439e-20    6.7729854e-19              177                0
     0.0019965356    4.1521205e-05     -0.012660908    -0.0012172955      0.007468075    -0.0018857095    9.1093825e-31   -1.6021766e-19    -9.156439e-20    6.7729854e-19             4125                1
     0.0014093756     1.258568e-05    -0.0033551212    -0.0024213609    -0.0098592471     0.0016655712    9.1093825e-31   -1.6021766e-19    -9.156439e-20    6.7729854e-19             3916                1
    -0.0052664988    6.5192389e-06     -0.010818102   -0.00037081106     0.0027001356    6.5424792e-05    9.1093825e-31   -1.6021766e-19    -9.156439e-20    6.7729854e-19             4229                1
    -0.0082441969     1.648523e-05     0.0033577438    0.00095535244   -0.00024837928    -0.0031899884    9.1093825e-31   -1.6021766e-19    -9.156439e-20    6.7729854e-19              184                0
     -0.001979236    9.5617055e-05     0.0039791921     -0.001423972    0.00076891272    9.1572467e-05    9.1093825e-31   -1.6021766e-19    -9.156439e-20    6.7729854e-19              699                0
     0.0014926245    4.9060447e-05    -0.0088745961     0.0010367075     0.0085965237   -0.00080123614    9.1093825e-31   -1.6021766e-19    -9.156439e-20    6.7729854e-19             4143                1
     0.0022100105      6.63738e-06     -0.009153299    -0.0031263209    0.00081099023    -0.0036896192    9.1093825e-31   -1.6021766e-19    -9.156439e-20    6.7729854e-19             4131                1
    -0.0085870316    3.1585259e-05     0.0020910937    0.00042421583   -0.00021520363   -0.00017253531    9.1093825e-31   -1.6021766e-19    -9.156439e-20    6.7729854e-19              264                0
     0.0051129302    3.6671281e-05    0.00017362327    0.00027284471    -0.0011529115     -0.001275574    9.1093825e-31   -1.6021766e-19    -9.156439e-20    6.7729854e-19              284                0
    -0.0017415222    2.9711206e-05      0.010574323     0.0034391193    0.00030981889   -2.9551026e-07    9.1093825e-31   -1.6021766e-19    -9.156439e-20    6.7729854e-19             3764                1
   -2.3549479e-05    9.6087904e-05      0.013880596    -0.0015930207    -0.0038447278    -0.0039851177    9.1093825e-31   -1.6021766e-19    -9.156439e-20    6.7729854e-19             4280                1
     0.0039655226    2.9311848e-05    -0.0067857606    -0.0033529762       -0.0046591    0.00025585882    9.1093825e-31   -1.6021766e-19    -9.156439e-20    6.7729854e-19             3523                1
     -0.000907632    2.2813826e-06    -0.0028707755     -0.007553353    -0.0055126436   -3.2836229e-05    9.1093825e-31   -1.6021766e-19    -9.156439e-20    6.7729854e-19             3498                1
   -0.00099637732    2.6994576e-05    -0.0020880122   -8.5609048e-05    -0.0025672924    0.00019126975    9.1093825e-31   -1.6021766e-19    -9.156439e-20    6.7729854e-19              384                0
     0.0013112713    2.4269706e-05     0.0025709011    0.00017228395    -0.0097821141   -0.00039317133    9.1093825e-31   -1.6021766e-19    -9.156439e-20    6.7729854e-19             4038                1
   -0.00035009178    1.5162984e-05    -0.0082642203   -0.00011753751     0.0035645408   -5.7700221e-05    9.1093825e-31   -1.6021766e-19    -9.156439e-20    6.7729854e-19             4179                1
    -0.0092197312    5.1080813e-05   -0.00038754113    9.9994568e-06   -0.00029130522    0.00067074108    9.1093825e-31   -1.6021766e-19    -9.156439e-20    6.7729854e-19              444                0
    -0.0059186211    2.6125546e-05     -0.002059381    0.00017146164    -0.0012865377    -0.0010527695    9.1093825e-31   -1.6021766e-19    -9.156439e-20    6.7729854e-19              464                0
    -0.0037215326    4.5639135e-05       0.01167839     0.0002835124     0.0044084918   -0.00041557924    9.1093825e-31   -1.6021766e-19    -9.156439e-20    6.7729854e-19             3644                1
     0.0017797303    9.4031369e-05      0.012328994   -0.00025780758    -0.0032766603    0.00064182933    9.1093825e-31   -1.6021766e-19    -9.156439e-20    6.7729854e-19             4256                1
     0.0026448949    3.2200182e-06      0.012166569    -0.0013156206   -0.00012771899    -0.0016257373    9.1093825e-31   -1.6021766e-19    -9.156439e-20    6.7729854e-19             3466                1
     0.0018132462    8.4824875e-05      0.010438453     0.0019331131     0.0099315336    0.00075800874    9.1093825e-31   -1.6021766e-19    -9.156439e-20    6.7729854e-19             4049                1
     0.0083694113    6.2529616e-05    -0.0037871569   -0.00064131193   -0.00029979044    0.00088330184    9.1093825e-31   -1.6021766e-19    -9.156439e-20    6.7729854e-19              564                0
     0.0014515163    5.7084984e-05       0.01133677     0.0024201882    -0.0075901221   -0.00079548685    9.1093825e-31   -1.6021766e-19    -9.156439e-20    6.7729854e-19             4151                1
     0.0036018419    6.9233043e-05       0.01263527    0.00020968444    -0.0050532226   -0.00077364314    9.1093825e-31   -1.6021766e-19    -9.156439e-20    6.7729854e-19             4146                1
   -0.00088483357    7.2120446e-19    -0.0028170471     0.0030622934     -0.011279549     0.0075956038    9.1093825e-31   -1.6021766e-19    -9.156439e-20    6.7729854e-19             3953                1
     -0.003147084    2.1161413e-05     -0.010288339     0.0045047589     0.0031665971    -0.0021360198    9.1093825e-31   -1.6021766e-19    -9.156439e-20    6.7729854e-19             4110                1
    -0.0012330435    4.9089278e-05     0.0061625778    -0.0077046999    -0.0090909991     0.0023509082    9.1093825e-31   -1.6021766e-19    -9.156439e-20    6.7729854e-19             4119                1
    -0.0012628529    1.6993787e-05    -0.0085447626     0.0036390405     0.0053660041    0.00034461467    9.1093825e-31   -1.6021766e-19    -9.156439e-20    6.7729854e-19             4218                1
     0.0033795126    7.2010313e-05     0.0045672781   -0.00016872351     0.0010224142    -0.0018779163    9.1093825e-31   -1.6021766e-19    -9.156439e-20    6.7729854e-19              704                0
     0.0011190684    4.2945176e-05    -0.0064045684     0.0017698144    -0.0081667267   -0.00062538125    9.1093825e-31   -1.6021766e-19    -9.156439e-20    6.7729854e-19             4041                1
     7.902184e-05    7.7709417e-05    0.00012624427    -0.0078287879     0.0013724824    8.8656372e-05    9.1093825e-31   -1.6021766e-19    -9.156439e-20    6.7729854e-19             3622                1
    -0.0012722645    1.3019742e-05    -0.0085469494    0.00066790642     0.0041122911   -0.00034569652    9.1093825e-31   -1.6021766e-19    -9.156439e-20    6.7729854e-19             4219                1
    -0.0065843542    6.2483632e-05     -0.010832481    0.00095041399    -0.0014627902    0.00099969655    9.1093825e-31   -1.6021766e-19    -9.156439e-20    6.7729854e-19              125                0
     -0.005009003    9.4776558e-05      0.013411752    0.00091415434     0.0026701607    0.00043608595    9.1093825e-31   -1.6021766e-19    -9.156439e-20    6.7729854e-19              804                0
     0.0010528379    9.6299147e-05      0.013638929    -0.0011388781    -0.0027425173     -0.005169082    9.1093825e-31   -1.6021766e-19    -9.156439e-20    6.7729854e-19             4272                1
    -0.0018473209    7.9392805e-05       0.00185103     0.0034559839    -0.0062123472    -0.0040453253    9.1093825e-31   -1.6021766e-19    -9.156439e-20    6.7729854e-19             4167                1
     0.0018340361    2.0955136e-05     -0.012511879   -9.7679454e-05     0.0037267481    2.6747381e-05    9.1093825e-31   -1.6021766e-19    -9.156439e-20    6.7729854e-19             4100                1
    -0.0014208818    9.9351302e-05    -0.0065558613     0.0010744607    0.00068753405    -0.0010941608    9.1093825e-31   -1.6021766e-19    -9.156439e-20    6.7729854e-19             3774                1
   -0.00090640475    2.2508741e-05     0.0068932329   -0.00082579907    -0.0011229214    -0.0038742505    9.1093825e-31   -1.6021766e-19    -9.156439e-20    6.7729854e-19             3736                1
     0.0012604879      6.83736e-05      0.011527902    0.00020492822     0.0030957779     0.0015569453    9.1093825e-31   -1.6021766e-19    -9.156439e-20    6.7729854e-19             2668                1
   -0.00091117132    9.3400406e-05     0.0058959103     0.0014895697    -0.0022862123    0.00023149139    9.1093825e-31   -1.6021766e-19    -9.156439e-20    6.7729854e-19             4115                1
     0.0015973065    3.8700677e-05    -0.0051493859    0.00014280219    -0.0085371155     -2.88144e-05    9.1093825e-31   -1.6021766e-19    -9.156439e-20    6.7729854e-19             3996                1
    0.00037465701    2.9316672e-05    -0.0036694822    -0.0013738073    -0.0084074102     0.0019008357    9.1093825e-31   -1.6021766e-19    -9.156439e-20    6.7729854e-19             3859                1
     -0.006754518    9.0235051e-05      0.012303171    0.00030094545     0.0017526376    0.00066929479    9.1093825e-31   -1.6021766e-19    -9.156439e-20    6.7729854e-19              988                0
    -0.0025751421    1.7917879e-05    -0.0018244766    -0.0029805836    -0.0051708412    0.00034224079    9.1093825e-31   -1.6021766e-19    -9.156439e-20    6.7729854e-19             3658                1
    -0.0033721495    9.2781571e-05     0.0061937911     -0.007421806    -0.0026581602     0.0033285657    9.1093825e-31   -1.6021766e-19    -9.156439e-20    6.7729854e-19             4182                1
    0.00087252847    4.5120221e-05     0.0059750807     0.0038040427    -0.0061266888   -0.00021430138    9.1093825e-31   -1.6021766e-19    -9.156439e-20    6.7729854e-19             4036                1
    0.00034909727    1.7280581e-05    -0.0087842876    -0.0042016786     0.0084091686     0.0018744664    9.1093825e-31   -1.6021766e-19    -9.156439e-20    6.7729854e-19             4247                1
    -0.0033533135    2.8583087e-05    -0.0098664807    0.00036049972     0.0074156169   -0.00012327038    9.1093825e-31   -1.6021766e-19    -9.156439e-20    6.7729854e-19             4183                1
     0.0010722176    4.2638985e-06     -0.006540488    -0.0030985663     0.0024057631    0.00046270547    9.1093825e-31   -1.6021766e-19    -9.156439e-20    6.7729854e-19             4261                1
    0.00096889155    4.4273229e-06     0.0025123025     0.0038530468    -0.0033549017    -0.0047831442    9.1093825e-31   -1.6021766e-19    -9.156439e-20    6.7729854e-19             3552                1
     -0.001167027    2.4355906e-05    -0.0057609319    -0.0053996192     -0.010040966     0.0031517183    9.1093825e-31   -1.6021766e-19    -9.156439e-20    6.7729854e-19             4023                1
    -0.0024220278    4.0701405e-05    -0.0021233822   -0.00020010343    -0.0073407828    -0.0025769325    9.1093825e-31   -1.6021766e-19    -9.156439e-20    6.7729854e-19             3885                1
    -0.0024439548    2.4046141e-05     0.0061735739     0.0012818218     0.0014300066    0.00040467523    9.1093825e-31   -1.6021766e-19    -9.156439e-20    6.7729854e-19              485                0
     0.0014893661    9.7520124e-06     -0.013173917     0.0038317493     0.0034927637   -0.00091455033    9.1093825e-31   -1.6021766e-19    -9.156439e-20    6.7729854e-19             4190                1
    0.00014071875    5.5239158e-05      0.013765782     0.0085611213     0.0078298943   -0.00015860607    9.1093825e-31   -1.6021766e-19    -9.156439e-20    6.7729854e-19             3933                1
     0.0017846255    5.7995854e-05     -0.012870834    0.00016626257    -0.0037188346    0.00012888348    9.1093825e-31   -1.6021766e-19    -9.156439e-20    6.7729854e-19             4058                1
     0.0019094094    6.5689783e-05        0.0113734    0.00089538161      -0.01075548    -0.0017819916    9.1093825e-31   -1.6021766e-19    -9.156439e-20    6.7729854e-19             4220                1
    -0.0016745914    8.3069601e-05      0.010499597     0.0008653542    -0.0051034302   -0.00059310533    9.1093825e-31   -1.6021766e-19    -9.156439e-20    6.7729854e-19             4211                1
    0.00084542372    5.4287804e-05     0.0059735142      0.001221425    -0.0052533364   -0.00036407646    9.1093825e-31   -1.6021766e-19    -9.156439e-20    6.7729854e-19             4037                1
     0.0036293801    8.6250038e-05      0.012706992     0.0022237489    -0.0035180883     0.0049021859    9.1093825e-31   -1.6021766e-19    -9.156439e-20    6.7729854e-19             4198                1
     0.0013691928    8.9226371e-05      0.011345228     0.0062793982    0.00051419955    -0.0037040901    9.1093825e-31   -1.6021766e-19    -9.156439e-20    6.7729854e-19             4057                1
     0.0019295524    9.7860182e-05      0.012207546     0.0038024515    -0.0026973514     0.0024672027    9.1093825e-31   -1.6021766e-19    -9.156439e-20    6.7729854e-19             4286                1
    -0.0013943093    9.4251263e-05      0.011161924   -8.9810157e-05    -0.0053284117    -0.0050869747    9.1093825e-31   -1.6021766e-19    -9.156439e-20    6.7729854e-19             4276                1
     0.0023885374    8.9014313e-05    -0.0091805179     0.0018990258    0.00053773087    -0.0019238817    9.1093825e-31   -1.6021766e-19    -9.156439e-20    6.7729854e-19             3741                1
     0.0010725661    4.3632499e-05    -0.0096128536    -0.0012784585      0.005185232    -0.0011703122    9.1093825e-31   -1.6021766e-19    -9.156439e-20    6.7729854e-19             4085                1
    -0.0029387316    2.9046319e-05      -0.01459577   -4.9900853e-05    -0.0011770912    -0.0013802046    9.1093825e-31   -1.6021766e-19    -9.156439e-20    6.7729854e-19              422                0
     0.0017847256    8.4537343e-05     0.0072180387    -0.0012280043    -0.0022101535     -0.005485611    9.1093825e-31   -1.6021766e-19    -9.156439e-20    6.7729854e-19             4066                1
     0.0014565935     2.842737e-05     -0.013019007    -0.0023887127     0.0055461288     0.0021316214    9.1093825e-31   -1.6021766e-19    -9.156439e-20    6.7729854e-19             4126                1
    -0.0010506989    9.5983356e-05     0.0059858798    0.00055626425     0.0034887923     -0.002578222    9.1093825e-31   -1.6021766e-19    -9.156439e-20    6.7729854e-19             3396                1
    -0.0045381621    9.7368211e-05      0.010435508    -0.0029192807     0.0027037659      0.001009829    9.1093825e-31   -1.6021766e-19    -9.156439e-20    6.7729854e-19              687                0
     0.0036093767    9.9579789e-05      0.012655707     0.0016232838    0.00062360126     0.0030521373    9.1093825e-31   -1.6021766e-19    -9.156439e-20    6.7729854e-19             4147                1
    0.00019250777    8.3647923e-05      0.012351681    -0.0014333291    -0.0016708579     0.0013342724    9.1093825e-31   -1.6021766e-19    -9.156439e-20    6.7729854e-19             4135                1
    0.00095091568    9.4172952e-05    -0.0096086804    -0.0037765987    0.00042879197     0.0004065329    9.1093825e-31   -1.6021766e-19    -9.156439e-20    6.7729854e-19             3709                1
     0.0053797648    4.6975856e-05     0.0032400154    0.00026613948    2.4727882e-05   -0.00070548011    9.1093825e-31   -1.6021766e-19    -9.156439e-20    6.7729854e-19              581                0
   -0.00041530532    3.5740893e-06    -0.0082976734    -0.0040443814      0.000994395    0.00023062306    9.1093825e-31   -1.6021766e-19    -9.156439e-20    6.7729854e-19             4212                1
    -0.0008339574    2.2642355e-06    -0.0085042641      0.001591964     0.0013379245     0.0012070114    9.1093825e-31   -1.6021766e-19    -9.156439e-20    6.7729854e-19             4257                1
     0.0013857222    9.3084571e-05     0.0015290265   -7.9804573e-05   -0.00044641053    -0.0016367051    9.1093825e-31   -1.6021766e-19    -9.156439e-20    6.7729854e-19              641                0
    -0.0013892538     9.643464e-05      0.011164633      0.004552477    -0.0033229203    -0.0025994689    9.1093825e-31   -1.6021766e-19    -9.156439e-20    6.7729854e-19             4277                1
     0.0013261932    1.0132722e-05    -0.0086249448    -0.0034216044     0.0064755995    -0.0033724972    9.1093825e-31   -1.6021766e-19    -9.156439e-20    6.7729854e-19             4266                1
     0.0067981295    7.3244839e-05      -0.00746379     0.0018091947    -0.0037582701    -0.0012132591    9.1093825e-31   -1.6021766e-19    -9.156439e-20    6.7729854e-19             4064                1
     0.0010679073    7.2927374e-05      0.011400911     0.0016561646    -0.0059544048   -0.00079328456    9.1093825e-31   -1.6021766e-19    -9.156439e-20    6.7729854e-19             4171                1
      0.001456026     2.346112e-05     -0.013052253    -0.0017470985     0.0044460115    -0.0010604976    9.1093825e-31   -1.6021766e-19    -9.156439e-20    6.7729854e-19             4108                1
     0.0029184176    9.9746285e-05      0.014264918    -0.0035183043   -0.00060773559     0.0036204727    9.1093825e-31   -1.6021766e-19    -9.156439e-20    6.7729854e-19             4294                1
    -0.0014542192    6.4356364e-06      -0.01263891      0.001172738     0.0025870143    8.0277379e-05    9.1093825e-31   -1.6021766e-19    -9.156439e-20    6.7729854e-19             4199                1
    -0.0028717008    9.8841292e-06    -0.0057960073      -0.00296141     0.0056935539     0.0053339652    9.1093825e-31   -1.6021766e-19    -9.156439e-20    6.7729854e-19             4262                1
     0.0094285188    4.2058582e-05    -0.0040811594    0.00047780422   -0.00057474582     0.0016115037    9.1093825e-31   -1.6021766e-19    -9.156439e-20    6.7729854e-19              821                0
     0.0020179322    1.4546727e-05     -0.012317791    -0.0019577008      0.003860475    0.00099479314    9.1093825e-31   -1.6021766e-19    -9.156439e-20    6.7729854e-19             4162                1
    -0.0016126514    9.8355915e-05      0.010667181     0.0019029088     0.0094185434      0.004221126    9.1093825e-31   -1.6021766e-19    -9.156439e-20    6.7729854e-19             3914                1
     0.0019693754    6.9993148e-05     -0.012721756   -0.00039119946    0.00058831152    -0.0034422956    9.1093825e-31   -1.6021766e-19    -9.156439e-20    6.7729854e-19             3669                1
     0.0016143847     1.431964e-05    -0.0053417278     0.0047364924     -0.012061729    0.00051145989    9.1093825e-31   -1.6021766e-19    -9.156439e-20    6.7729854e-19             4069                1
     0.0016680644    3.7877664e-05     0.0024626623     0.0034087021     -0.011986679    -0.0035037424    9.1093825e-31   -1.6021766e-19    -9.156439e-20    6.7729854e-19             4127                1
   -0.00051097549    7.6297336e-05     0.0067447764   -0.00061356835    -0.0089606214    -0.0020520128    9.1093825e-31   -1.6021766e-19    -9.156439e-20    6.7729854e-19             4222                1
     0.0014992091    3.0927506e-05     -0.012887724    -0.0021193016     0.0092765335     0.0037535315    9.1093825e-31   -1.6021766e-19    -9.156439e-20    6.7729854e-19             4196                1
    0.00044698265    1.2124751e-05    0.00036289869    -0.0014275034     0.0057579703    -0.0029650358    9.1093825e-31   -1.6021766e-19    -9.156439e-20    6.7729854e-19             4252                1
    -0.0016154188    3.6400437e-05      -0.01118078     0.0026093777     0.0099471696    0.00085348985    9.1093825e-31   -1.6021766e-19    -9.156439e-20    6.7729854e-19             4186                1
   -6.8965041e-05    8.3448744e-05      0.013773095    -0.0034678043      0.011548535    -0.0024242876    9.1093825e-31   -1.6021766e-19    -9.156439e-20    6.7729854e-19             4061                1
    -0.0013569933    2.0232621e-06    -0.0085927304     0.0008102326     0.0019229741    0.00084599562    9.1093825e-31   -1.6021766e-19    -9.156439e-20    6.7729854e-19             4278                1
   -0.00084856246    4.9950537e-05    -0.0083653647   -0.00024556494    -0.0063064671     0.0022192283    9.1093825e-31   -1.6021766e-19    -9.156439e-20    6.7729854e-19             3770                1
    0.00035754347    9.8714136e-06    -0.0087818038   -0.00013874834     0.0048448946     0.0030688911    9.1093825e-31   -1.6021766e-19    -9.156439e-20    6.7729854e-19             4248                1
     0.0039768843    3.6004098e-05    0.00097670988    -0.0015172773    -0.0010759283    -0.0015102411    9.1093825e-31   -1.6021766e-19    -9.156439e-20    6.7729854e-19              118                0
     -0.001565894    6.0728648e-06     -0.011198667   -0.00034455032    -0.0076504759     0.0052471492    9.1093825e-31   -1.6021766e-19    -9.156439e-20    6.7729854e-19             3844                1
    -0.0093864491    4.7108417e-05    -0.0036001359     0.0005137783   -0.00013717874     0.0004281211    9.1093825e-31   -1.6021766e-19    -9.156439e-20    6.7729854e-19              158                0
    -0.0015055884    4.6876781e-07    -0.0083076535    0.00036424433    5.8627989e-05      -0.00362366    9.1093825e-31   -1.6021766e-19    -9.156439e-20    6.7729854e-19             4209                1
    -0.0012358442    8.2389684e-05     0.0061197765     0.0029782327    -0.0055207298     0.0052586659    9.1093825e-31   -1.6021766e-19    -9.156439e-20    6.7729854e-19             4187                1
    -0.0010396383    1.3338306e-05    -0.0058853989     0.0021671804     0.0077334531    6.3351457e-05    9.1093825e-31   -1.6021766e-19    -9.156439e-20    6.7729854e-19             4263                1
    -0.0010745792     6.113531e-05     0.0059529906   -0.00039701798      0.004815368    0.00041487216    9.1093825e-31   -1.6021766e-19    -9.156439e-20    6.7729854e-19             4019                1
     0.0068399557    7.9192192e-05     -0.013480675   -0.00043760648   -0.00044449986    0.00094173593    9.1093825e-31   -1.6021766e-19    -9.156439e-20    6.7729854e-19              213                0
    -0.0022485245    8.1935337e-05     0.0028749234    -0.0020260562    -0.0045406786     0.0041073007    9.1093825e-31   -1.6021766e-19    -9.156439e-20    6.7729854e-19             4098                1
    -0.0011217314    5.2187552e-05     0.0057900571    -0.0014340165      0.003896812    0.00046065738    9.1093825e-31   -1.6021766e-19    -9.156439e-20    6.7729854e-19             4020                1
      0.001716426    5.7415989e-05    -0.0029829058   -3.6127291e-05    -0.0068362132   -0.00019329591    9.1093825e-31   -1.6021766e-19    -9.156439e-20    6.7729854e-19             3924                1
   -2.4665895e-05    1.9839526e-05    -0.0058489386    -0.0015415426     0.0046077776    -0.0017747169    9.1093825e-31   -1.6021766e-19    -9.156439e-20    6.7729854e-19             4191                1
     0.0011522656    4.5964098e-05    -0.0068325754    -0.0061089201     0.0058431281     0.0053743427    9.1093825e-31   -1.6021766e-19    -9.156439e-20    6.7729854e-19             4116                1
     0.0025105684    4.2223778e-06    -0.0075824391    0.00084527751     0.0061010318    -0.0034544689    9.1093825e-31   -1.6021766e-19    -9.156439e-20    6.7729854e-19             4289                1
   -0.00067254185    5.3269341e-05    -0.0079255421    -0.0027608338      0.010332925    -0.0011327772    9.1093825e-31   -1.6021766e-19    -9.156439e-20    6.7729854e-19             4155                1
     0.0016493389    7.0168986e-05      0.010386096   -0.00070081756    -0.0054414151     0.0015389763    9.1093825e-31   -1.6021766e-19    -9.156439e-20    6.7729854e-19             4148                1
      0.001824609    4.3923399e-05     -0.012518764    -0.0014038165     0.0069068535   -0.00092400552    9.1093825e-31   -1.6021766e-19    -9.156439e-20    6.7729854e-19             4101                1
    -0.0018611471    2.0917183e-05     0.0019304022     0.0041174595     -0.013240343     0.0013912858    9.1093825e-31   -1.6021766e-19    -9.156439e-20    6.7729854e-19             4102                1
    -0.0029231538    3.0233409e-06    -0.0056371372    0.00091458356     0.0060715145    -0.0013248548    9.1093825e-31   -1.6021766e-19    -9.156439e-20    6.7729854e-19             4292                1
     0.0014568141    1.0431784e-06    -0.0086669298     0.0058358549     0.0026613278    -0.0025168438    9.1093825e-31   -1.6021766e-19    -9.156439e-20    6.7729854e-19             4293                1
     0.0010852475     8.500243e-05     0.0060069342   -0.00078584923    -0.0032145365     0.0014934845    9.1093825e-31   -1.6021766e-19    -9.156439e-20    6.7729854e-19             4090                1
     -0.001888468    4.0921917e-05     0.0019509686     0.0039712847    -0.0091167828     -0.002371002    9.1093825e-31   -1.6021766e-19    -9.156439e-20    6.7729854e-19             4065                1
     0.0032248255    9.2595612e-05     0.0078954594   -0.00069428049     0.0023672334   -0.00054143835    9.1093825e-31   -1.6021766e-19    -9.156439e-20    6.7729854e-19              903                0
    -0.0084130466    6.0117432e-05      0.010218927    0.00098133611     0.0008055807    0.00071651291    9.1093825e-31   -1.6021766e-19    -9.156439e-20    6.7729854e-19              578                0
      0.001433155    9.9432284e-05      0.011604442     0.0018551153   -0.00036937013     0.0033542388    9.1093825e-31   -1.6021766e-19    -9.156439e-20    6.7729854e-19             4267                1
     0.0083941137    3.9606042e-05     0.0096185822     0.0017497629    0.00064249401      0.000147632    9.1093825e-31   -1.6021766e-19    -9.156439e-20    6.7729854e-19              618                0
     0.0017051781    9.1754373e-05     0.0068212277    -0.0041108946    -0.0019419022   -0.00042156567    9.1093825e-31   -1.6021766e-19    -9.156439e-20    6.7729854e-19             4086                1
   -0.00092708995     2.126596e-05    -0.0084417528    0.00010271667    -0.0095663853   -0.00012296993    9.1093825e-31   -1.6021766e-19    -9.156439e-20    6.7729854e-19             4044                1
   -0.00098964281    9.4715811e-05     0.0060153659   -4.1313309e-05     0.0059184227   -0.00046366939    9.1093825e-31   -1.6021766e-19    -9.156439e-20    6.7729854e-19             3740                1
    0.00043246671    7.1017697e-05    0.00029880457    -0.0040014428     -0.008299605     0.0001731173    9.1093825e-31   -1.6021766e-19    -9.156439e-20    6.7729854e-19             4170                1
   -0.00088420126     8.556799e-05     0.0060475464    -0.0032561966    -0.0043123495    -0.0015903465    9.1093825e-31   -1.6021766e-19    -9.156439e-20    6.7729854e-19             4168                1
     0.0016626428    4.7521789e-05     0.0024705247     0.0025396296     -0.010437977    -0.0022451726    9.1093825e-31   -1.6021766e-19    -9.156439e-20    6.7729854e-19             4128                1
    -0.0014467712    4.8565839e-06     -0.012642119     0.0032624786      0.002144624     -0.000820735    9.1093825e-31   -1.6021766e-19    -9.156439e-20    6.7729854e-19             4200                1
     0.0036118755    8.9003661e-05      0.009082064    0.00088875764    -0.0057912809    0.00043412048    9.1093825e-31   -1.6021766e-19    -9.156439e-20    6.7729854e-19             4249                1
      0.001027545    9.8802666e-05      0.013646692     -0.001835548      0.011670616     0.0014222441    9.1093825e-31   -1.6021766e-19    -9.156439e-20    6.7729854e-19             4004                1
    -0.0011055716    8.8441855e-05     0.0061885472   -9.4247628e-07     0.0060190335      0.001870556    9.1093825e-31   -1.6021766e-19    -9.156439e-20    6.7729854e-19             3832                1
    -0.0067151412    2.7612376e-05     0.0051693921   -0.00048544968    0.00047563907     0.0010688284    9.1093825e-31   -1.6021766e-19    -9.156439e-20    6.7729854e-19              573                0
     0.0011942199    7.2013281e-06    -0.0069310502    0.00023721726     0.0015658562    0.00034481913    9.1093825e-31   -1.6021766e-19    -9.156439e-20    6.7729854e-19             4197                1
     0.0013852763    8.9855348e-05      0.011523236     0.0006468966     0.0096186465    -0.0034464493    9.1093825e-31   -1.6021766e-19    -9.156439e-20    6.7729854e-19             3964                1
     0.0034546764    9.0418696e-05      0.012608039     0.0064190608     0.0099367825    -0.0034388914    9.1093825e-31   -1.6021766e-19    -9.156439e-20    6.7729854e-19             3987                1
    -0.0031070856    3.5970654e-05    -0.0018678494     0.0050188852     -0.010414641    -0.0065102056    9.1093825e-31   -1.6021766e-19    -9.156439e-20    6.7729854e-19             4074                1
    -4.217992e-05    7.5275515e-05     0.0038798715    0.00050252612    -0.0051386547   -0.00098703604    9.1093825e-31   -1.6021766e-19    -9.156439e-20    6.7729854e-19             4082                1
     -0.001345469    9.1515998e-05    -0.0083818315      -0.00043468    -0.0020203523     0.0028607575    9.1093825e-31   -1.6021766e-19    -9.156439e-20    6.7729854e-19             4156                1
    -0.0011235973    8.3398023e-05     0.0061504641   -0.00077576766    -0.0038416707    -0.0018466053    9.1093825e-31   -1.6021766e-19    -9.156439e-20    6.7729854e-19             4129                1
    -0.0063876188    2.7328935e-05     0.0051481803   -0.00087109831    0.00054041191    -0.0027882999    9.1093825e-31   -1.6021766e-19    -9.156439e-20    6.7729854e-19              985                0
   -0.00081843237    2.6560083e-05    -0.0083404016   -0.00088922936      0.007370248   -0.00033818212    9.1093825e-31   -1.6021766e-19    -9.156439e-20    6.7729854e-19             4201                1
     0.0075919675    7.0865062e-05    0.00078487425    -0.0005308495   -0.00037901331     0.0012065923    9.1093825e-31   -1.6021766e-19    -9.156439e-20    6.7729854e-19              614                0
    -0.0011909792    6.6135843e-05     0.0061103501    -0.0011682397    -0.0064582513    -0.0057677487    9.1093825e-31   -1.6021766e-19    -9.156439e-20    6.7729854e-19             4120                1
     0.0014463243    1.4413147e-05    -0.0088322815    0.00094225316      0.009196789   -0.00047266408    9.1093825e-31   -1.6021766e-19    -9.156439e-20    6.7729854e-19             4264                1
    8.5536842e-05    1.0609807e-05     -0.013319644   -7.7601631e-05    -0.0020732074    0.00029304379    9.1093825e-31   -1.6021766e-19    -9.156439e-20    6.7729854e-19               79                0
     0.0011496451    3.7989292e-05     0.0058541056    5.8088557e-05    -0.0082319882   -0.00012593786    9.1093825e-31   -1.6021766e-19    -9.156439e-20    6.7729854e-19             4070                1
     0.0015143972    6.3909297e-06    -0.0088876355   -0.00053005846     0.0054668537     0.0015234693    9.1093825e-31   -1.6021766e-19    -9.156439e-20    6.7729854e-19             4274                1
    -0.0016366562    4.5696743e-05     -0.012392276    0.00026219906     0.0097296843     0.0012766824    9.1093825e-31   -1.6021766e-19    -9.156439e-20    6.7729854e-19             4152                1
      -0.00120382    6.3154457e-06     0.0054802732    -0.0018497772    -0.0018552754   -8.2164035e-05    9.1093825e-31   -1.6021766e-19    -9.156439e-20    6.7729854e-19             3558                1
     0.0015905884    1.4369223e-05     0.0025032861   -0.00033734183     -0.011475745    -0.0019555162    9.1093825e-31   -1.6021766e-19    -9.156439e-20    6.7729854e-19             4059                1
    2.2964745e-05    8.8221765e-05      0.004326378     -0.004273959    -0.0036535258    -0.0024380595    9.1093825e-31   -1.6021766e-19    -9.156439e-20    6.7729854e-19             4136                1
    -0.0041159778    1.2761846e-05     -0.012190185    -0.0013207557     0.0044420157     0.0012396934    9.1093825e-31   -1.6021766e-19    -9.156439e-20    6.7729854e-19             4215                1
     0.0016425726    9.4518989e-05      0.012161879    -0.0064210137    -0.0042360425    0.00028064067    9.1093825e-31   -1.6021766e-19    -9.156439e-20    6.7729854e-19             4273                1
     0.0035850145    9.9790719e-05     0.0092526525     -0.001832203      0.010712501   -0.00033531984    9.1093825e-31   -1.6021766e-19    -9.156439e-20    6.7729854e-19             4046                1
    -0.0039530471     8.491375e-05       0.01156047   -0.00041513739     0.0085756201    0.00033142287    9.1093825e-31   -1.6021766e-19    -9.156439e-20    6.7729854e-19             3946                1
   -0.00082107633    2.3736229e-05    -0.0029265655   -0.00039534739    -0.0094015198     0.0012587035    9.1093825e-31   -1.6021766e-19    -9.156439e-20    6.7729854e-19             3941                1
    -0.0032405527    1.3115046e-05     -0.010271232    -0.0034203946     0.0053652744     0.0031739611    9.1093825e-31   -1.6021766e-19    -9.156439e-20    6.7729854e-19             4233                1
   -6.0488906e-05    7.9388192e-05     0.0038290725    0.00090405974    -0.0039440859    -0.0060213059    9.1093825e-31   -1.6021766e-19    -9.156439e-20    6.7729854e-19             4028                1
   -0.00091044494    6.5570632e-05     0.0059527359     0.0027216766    -0.0066044265     0.0030179436    9.1093825e-31   -1.6021766e-19    -9.156439e-20    6.7729854e-19             4121                1
    -0.0039816238    7.7849523e-05      0.011649468    -0.0041513061     0.0078314384     0.0015201621    9.1093825e-31   -1.6021766e-19    -9.156439e-20    6.7729854e-19             3901                1
    -0.0018944392    2.6853648e-05     0.0018525581    -0.0014042644     -0.010620738     0.0025959627    9.1093825e-31   -1.6021766e-19    -9.156439e-20    6.7729854e-19             4063                1
    -0.0012588883    6.8451009e-05     0.0066326964   -4.9796392e-05    -0.0047399038    -0.0006507436    9.1093825e-31   -1.6021766e-19    -9.156439e-20    6.7729854e-19             4073                1
     0.0015840792    3.9712777e-05    -0.0052487734     0.0016809889    -0.0083372127    -0.0023537967    9.1093825e-31   -1.6021766e-19    -9.156439e-20    6.7729854e-19             3982                1
    -0.0022825487    2.8471502e-05     0.0028393189    -0.0066680424     -0.011848812   -0.00074217946    9.1093825e-31   -1.6021766e-19    -9.156439e-20    6.7729854e-19             4099                1
    -0.0013749171    6.2307765e-05      0.011178662      0.002014644    -0.0060876855     0.0037725857    9.1093825e-31   -1.6021766e-19    -9.156439e-20    6.7729854e-19             4138                1
   -0.00093624351    3.7907434e-05     -0.008364859     0.0025724187     0.0041892757    -0.0026515224    9.1093825e-31   -1.6021766e-19    -9.156439e-20    6.7729854e-19             4094                1
    -0.0016276644    8.9394998e-05       0.01069494   -0.00080976903     0.0094486671    0.00019277679    9.1093825e-31   -1.6021766e-19    -9.156439e-20    6.7729854e-19             3988                1
     -0.001070351     2.955124e-05     0.0059546758    -0.0018084231    -0.0098914066     0.0045259316    9.1093825e-31   -1.6021766e-19    -9.156439e-20    6.7729854e-19             4075                1
     0.0014200462    7.0135625e-06    -0.0054208571    -0.0042375899     -0.011604222    -0.0076280222    9.1093825e-31   -1.6021766e-19    -9.156439e-20    6.7729854e-19             4014                1
    -0.0036795358    7.4871627e-06     -0.014374431     -8.97594e-05     -0.005119158    -5.708685e-06    9.1093825e-31   -1.6021766e-19    -9.156439e-20    6.7729854e-19             3746                1
   -0.00072163338    2.6111316e-05    -0.0081043569    -0.0032473307    -0.0086862613    0.00014115452    9.1093825e-31   -1.6021766e-19    -9.156439e-20    6.7729854e-19             4003                1
    -0.0040469272    1.3584521e-05    -0.0096456641    0.00041258428     0.0056598634    0.00031771944    9.1093825e-31   -1.6021766e-19    -9.156439e-20    6.7729854e-19             4234                1
   -0.00015647864    7.6555967e-05     0.0034227106   -0.00083282252    -0.0055010282    1.2211951e-05    9.1093825e-31   -1.6021766e-19    -9.156439e-20    6.7729854e-19             4111                1
      0.001210904    9.5485026e-05      0.013628171     0.0023383321    -0.0017920323    0.00043617084    9.1093825e-31   -1.6021766e-19    -9.156439e-20    6.7729854e-19             4241                1
     0.0047085569    3.6023295e-05     0.0072386898    -0.0013375384     0.0031360541     0.0005155711    9.1093825e-31   -1.6021766e-19    -9.156439e-20    6.7729854e-19             3998                1
     0.0010195571    9.1752998e-05     0.0057259211    -0.0018214713     -0.004295968     0.0021298463    9.1093825e-31   -1.6021766e-19    -9.156439e-20    6.7729854e-19             4240                1
     0.0016219378    1.4139066e-05    -0.0051327497     0.0021827873     -0.010568031     0.0013535636    9.1093825e-31   -1.6021766e-19    -9.156439e-20    6.7729854e-19             3997                1
   -0.00078850961    5.6094599e-05    -0.0029725949     0.0018732279    -0.0071565425    -0.0019543048    9.1093825e-31   -1.6021766e-19    -9.156439e-20    6.7729854e-19             3942                1
    0.00080720754    6.6699133e-05     0.0097566927    0.00014750846     0.0072824867     0.0015976954    9.1093825e-31   -1.6021766e-19    -9.156439e-20    6.7729854e-19             4006                1
    0.00080293533    1.1509595e-05      0.001029162   -0.00033250326     -0.012002495    0.00060310366    9.1093825e-31   -1.6021766e-19    -9.156439e-20    6.7729854e-19             4047                1
   -0.00051986822    7.2105722e-06    -0.0026110173      0.002982507     -0.012784802   -7.1768336e-05    9.1093825e-31   -1.6021766e-19    -9.156439e-20    6.7729854e-19             4048                1
   -0.00034908156    7.7979776e-06    -0.0082634604     0.0001312362     0.0017499116    0.00012971455    9.1093825e-31   -1.6021766e-19    -9.156439e-20    6.7729854e-19             4180                1
     0.0019049639    8.0282814e-05    -0.0030885511      0.009001052    -0.0047793174    -0.0035973655    9.1093825e-31   -1.6021766e-19    -9.156439e-20    6.7729854e-19             3800                1
    -0.0016157328    7.1190675e-07     -0.012386981    -0.0021024689     0.0024540941      0.001727841    9.1093825e-31   -1.6021766e-19    -9.156439e-20    6.7729854e-19             4295                1
    -0.0018149079    1.4379905e-06     0.0019979263   -0.00018850323     -0.013723683   -0.00074524613    9.1093825e-31   -1.6021766e-19    -9.156439e-20    6.7729854e-19             4071                1
    -0.0014914449    1.1478834e-05    -0.0083000818     0.0044468874     0.0032343341    -0.0014388807    9.1093825e-31   -1.6021766e-19    -9.156439e-20    6.7729854e-19             4210                1
      0.002170474    7.7345263e-05   -6.3442349e-05   -0.00017698508    -0.0069133672   -5.7841684e-05    9.1093825e-31   -1.6021766e-19    -9.156439e-20    6.7729854e-19             4176                1
    -0.0027822447    9.1940342e-07    -0.0068186163    0.00018378932    -0.0098228976     0.0011827928    9.1093825e-31   -1.6021766e-19    -9.156439e-20    6.7729854e-19             3897                1
     0.0016935602    7.1312866e-07    -0.0030284943    -0.0033574768     -0.011104257    -0.0019062271    9.1093825e-31   -1.6021766e-19    -9.156439e-20    6.7729854e-19             3954                1
     0.0015228388    1.5336991e-05     -0.013197721     0.0038445457     0.0039031391    -0.0048892675    9.1093825e-31   -1.6021766e-19    -9.156439e-20    6.7729854e-19             4144                1
    -0.0029302707    2.8026083e-05     -0.010328934     0.0062055779     0.0068744039     0.0031599251    9.1093825e-31   -1.6021766e-19    -9.156439e-20    6.7729854e-19             4172                1
     0.0011380528    8.4315019e-05       0.01373197     0.0013678564      0.010399872    0.00035531065    9.1093825e-31   -1.6021766e-19    -9.156439e-20    6.7729854e-19             3999                1
     0.0010886646    8.6757987e-05     0.0060049943   -0.00033161938    -0.0029819931     0.0012355006    9.1093825e-31   -1.6021766e-19    -9.156439e-20    6.7729854e-19             4091                1
    -0.0025715108    4.5567351e-05    0.00080853829    -0.0035738626    -0.0091195079     0.0051285867    9.1093825e-31   -1.6021766e-19    -9.156439e-20    6.7729854e-19             4072                1
   -0.00079639273    1.4056131e-05    -0.0058444822    -0.0042725145     0.0086940033    -0.0011388271    9.1093825e-31   -1.6021766e-19    -9.156439e-20    6.7729854e-19             4265                1
     0.0029977004    1.3530913e-05    -0.0045420323     -0.001100912     -0.010084959   -0.00066132803    9.1093825e-31   -1.6021766e-19    -9.156439e-20    6.7729854e-19             3977                1
     0.0014767281    4.3558746e-05    -0.0088212825    0.00018876565    -0.0066017327     0.0038795697    9.1093825e-31   -1.6021766e-19    -9.156439e-20    6.7729854e-19             3808                1
   -0.00087976549    3.7920378e-05    -0.0028272688      0.003935799     -0.008416729     0.0044068894    9.1093825e-31   -1.6021766e-19    -9.156439e-20    6.7729854e-19             3945                1
     0.0019093938    9.3466304e-05      0.012128428    -0.0015917761      0.011198086    0.00063323654    9.1093825e-31   -1.6021766e-19    -9.156439e-20    6.7729854e-19             4039                1
     0.0014178253    1.9285189e-05     -0.013014571    0.00097497198     0.0051263082     0.0044475319    9.1093825e-31   -1.6021766e-19    -9.156439e-20    6.7729854e-19             4164                1
    -0.0011184058    1.3434525e-05     -0.012709355      -0.00259009     0.0076285866    0.00045103565    9.1093825e-31   -1.6021766e-19    -9.156439e-20    6.7729854e-19             4253                1
   -0.00093641732    7.4512107e-05      0.006147055     0.0011361095    -0.0043144943    -0.0015401375    9.1093825e-31   -1.6021766e-19    -9.156439e-20    6.7729854e-19             4081                1
     0.0033832085    8.3371691e-05      0.012692718     0.0017620758      0.010610463     0.0015157374    9.1093825e-31   -1.6021766e-19    -9.156439e-20    6.7729854e-19             4051                1
      0.002391756    1.3618807e-06     -0.007640142     0.0013297029    -0.0090059498    -0.0030026261    9.1093825e-31   -1.6021766e-19    -9.156439e-20    6.7729854e-19             3810                1
   -0.00044289068    3.5894023e-05    -0.0082128709     -0.002037527      0.006140532     0.0023317966    9.1093825e-31   -1.6021766e-19    -9.156439e-20    6.7729854e-19             4145                1
   -5.0460454e-05    9.0224428e-05     0.0035239232   -6.4632397e-05    -0.0030565748    4.9631428e-05    9.1093825e-31   -1.6021766e-19    -9.156439e-20    6.7729854e-19             4024                1
    -0.0010190124    4.3827102e-05    -0.0060046548    -0.0080651445    -0.0073872656    -0.0035200904    9.1093825e-31   -1.6021766e-19    -9.156439e-20    6.7729854e-19             3826                1
     0.0015657957    1.7795087e-06     -0.013063358   -2.0708632e-05    -0.0067109494    -0.0030818777    9.1093825e-31   -1.6021766e-19    -9.156439e-20    6.7729854e-19             3827                1
     0.0018507553    5.4210315e-05      0.012197398     0.0018121628     0.0069231018    0.00052419561    9.1093825e-31   -1.6021766e-19    -9.156439e-20    6.7729854e-19             3828                1
   -0.00094580208    8.3981846e-05      0.005935315    -0.0027735212    -0.0037498437     0.0003081779    9.1093825e-31   -1.6021766e-19    -9.156439e-20    6.7729854e-19             4122                1
     0.0034968774    6.1090963e-05      0.012806919      0.001359388     0.0070221936     0.0029852719    9.1093825e-31   -1.6021766e-19    -9.156439e-20    6.7729854e-19             3847                1
   -0.00010887025    4.1215793e-05     0.0043224213    0.00017228731      -0.01063708     0.0023957912    9.1093825e-31   -1.6021766e-19    -9.156439e-20    6.7729854e-19             4112                1
      0.001383488    8.2631348e-05      0.011541368    -0.0031712204    -0.0051927469    -0.0047420668    9.1093825e-31   -1.6021766e-19    -9.156439e-20    6.7729854e-19             4216                1
    0.00042808364    4.4151282e-05    -0.0037376471     0.0020022106    -0.0076028225    0.00099936675    9.1093825e-31   -1.6021766e-19    -9.156439e-20    6.7729854e-19             3867                1
    0.00052918255    4.8501402e-05    -0.0037932065     0.0080452431    -0.0073417318    -0.0023223015    9.1093825e-31   -1.6021766e-19    -9.156439e-20    6.7729854e-19             3868                1
    -0.0035277114    2.5858541e-18    -0.0099819284    -0.0015911588    -0.0083909566    -0.0015929667    9.1093825e-31   -1.6021766e-19    -9.156439e-20    6.7729854e-19             3869                1
     0.0024484696     4.567386e-06    -0.0091917748     0.0032687793     0.0026935118    -0.0025825261    9.1093825e-31   -1.6021766e-19    -9.156439e-20    6.7729854e-19             4258                1
    -0.0010498655    1.8293553e-05     -0.005872407   -0.00095056201    -0.0092694871    0.00041184039    9.1093825e-31   -1.6021766e-19    -9.156439e-20    6.7729854e-19             3892                1
     0.0016413529     9.295714e-05     0.0074493643    0.00010124212    -0.0033723551     0.0007187904    9.1093825e-31   -1.6021766e-19    -9.156439e-20    6.7729854e-19             4235                1
     0.0012002472    8.7054839e-05      0.013635086    -0.0025550877    -0.0056622699     0.0036107393    9.1093825e-31   -1.6021766e-19    -9.156439e-20    6.7729854e-19             4242                1
   -0.00076790835    9.0202584e-06    -0.0084102964     0.0022999218     0.0014782542    -0.0016984204    9.1093825e-31   -1.6021766e-19    -9.156439e-20    6.7729854e-19             4153                1
    0.00034068449    9.7574426e-05      0.012363361     0.0048168614    -0.0017049019     0.0036917175    9.1093825e-31   -1.6021766e-19    -9.156439e-20    6.7729854e-19             4268                1
     0.0020561495           0.0001      0.010627411   -5.5265871e-05      0.009862965    0.00022656693    9.1093825e-31   -1.6021766e-19    -9.156439e-20    6.7729854e-19             3959                1
   -0.00051151501    2.2868497e-05    -0.0082922727   -6.9032736e-05    -0.0087643676   -0.00021169806    9.1093825e-31   -1.6021766e-19    -9.156439e-20    6.7729854e-19             3984                1
    0.00074472016    3.7956688e-05     0.0010900169    -0.0021328111     -0.009454987   -0.00066920003    9.1093825e-31   -1.6021766e-19    -9.156439e-20    6.7729854e-19             4052                1
    -0.0014218704     5.015617e-05      0.011148278    1.3733224e-06    -0.0036931443   -1.7975573e-05    9.1093825e-31   -1.6021766e-19    -9.156439e-20    6.7729854e-19             4053                1
      0.001162556    6.2103165e-05     0.0077060605     0.0031369154    -0.0051774355   -3.0679523e-05    9.1093825e-31   -1.6021766e-19    -9.156439e-20    6.7729854e-19             4076                1
     0.0015509852    2.7015525e-05     0.0025650021    -0.0036164655     -0.011423531       0.00200629    9.1093825e-31   -1.6021766e-19    -9.156439e-20    6.7729854e-19             4077                1
   -0.00013072662    4.7775695e-05      0.003268138     0.0038345237    -0.0091117155     0.0016818619    9.1093825e-31   -1.6021766e-19    -9.156439e-20    6.7729854e-19             4087                1
     0.0013955605    7.7163015e-05      0.011479394    -0.0003983638    -0.0021081299    -0.0017539421    9.1093825e-31   -1.6021766e-19    -9.156439e-20    6.7729854e-19             4095                1
     0.0014385406    8.6201064e-05      0.011470989     0.0054690442   -0.00087940658    -0.0029003927    9.1093825e-31   -1.6021766e-19    -9.156439e-20    6.7729854e-19             4096                1
     0.0014556047    3.3276014e-05     -0.012987114    0.00016214901     0.0055618729     0.0014151528    9.1093825e-31   -1.6021766e-19    -9.156439e-20    6.7729854e-19             4097                1
    -0.0015551115    2.9252255e-05     -0.012386982     0.0061635496     0.0069921026     0.0075153103    9.1093825e-31   -1.6021766e-19    -9.156439e-20    6.7729854e-19             4157                1
    -0.0012094596    8.2861494e-05     0.0066101016    0.00071929971    -0.0045752292     0.0020966693    9.1093825e-31   -1.6021766e-19    -9.156439e-20    6.7729854e-19             4158                1
   -0.00073672761    3.0433152e-05    -0.0081172911   -0.00050205493     0.0060722497    -0.0001969693    9.1093825e-31   -1.6021766e-19    -9.156439e-20    6.7729854e-19             4159                1
    -0.0007272514    1.6492094e-06    -0.0081184758     0.0014911673     1.473362e-05   -0.00044469765    9.1093825e-31   -1.6021766e-19    -9.156439e-20    6.7729854e-19             4160                1
    -0.0033378908    2.2776458e-05    -0.0099262949    -0.0011159414     0.0052940352    -0.0050955694    9.1093825e-31   -1.6021766e-19    -9.156439e-20    6.7729854e-19             4165                1
   -0.00018684776    6.9182752e-05       0.01376259    -0.0020297472    -0.0066131293     -0.001057833    9.1093825e-31   -1.6021766e-19    -9.156439e-20    6.7729854e-19             4173                1
     0.0015026442     7.809743e-05      0.011455687    0.00030217948    -0.0051782909     0.0029947474    9.1093825e-31   -1.6021766e-19    -9.156439e-20    6.7729854e-19             4177                1
     -0.001614498    1.9116058e-05     -0.012454894     0.0043617082     0.0059759356    -0.0045816666    9.1093825e-31   -1.6021766e-19    -9.156439e-20    6.7729854e-19             4192                1
    -0.0015006267    1.6158479e-05    -0.0084996987    0.00022001496     0.0046250937    -0.0086666308    9.1093825e-31   -1.6021766e-19    -9.156439e-20    6.7729854e-19             4202                1
   -0.00074315054    2.2969227e-05    -0.0084604472   -0.00089692516     0.0065849405     0.0029424629    9.1093825e-31   -1.6021766e-19    -9.156439e-20    6.7729854e-19             4203                1
     0.0021465109    1.7742736e-05    -0.0092083225   -0.00038385892     0.0067772358     0.0027953687    9.1093825e-31   -1.6021766e-19    -9.156439e-20    6.7729854e-19             4223                1
     -0.001415476    2.1973236e-05    -0.0079466291    -0.0013149393     0.0081649069   -5.7889738e-05    9.1093825e-31   -1.6021766e-19    -9.156439e-20    6.7729854e-19             4224                1
     -0.001424209    7.8515532e-06    -0.0079398276    -0.0045830063      0.002881529     0.0024868271    9.1093825e-31   -1.6021766e-19    -9.156439e-20    6.7729854e-19             4225                1
     -0.001318207    1.6636348e-05     -0.012473019    -0.0013069571     0.0070691323    0.00082176767    9.1093825e-31   -1.6021766e-19    -9.156439e-20    6.7729854e-19             4230                1
    -0.0014687104    6.5721151e-06    -0.0084438389    -0.0022953404      0.002583347    -0.0010635111    9.1093825e-31   -1.6021766e-19    -9.156439e-20    6.7729854e-19             4231                1
     0.0026712725    9.0810689e-05      0.012261517     0.0027377685     -0.004331423     0.0018783921    9.1093825e-31   -1.6021766e-19    -9.156439e-20    6.7729854e-19             4243                1
    -0.0016203067     4.063028e-06     -0.012429209    -0.0028032213     0.0024529302    -0.0048973626    9.1093825e-31   -1.6021766e-19    -9.156439e-20    6.7729854e-19             4244                1
     0.0028108966    7.8358937e-07    -0.0072278003     0.0032701914    0.00058139977     0.0040389239    9.1093825e-31   -1.6021766e-19    -9.156439e-20    6.7729854e-19             4269                1
     0.0011754845    9.4002033e-05      0.013511404    0.00098446291    -0.0045374748    -0.0035854843    9.1093825e-31   -1.6021766e-19    -9.156439e-20    6.7729854e-19             4270                1
   -2.2130487e-05     9.632708e-05      0.013884673   -0.00015967136    -0.0036032572    0.00013438851    9.1093825e-31   -1.6021766e-19    -9.156439e-20    6.7729854e-19             4279                1
   -0.00062366517    5.3794355e-07    -0.0079736188     -0.001528844     0.0054338607    0.00048904534    9.1093825e-31   -1.6021766e-19    -9.156439e-20    6.7729854e-19             4296                1
     0.0015138662    9.9526325e-05     0.0072853789     0.0054127015    -0.0047847703    -0.0023319107    9.1093825e-31   -1.6021766e-19    -9.156439e-20    6.7729854e-19             4297                1
