%  ASCII export : 
%
%  Momentum is normalized to the product of particle's mass and speed of light.
%  All other quantities are in SI units.
%
%            posX             posY             posZ             momX             momY             momZ             mass           charge     macro-charge             time       particleID         sourceID

    -0.0022628813     5.716928e-05     0.0029057856     -0.003235481     0.0097322715    -0.0029953946    9.1093825e-31   -1.6021766e-19    -9.156439e-20    1.9120228e-19             1526                1
     0.0035095506    8.9308196e-05     -0.013925599      0.001467735    -0.0010595873   -0.00017572187    9.1093825e-31   -1.6021766e-19    -9.156439e-20    1.9120228e-19                3                0
    -0.0090244934    4.7745343e-05    -0.0088547645     0.0015437239   -0.00071549648   -0.00056517951    9.1093825e-31   -1.6021766e-19    -9.156439e-20    1.9120228e-19                5                0
     -0.002587504     4.809082e-05    0.00010056359   -0.00027251645     0.0026766441    -0.0005613293    9.1093825e-31   -1.6021766e-19    -9.156439e-20    1.9120228e-19              348                0
    -0.0093406215    5.9470829e-05     -0.004491725     0.0020783429   -0.00040803768    0.00085978175    9.1093825e-31   -1.6021766e-19    -9.156439e-20    1.9120228e-19             1002                1
     0.0033707141    3.7456153e-05     0.0078224782   -0.00070206111    -0.0019466012     0.0028027855    9.1093825e-31   -1.6021766e-19    -9.156439e-20    1.9120228e-19             1435                1
     0.0012529375    4.5437191e-05      0.002554253    -0.0015490439     0.0073936889     0.0017910537    9.1093825e-31   -1.6021766e-19    -9.156439e-20    1.9120228e-19             1470                1
   -0.00068171899    7.5794094e-05     -0.012111002    0.00043483055   -0.00091638026    -0.0011849413    9.1093825e-31   -1.6021766e-19    -9.156439e-20    1.9120228e-19               55                0
     0.0063818856    1.5865528e-05      0.014255037   -0.00056810374    -0.0015302725    0.00091694732    9.1093825e-31   -1.6021766e-19    -9.156439e-20    1.9120228e-19              171                0
     0.0078602415    8.2766281e-05      0.013946915     -0.002894429    0.00048999395    0.00065319956    9.1093825e-31   -1.6021766e-19    -9.156439e-20    1.9120228e-19              940                0
     0.0044616372    3.2590582e-05     0.0052873581   -0.00059134449     0.0011935259   -0.00038457598    9.1093825e-31   -1.6021766e-19    -9.156439e-20    1.9120228e-19              154                0
     0.0064918264    7.2453513e-05     -0.013426619     0.0014016191   -0.00058369117     0.0013946068    9.1093825e-31   -1.6021766e-19    -9.156439e-20    1.9120228e-19              488                0
     0.0070019793    7.2160488e-05      0.013633307     0.0026790318    0.00020239496    0.00019136899    9.1093825e-31   -1.6021766e-19    -9.156439e-20    1.9120228e-19              405                0
     0.0012536659    4.5590368e-05    -0.0096352436    -0.0069384966    -0.0085318424    -0.0014190008    9.1093825e-31   -1.6021766e-19    -9.156439e-20    1.9120228e-19             1519                1
     0.0033323327    1.8592371e-05     0.0092391782   -0.00097071467     0.0054791309     0.0011800054    9.1093825e-31   -1.6021766e-19    -9.156439e-20    1.9120228e-19             1576                1
     0.0082536126    2.9366371e-05   -0.00069776672    3.9108272e-05   -0.00040974948    -0.0015471235    9.1093825e-31   -1.6021766e-19    -9.156439e-20    1.9120228e-19              193                0
     0.0078969393    7.2412258e-05     0.0077330661    0.00046112688    0.00089636835    -0.0015607766    9.1093825e-31   -1.6021766e-19    -9.156439e-20    1.9120228e-19              235                0
     0.0080923876    2.6844484e-05     0.0086056981    -0.0021827056   -0.00039779395   -0.00020146964    9.1093825e-31   -1.6021766e-19    -9.156439e-20    1.9120228e-19              961                0
     0.0086358525    2.8825089e-05      0.000164449     0.0020784871    0.00021244632    0.00017314458    9.1093825e-31   -1.6021766e-19    -9.156439e-20    1.9120228e-19              386                0
     0.0013699967    5.4093867e-05      0.011341207    -0.0012496551     0.0056816237    0.00026575918    9.1093825e-31   -1.6021766e-19    -9.156439e-20    1.9120228e-19             1481                1
    -0.0051337974    3.5202978e-05     -0.014005034      -0.00211534    -0.0019164877     -0.001392386    9.1093825e-31   -1.6021766e-19    -9.156439e-20    1.9120228e-19              293                0
    -0.0039292313    7.7128134e-05     -0.013141494   -0.00037286576   -0.00015927268    -0.0020549172    9.1093825e-31   -1.6021766e-19    -9.156439e-20    1.9120228e-19              645                0
    -0.0052966042    6.5272186e-05     0.0089708706     0.0014991607   -0.00033066951   -0.00043932401    9.1093825e-31   -1.6021766e-19    -9.156439e-20    1.9120228e-19              355                0
     0.0077072359    5.4443088e-05      -0.01192576   -0.00084204407     -0.000473258    0.00070915255    9.1093825e-31   -1.6021766e-19    -9.156439e-20    1.9120228e-19              451                0
    -0.0067981109    1.0085804e-05       0.01158312     0.0022889117   -0.00085627788    -0.0018211481    9.1093825e-31   -1.6021766e-19    -9.156439e-20    1.9120228e-19              716                0
    -0.0012429109    6.5549691e-05     0.0066090836     0.0017820711     0.0077768932     0.0039610351    9.1093825e-31   -1.6021766e-19    -9.156439e-20    1.9120228e-19             1459                1
     0.0055451761    8.4982867e-06      0.011532413   -0.00031802128     0.0048740283   -0.00011442013    9.1093825e-31   -1.6021766e-19    -9.156439e-20    1.9120228e-19             1607                1
     0.0083347922    3.5444195e-05    0.00066479889    -0.0016680578    0.00053031952   -0.00062175404    9.1093825e-31   -1.6021766e-19    -9.156439e-20    1.9120228e-19              455                0
     0.0058837519    2.8777898e-05     0.0030107696     -0.000417962    0.00092262315   -5.8431028e-06    9.1093825e-31   -1.6021766e-19    -9.156439e-20    1.9120228e-19              475                0
     -0.003468619    6.4652457e-05    -0.0064242794    -0.0015666917     0.0052414425    -0.0001854906    9.1093825e-31   -1.6021766e-19    -9.156439e-20    1.9120228e-19             1466                1
     0.0033553266    3.7238067e-05      0.012709963     0.0013830144     0.0068230112   -0.00098020956    9.1093825e-31   -1.6021766e-19    -9.156439e-20    1.9120228e-19             1545                1
     0.0051375283    4.6816433e-05     -0.002189358    0.00081498071     0.0014717602     0.0019321665    9.1093825e-31   -1.6021766e-19    -9.156439e-20    1.9120228e-19              535                0
     0.0013859731    1.5610016e-05       0.01131983     0.0010578127     0.0053014136     0.0026262417    9.1093825e-31   -1.6021766e-19    -9.156439e-20    1.9120228e-19             1585                1
    -0.0014730962    9.4075986e-05    -0.0086067896     0.0020456708    -0.0032470822     0.0034681603    9.1093825e-31   -1.6021766e-19    -9.156439e-20    1.9120228e-19             1601                1
    -0.0011519273    9.6058473e-05     -0.004164218     0.0014869132     0.0079514468    -0.0013875766    9.1093825e-31   -1.6021766e-19    -9.156439e-20    1.9120228e-19             1376                1
    -0.0026205464    6.4531254e-05     -0.013982238    -0.0047410242    -0.0071615605     0.0032598272    9.1093825e-31   -1.6021766e-19    -9.156439e-20    1.9120228e-19             1532                1
     0.0011944068    9.9839388e-05    -0.0066244225     0.0054905377     0.0071350089     0.0073357206    9.1093825e-31   -1.6021766e-19    -9.156439e-20    1.9120228e-19             1415                1
     0.0064473376    6.9435309e-06     0.0073687602    -0.0021332349    -0.0014603157    -0.0021071518    9.1093825e-31   -1.6021766e-19    -9.156439e-20    1.9120228e-19             1126                1
    -0.0050825276    6.5301465e-05    -0.0017943683     0.0008274421     0.0038603081    -0.0020090521    9.1093825e-31   -1.6021766e-19    -9.156439e-20    1.9120228e-19             1206                1
    -0.0067738513    2.7196151e-05     0.0039968551     0.0031047768    0.00091738853    -0.0015920533    9.1093825e-31   -1.6021766e-19    -9.156439e-20    1.9120228e-19              695                0
     0.0017916204    2.1180571e-05     0.0069020041   -0.00012636803     0.0061162189    -0.0015366615    9.1093825e-31   -1.6021766e-19    -9.156439e-20    1.9120228e-19             1566                1
      0.005062934    6.5470966e-05      0.007101621   -0.00023242844     0.0015091529     0.0036265468    9.1093825e-31   -1.6021766e-19    -9.156439e-20    1.9120228e-19              847                0
    0.00016073254    8.3805578e-05    -0.0059705335    -0.0011318953    -0.0090386281   -0.00028593565    9.1093825e-31   -1.6021766e-19    -9.156439e-20    1.9120228e-19             1606                1
   -0.00017478644    6.8237263e-05     0.0035898641   -0.00036053066     0.0096812109    0.00053839141    9.1093825e-31   -1.6021766e-19    -9.156439e-20    1.9120228e-19             1484                1
    -0.0044534523    2.7724518e-05      0.012080492    0.00011308266   -0.00026715148   -0.00014766294    9.1093825e-31   -1.6021766e-19    -9.156439e-20    1.9120228e-19             1316                1
    -0.0061343545    3.9711169e-05     -0.011975258    2.2586797e-05   -0.00065375183    -0.0013673044    9.1093825e-31   -1.6021766e-19    -9.156439e-20    1.9120228e-19              385                0
     0.0037897637    3.2371503e-05    -0.0099175433    -0.0010582424   -0.00074925332    0.00075085007    9.1093825e-31   -1.6021766e-19    -9.156439e-20    1.9120228e-19              835                0
      -0.00529896    1.8172905e-05     0.0049324529    -0.0010756708   -0.00014050542     -0.000495054    9.1093825e-31   -1.6021766e-19    -9.156439e-20    1.9120228e-19              248                0
    -0.0012231969    2.8480152e-05      0.004607473     0.0014605897     0.0014395153     0.0014634322    9.1093825e-31   -1.6021766e-19    -9.156439e-20    1.9120228e-19              968                0
    -0.0050871605    5.8704634e-05      0.006068463    -0.0010575684     0.0012891956     0.0012488283    9.1093825e-31   -1.6021766e-19    -9.156439e-20    1.9120228e-19              895                0
     0.0018639385    4.3277876e-05      0.012026372    0.00090907631     0.0065994272     -0.001046248    9.1093825e-31   -1.6021766e-19    -9.156439e-20    1.9120228e-19             1528                1
     0.0061715576    1.9801397e-05     0.0048018093    -0.0011279638     0.0010934138    0.00066374993    9.1093825e-31   -1.6021766e-19    -9.156439e-20    1.9120228e-19              751                0
     0.0075272569    2.4241521e-05    -0.0091380421   -0.00071547052   -4.9763097e-05    0.00033156996    9.1093825e-31   -1.6021766e-19    -9.156439e-20    1.9120228e-19               10                0
    -0.0059379772    1.9399762e-05     0.0018020952    4.6837918e-05      0.000614191     0.0019841385    9.1093825e-31   -1.6021766e-19    -9.156439e-20    1.9120228e-19              832                0
    -0.0045094127    2.7176124e-05     0.0065251826    -0.0003772729     0.0074513806     0.0031377119    9.1093825e-31   -1.6021766e-19    -9.156439e-20    1.9120228e-19             1579                1
     -0.007328724    7.9414698e-05    -0.0069459467    -0.0011494085    0.00059088442    -0.0026721996    9.1093825e-31   -1.6021766e-19    -9.156439e-20    1.9120228e-19              532                0
     0.0011486739    7.7410914e-05    -0.0092246672    -0.0024192559    -0.0074918838    -0.0011618432    9.1093825e-31   -1.6021766e-19    -9.156439e-20    1.9120228e-19             1587                1
    -0.0093606263    9.4845054e-05     0.0031512449     0.0013024304    0.00080814981     0.0021300733    9.1093825e-31   -1.6021766e-19    -9.156439e-20    1.9120228e-19              191                0
    -0.0091606677    5.2380833e-06    -0.0031184605    0.00060991728   -0.00042501118    0.00017073013    9.1093825e-31   -1.6021766e-19    -9.156439e-20    1.9120228e-19              625                0
     0.0051907608    2.7464221e-05    -0.0076946593   -2.4864947e-05   -5.1525458e-05   -0.00016720433    9.1093825e-31   -1.6021766e-19    -9.156439e-20    1.9120228e-19              565                0
    -0.0042660213    5.5974731e-05    -0.0073568202     0.0013909119    -0.0088253431     0.0019968101    9.1093825e-31   -1.6021766e-19    -9.156439e-20    1.9120228e-19             1557                1
    -0.0012614173     1.106741e-05     0.0027881996    -0.0016764291     0.0021868853   -0.00063039077    9.1093825e-31   -1.6021766e-19    -9.156439e-20    1.9120228e-19               96                0
    -0.0092957811    3.0147301e-06    -0.0099123092    0.00096439524   -0.00030243202    -0.0010154254    9.1093825e-31   -1.6021766e-19    -9.156439e-20    1.9120228e-19              602                0
      0.003561069      6.37798e-05      0.001218648    0.00090187654     0.0035609065   -0.00025283717    9.1093825e-31   -1.6021766e-19    -9.156439e-20    1.9120228e-19              201                0
    -0.0023701731    2.2339738e-05      0.014447389    -0.0016033404    -0.0062885433    -0.0010007329    9.1093825e-31   -1.6021766e-19    -9.156439e-20    1.9120228e-19             1353                1
    -0.0013825393    6.8249246e-05    -0.0081728147      0.004175825    -0.0058399802     0.0042172102    9.1093825e-31   -1.6021766e-19    -9.156439e-20    1.9120228e-19             1535                1
     0.0061361659    5.8144829e-05     -0.014179085     0.0010190074   -0.00023024842   -0.00096904743    9.1093825e-31   -1.6021766e-19    -9.156439e-20    1.9120228e-19              365                0
     -0.004577565     8.253695e-05       0.00365611    0.00061776035     0.0028383224    0.00046875968    9.1093825e-31   -1.6021766e-19    -9.156439e-20    1.9120228e-19              146                0
    -0.0086345524     2.111335e-05     -0.012864598   -0.00016413818   -0.00070927141    -0.0017665143    9.1093825e-31   -1.6021766e-19    -9.156439e-20    1.9120228e-19              301                0
    -0.0050300788    1.4876916e-05     0.0089277914    -0.0021652724   -0.00078717578   -5.9028946e-07    9.1093825e-31   -1.6021766e-19    -9.156439e-20    1.9120228e-19              662                0
    -0.0075738281    2.7746599e-05    0.00086733198     0.0014855062     0.0027465855    0.00068241672    9.1093825e-31   -1.6021766e-19    -9.156439e-20    1.9120228e-19             1389                1
    -0.0041152309    6.4398017e-05    -0.0097050667    0.00041056023    -0.0075714351     0.0020300937    9.1093825e-31   -1.6021766e-19    -9.156439e-20    1.9120228e-19             1555                1
     0.0015536874    5.3285748e-05     -0.012930163     0.0005243608    -0.0073984512    0.00030869475    9.1093825e-31   -1.6021766e-19    -9.156439e-20    1.9120228e-19             1488                1
    -0.0043352596    5.4252192e-05     0.0060648117     0.0016113727     0.0010576081    -0.0007840101    9.1093825e-31   -1.6021766e-19    -9.156439e-20    1.9120228e-19              628                0
     0.0065680603    5.2093008e-05     0.0057213879     0.0004306667    9.7739539e-05   -0.00062850764    9.1093825e-31   -1.6021766e-19    -9.156439e-20    1.9120228e-19              420                0
    -0.0030950399    5.5934885e-05     -0.010460097   -0.00030700082    -0.0092078401     0.0038306832    9.1093825e-31   -1.6021766e-19    -9.156439e-20    1.9120228e-19             1553                1
     0.0014535504      5.40521e-05    -0.0089191869     0.0022209974     -0.008570374    -0.0007966854    9.1093825e-31   -1.6021766e-19    -9.156439e-20    1.9120228e-19             1540                1
    0.00040280388    2.6421805e-05      0.012800472    0.00025549022     0.0034044476    0.00034046834    9.1093825e-31   -1.6021766e-19    -9.156439e-20    1.9120228e-19             1508                1
     0.0042092367    7.9061399e-05    -0.0086235283   -0.00054001826    -0.0082408376    0.00098259782    9.1093825e-31   -1.6021766e-19    -9.156439e-20    1.9120228e-19             1595                1
    -0.0067214761    5.7606307e-05    -0.0032579987     0.0011417668     0.0021153549    0.00097782118    9.1093825e-31   -1.6021766e-19    -9.156439e-20    1.9120228e-19              984                0
    -0.0021651192    5.3460139e-06      0.013727609    0.00025071806     0.0032257622   -0.00036024311    9.1093825e-31   -1.6021766e-19    -9.156439e-20    1.9120228e-19             1608                1
    0.00044091392    5.0781535e-05      0.012899127    0.00066817412      0.010260693    0.00057736324    9.1093825e-31   -1.6021766e-19    -9.156439e-20    1.9120228e-19             1559                1
     0.0052431803    4.4604538e-05     0.0064515048     0.0010778931     0.0004451024   -0.00040237035    9.1093825e-31   -1.6021766e-19    -9.156439e-20    1.9120228e-19              580                0
    -0.0045553413    8.6056134e-05    -0.0092977611   -0.00029497233     0.0043774326   -0.00074536895    9.1093825e-31   -1.6021766e-19    -9.156439e-20    1.9120228e-19             1362                1
     0.0084916661        3.123e-05     -0.012789963    -0.0022375744    0.00021903079     0.0022222623    9.1093825e-31   -1.6021766e-19    -9.156439e-20    1.9120228e-19              586                0
     0.0010060271    3.2983993e-05     0.0059456369    0.00080840231     0.0093365451     0.0020059992    9.1093825e-31   -1.6021766e-19    -9.156439e-20    1.9120228e-19             1580                1
    -0.0051044486    5.4249249e-05    -0.0051479856     0.0010624771     0.0019919546   -0.00094579236    9.1093825e-31   -1.6021766e-19    -9.156439e-20    1.9120228e-19              660                0
     0.0089500695    4.8455116e-05     0.0047923084   -0.00080084905     0.0013293512     0.0014986722    9.1093825e-31   -1.6021766e-19    -9.156439e-20    1.9120228e-19             1080                1
    -0.0078015472    3.6146776e-05      0.010913208    0.00063379883   -0.00046185378     0.0015232094    9.1093825e-31   -1.6021766e-19    -9.156439e-20    1.9120228e-19              652                0
     0.0026437042    8.0348749e-05    -0.0077124531    -0.0014467685    -0.0051971935     0.0034237639    9.1093825e-31   -1.6021766e-19    -9.156439e-20    1.9120228e-19             1569                1
   -0.00087272841    8.2741128e-05     0.0068827276    -0.0049607717      0.011443443    -0.0014240458    9.1093825e-31   -1.6021766e-19    -9.156439e-20    1.9120228e-19             1503                1
    -0.0089588379    1.9310723e-05     0.0015173833    -0.0022042249    3.0021634e-05    0.00013318304    9.1093825e-31   -1.6021766e-19    -9.156439e-20    1.9120228e-19              760                0
    -0.0055407062    5.1991377e-05     -0.014219011    0.00013819398    -0.0081840996   -0.00074743113    9.1093825e-31   -1.6021766e-19    -9.156439e-20    1.9120228e-19             1533                1
    -0.0076363552    9.1360685e-05    -0.0029778492    0.00066080125     0.0032699883     0.0001508564    9.1093825e-31   -1.6021766e-19    -9.156439e-20    1.9120228e-19             1179                1
     0.0049925949    6.0109633e-05     0.0001996885     0.0024603563     0.0072845803     0.0020767325    9.1093825e-31   -1.6021766e-19    -9.156439e-20    1.9120228e-19             1480                1
     0.0058609918    7.4253316e-05    -0.0074489182   -0.00014004775     0.0016731895   -0.00093590055    9.1093825e-31   -1.6021766e-19    -9.156439e-20    1.9120228e-19              840                0
     0.0030527175    6.2546133e-05    -0.0056404709    -0.0017427718     0.0019759287    1.2832912e-05    9.1093825e-31   -1.6021766e-19    -9.156439e-20    1.9120228e-19              860                0
    -0.0039098822    2.5338926e-05    -0.0020437813    2.7742844e-06     0.0021462252   -0.00050007703    9.1093825e-31   -1.6021766e-19    -9.156439e-20    1.9120228e-19              880                0
    -0.0032143595    5.6161643e-05     -0.012438404   -0.00084161066   -0.00092717295    -0.0015416101    9.1093825e-31   -1.6021766e-19    -9.156439e-20    1.9120228e-19              900                0
    -0.0087592434    9.4431285e-05    -0.0092533026   -0.00040750214     0.0021225475   -0.00045415867    9.1093825e-31   -1.6021766e-19    -9.156439e-20    1.9120228e-19             1085                1
     0.0033855331    2.2962351e-05       0.01273692    0.00069600245     0.0026953183   -0.00025563868    9.1093825e-31   -1.6021766e-19    -9.156439e-20    1.9120228e-19             1499                1
    -0.0073098666    3.1258074e-05    -0.0027073398    0.00063871057      0.001831188    0.00067919755    9.1093825e-31   -1.6021766e-19    -9.156439e-20    1.9120228e-19             1012                1
    -0.0036838569     4.321431e-05    0.00032998648    -0.0013101991      0.002379477     0.0026031611    9.1093825e-31   -1.6021766e-19    -9.156439e-20    1.9120228e-19              893                0
     0.0074967733    4.2784275e-05     -0.012922791     0.0023615451    -0.0002733127    -0.0017003866    9.1093825e-31   -1.6021766e-19    -9.156439e-20    1.9120228e-19              311                0
    -0.0069227004    4.3273169e-05       -0.0077946    -0.0012714016    0.00033765769    0.00055270636    9.1093825e-31   -1.6021766e-19    -9.156439e-20    1.9120228e-19              791                0
     0.0076702498    9.0695343e-05      0.010609188   -0.00097078591    0.00056507811     -0.000552763    9.1093825e-31   -1.6021766e-19    -9.156439e-20    1.9120228e-19              552                0
     -0.003023217    3.6588463e-06     0.0051129847   -0.00023329929      0.001368931    -0.0012219342    9.1093825e-31   -1.6021766e-19    -9.156439e-20    1.9120228e-19              110                0
   -0.00016306237    9.0925081e-05    -0.0075466908    0.00071160868    -0.0048045241    -0.0056532337    9.1093825e-31   -1.6021766e-19    -9.156439e-20    1.9120228e-19             1602                1
    0.00028309759    8.1940443e-06      0.012603319     0.0005016097    -0.0038869085    -0.0003666339    9.1093825e-31   -1.6021766e-19    -9.156439e-20    1.9120228e-19             1196                1
     -0.006207047    1.5915844e-05     0.0028841482    5.1975952e-05     0.0013317353   -0.00011861718    9.1093825e-31   -1.6021766e-19    -9.156439e-20    1.9120228e-19              677                0
     0.0059128534     8.798005e-05    -0.0048725419   -0.00021763802      0.006904297   -0.00025108218    9.1093825e-31   -1.6021766e-19    -9.156439e-20    1.9120228e-19             1445                1
    -0.0084813619    5.3192074e-05    -0.0047885603    0.00033646659    0.00091360457   -0.00011230948    9.1093825e-31   -1.6021766e-19    -9.156439e-20    1.9120228e-19              210                0
    -0.0057196347    8.0811405e-06    -0.0019959533    -0.0021539857    0.00057251484    0.00099819805    9.1093825e-31   -1.6021766e-19    -9.156439e-20    1.9120228e-19              196                0
      0.007927645    5.1595161e-05     0.0083903382   -0.00032668962    4.0574352e-05     0.0012620705    9.1093825e-31   -1.6021766e-19    -9.156439e-20    1.9120228e-19              254                0
     0.0059141261    6.3056352e-05     0.0044916924   -0.00065201381     0.0010606148   -0.00088108511    9.1093825e-31   -1.6021766e-19    -9.156439e-20    1.9120228e-19              270                0
     0.0015595902    3.0709358e-05     -0.012898375     0.0010657898    -0.0094615947     0.0032322567    9.1093825e-31   -1.6021766e-19    -9.156439e-20    1.9120228e-19             1489                1
     0.0089288168    4.0585142e-05     -0.013924461   -0.00070170808     -0.001030004    0.00016481255    9.1093825e-31   -1.6021766e-19    -9.156439e-20    1.9120228e-19              310                0
     0.0078292731    3.6722799e-05     -0.011330381     0.0001965791    -0.0011342906    0.00046821556    9.1093825e-31   -1.6021766e-19    -9.156439e-20    1.9120228e-19              407                0
     0.0014882541    6.3524669e-05    -0.0051235599    0.00063852547    -0.0046780012   -0.00036938448    9.1093825e-31   -1.6021766e-19    -9.156439e-20    1.9120228e-19             1524                1
    -0.0075092837    3.9920506e-05     -0.012111736    -0.0011389544    0.00032308375    -0.0012044966    9.1093825e-31   -1.6021766e-19    -9.156439e-20    1.9120228e-19              673                0
     0.0089672105    6.1125182e-05     0.0060849716    -0.0014492751    0.00095856097    0.00046912886    9.1093825e-31   -1.6021766e-19    -9.156439e-20    1.9120228e-19              390                0
     0.0085171694    1.9701729e-05       0.01022024    0.00025868238   -0.00031058557    -9.234179e-05    9.1093825e-31   -1.6021766e-19    -9.156439e-20    1.9120228e-19              410                0
     0.0094885239    5.2209132e-05     -0.010805735    0.00027687268     0.0045256512     0.0006464615    9.1093825e-31   -1.6021766e-19    -9.156439e-20    1.9120228e-19             1490                1
     0.0011412619    3.2389333e-05    -0.0067413044    0.00069209421     -0.010558213    -0.0060669044    9.1093825e-31   -1.6021766e-19    -9.156439e-20    1.9120228e-19             1536                1
   -3.4529599e-05     8.377343e-06      0.014559988   -5.6118679e-05    0.00043708814    0.00013282811    9.1093825e-31   -1.6021766e-19    -9.156439e-20    1.9120228e-19             1500                1
     0.0044409088    9.3418013e-05     -0.013479188    0.00047993113    -0.0031413282   -6.6069515e-05    9.1093825e-31   -1.6021766e-19    -9.156439e-20    1.9120228e-19             1596                1
    -0.0087188622    6.6797867e-05     0.0049830861    -0.0012635275     0.0010740756     0.0016880763    9.1093825e-31   -1.6021766e-19    -9.156439e-20    1.9120228e-19              510                0
    -0.0049860529     9.439006e-05     0.0031674129    0.00094988931     0.0030193008   -0.00033992916    9.1093825e-31   -1.6021766e-19    -9.156439e-20    1.9120228e-19              530                0
     0.0024539882    4.4136261e-05    -0.0091739055     0.0031885339    -0.0084275994     0.0046613049    9.1093825e-31   -1.6021766e-19    -9.156439e-20    1.9120228e-19             1521                1
     0.0091018891    3.1753909e-05     -0.012543133     -0.002508861   -0.00098793267    -0.0020285966    9.1093825e-31   -1.6021766e-19    -9.156439e-20    1.9120228e-19              747                0
    -0.0003129734    7.1381124e-05    0.00038312023    0.00040587192    -0.0048548342      -0.00327733    9.1093825e-31   -1.6021766e-19    -9.156439e-20    1.9120228e-19             1568                1
      0.003448908    3.1417698e-05     0.0032374191     0.0011571252     0.0020661596     0.0021978144    9.1093825e-31   -1.6021766e-19    -9.156439e-20    1.9120228e-19              991                0
    -0.0018984415     4.630315e-05     0.0045988006    -0.0013044995     0.0014081674    -0.0013510998    9.1093825e-31   -1.6021766e-19    -9.156439e-20    1.9120228e-19              630                0
    -0.0027420071    8.6603119e-05    0.00085023936   -5.1272669e-05     0.0098577226    0.00034645424    9.1093825e-31   -1.6021766e-19    -9.156439e-20    1.9120228e-19             1461                1
     0.0084239207    2.5028723e-05     0.0016125352    0.00021474448    0.00040296625   -0.00083004351    9.1093825e-31   -1.6021766e-19    -9.156439e-20    1.9120228e-19              525                0
     0.0091920579    1.4006637e-05     -0.009109024     0.0011325807    6.7026922e-05     -0.001404422    9.1093825e-31   -1.6021766e-19    -9.156439e-20    1.9120228e-19              690                0
    -0.0001706077    5.7837504e-05     0.0035860669   -0.00018248268     0.0079554133   -0.00020982894    9.1093825e-31   -1.6021766e-19    -9.156439e-20    1.9120228e-19             1450                1
    -0.0014552547    7.7270241e-05    -0.0066663413   -0.00091282319     0.0034147894    -0.0012284326    9.1093825e-31   -1.6021766e-19    -9.156439e-20    1.9120228e-19             1170                1
    -0.0087624965    7.3118368e-05    -0.0012650314    0.00091772241    9.7841446e-05    0.00099258719    9.1093825e-31   -1.6021766e-19    -9.156439e-20    1.9120228e-19              750                0
    -0.0016771585    4.1875064e-05     -0.011156885     0.0030833187    -0.0096887918   -0.00046130054    9.1093825e-31   -1.6021766e-19    -9.156439e-20    1.9120228e-19             1527                1
     0.0014934988    8.4940642e-05     0.0025682361    -0.0008508428      0.011301843    0.00021059923    9.1093825e-31   -1.6021766e-19    -9.156439e-20    1.9120228e-19             1492                1
     0.0075352625    9.1151167e-05      0.010905797    0.00049782119     0.0012201923    0.00040860299    9.1093825e-31   -1.6021766e-19    -9.156439e-20    1.9120228e-19              810                0
    -0.0075655524    5.2825901e-05    -0.0013454639     0.0028730922     0.0016028992   -0.00085055741    9.1093825e-31   -1.6021766e-19    -9.156439e-20    1.9120228e-19              257                0
    -0.0056043454    3.0538358e-05     0.0057819039    -0.0010900192     0.0010434976     0.0010284681    9.1093825e-31   -1.6021766e-19    -9.156439e-20    1.9120228e-19              220                0
     0.0067637637    5.2179577e-05     0.0091284486    -0.0016485961    0.00082299317     0.0013761496    9.1093825e-31   -1.6021766e-19    -9.156439e-20    1.9120228e-19              870                0
     0.0065012891    3.5019821e-05    -0.0084643923    -0.0027564706    0.00080636732   -0.00053956098    9.1093825e-31   -1.6021766e-19    -9.156439e-20    1.9120228e-19              931                0
   -0.00083590328    4.8935442e-05    -0.0083667692    -0.0044861939    -0.0075208996    0.00041646865    9.1093825e-31   -1.6021766e-19    -9.156439e-20    1.9120228e-19             1516                1
     0.0041871513    9.6965014e-05     -0.014848552    -0.0013413968   -0.00080419885    -0.0022192604    9.1093825e-31   -1.6021766e-19    -9.156439e-20    1.9120228e-19              833                0
    -0.0076505141    1.7173821e-05      0.004521918   -0.00040642565   -0.00018445717     0.0013635671    9.1093825e-31   -1.6021766e-19    -9.156439e-20    1.9120228e-19              633                0
    -0.0087412167      9.93551e-05     0.0079289889    -0.0003773139    0.00063282269   -0.00033975867    9.1093825e-31   -1.6021766e-19    -9.156439e-20    1.9120228e-19              373                0
     0.0048333099    3.4627235e-05     0.0070890537    0.00020890555   -5.6667071e-05     0.0030140842    9.1093825e-31   -1.6021766e-19    -9.156439e-20    1.9120228e-19               18                0
     0.0059830206    1.4756351e-05    -0.0028651701    -0.0011395565     0.0019105999    -0.0022762977    9.1093825e-31   -1.6021766e-19    -9.156439e-20    1.9120228e-19              256                0
    -0.0013093881    6.1991101e-05     -0.014191146   -0.00019426065    -0.0069409376    -0.0021394114    9.1093825e-31   -1.6021766e-19    -9.156439e-20    1.9120228e-19             1493                1
    -0.0035741094     2.685759e-05     -0.014348275    -0.0023462011    -0.0017768675    0.00044030219    9.1093825e-31   -1.6021766e-19    -9.156439e-20    1.9120228e-19              567                0
     0.0019614843     6.941957e-05     -0.012603432   -0.00056644611    -0.0081354901   -0.00024549681    9.1093825e-31   -1.6021766e-19    -9.156439e-20    1.9120228e-19             1570                1
     0.0011461165    1.4853164e-05     -0.013259333   -0.00070708781      -0.00252905    -0.0012663598    9.1093825e-31   -1.6021766e-19    -9.156439e-20    1.9120228e-19              592                0
    -0.0010582987     5.850938e-05     -0.005928311    -0.0022492919    -0.0045845346   -0.00067292026    9.1093825e-31   -1.6021766e-19    -9.156439e-20    1.9120228e-19             1504                1
    -0.0090192817    7.7083052e-05      0.012490114    -0.0017023807    0.00068933115    1.9862822e-05    9.1093825e-31   -1.6021766e-19    -9.156439e-20    1.9120228e-19              865                0
      0.002286891    9.6871903e-05   -7.5084288e-05     0.0024624614      0.010014562     0.0027153157    9.1093825e-31   -1.6021766e-19    -9.156439e-20    1.9120228e-19             1443                1
     0.0033206302    7.0778922e-05     -0.007513545    -0.0012690416    -0.0071075587     0.0010011554    9.1093825e-31   -1.6021766e-19    -9.156439e-20    1.9120228e-19             1572                1
     0.0018556929    4.8100464e-05      0.012038368   -0.00013238544     0.0072041419    0.00046886122    9.1093825e-31   -1.6021766e-19    -9.156439e-20    1.9120228e-19             1529                1
     0.0047546173    5.5377601e-05     0.0021027434   -0.00074003718     0.0023331668     0.0011537601    9.1093825e-31   -1.6021766e-19    -9.156439e-20    1.9120228e-19              229                0
    -0.0028831298    3.4845139e-05    -0.0056219515    0.00043520771     0.0017324832    -0.0028070731    9.1093825e-31   -1.6021766e-19    -9.156439e-20    1.9120228e-19              507                0
    -0.0086016366    7.3218012e-05    -0.0014395079    0.00081934786    0.00021561376   -0.00040310237    9.1093825e-31   -1.6021766e-19    -9.156439e-20    1.9120228e-19              894                0
    -0.0027709666    8.5140993e-05    -0.0088746147    0.00069776666     -0.002577004    -0.0015800359    9.1093825e-31   -1.6021766e-19    -9.156439e-20    1.9120228e-19             1482                1
     0.0078224083    7.4352938e-05    -0.0032588127     0.0016415163    0.00055242336     0.0023100812    9.1093825e-31   -1.6021766e-19    -9.156439e-20    1.9120228e-19              309                0
    -0.0089317746    4.7804075e-05      0.011249583   -0.00022294992   -3.3508233e-05   -0.00060473027    9.1093825e-31   -1.6021766e-19    -9.156439e-20    1.9120228e-19              329                0
     0.0077420389    5.0846091e-05     -0.014141069    -0.0029018121    0.00030507223     0.0013574209    9.1093825e-31   -1.6021766e-19    -9.156439e-20    1.9120228e-19              349                0
     0.0090973387    5.8989954e-05     0.0078606633    -0.0010183841    4.4345645e-05     0.0016580474    9.1093825e-31   -1.6021766e-19    -9.156439e-20    1.9120228e-19              369                0
    -0.0028519572    6.4211315e-05    -0.0069448128    -0.0019250708     0.0048456462   -0.00044053415    9.1093825e-31   -1.6021766e-19    -9.156439e-20    1.9120228e-19             1453                1
    0.00037280598    3.5297328e-06      0.012726939    -0.0029005751     0.0010248118    -0.0073979083    9.1093825e-31   -1.6021766e-19    -9.156439e-20    1.9120228e-19             1507                1
    -0.0023129047    2.3984188e-05     0.0071868054     0.0020543586     0.0011779737    0.00015747458    9.1093825e-31   -1.6021766e-19    -9.156439e-20    1.9120228e-19              632                0
     0.0055589266    1.3035747e-05     0.0035437299    -0.0014240863      0.001039698   -0.00024445911    9.1093825e-31   -1.6021766e-19    -9.156439e-20    1.9120228e-19              251                0
     -0.008996496    8.8145847e-05    0.00046301101      0.001054146    0.00070017372    0.00012353819    9.1093825e-31   -1.6021766e-19    -9.156439e-20    1.9120228e-19              469                0
     0.0063401996    3.3115703e-05    -0.0093901465     0.0023135568   -0.00081586401   -0.00018020558    9.1093825e-31   -1.6021766e-19    -9.156439e-20    1.9120228e-19             1004                1
    -0.0048975735     5.267969e-05     -0.010777606     4.996466e-06    -0.0082585299    5.5450779e-05    9.1093825e-31   -1.6021766e-19    -9.156439e-20    1.9120228e-19             1537                1
     0.0074039791    2.4705798e-05    0.00091267982    -0.0015588533     0.0014359466   -0.00085130404    9.1093825e-31   -1.6021766e-19    -9.156439e-20    1.9120228e-19              476                0
    -0.0049892082    3.6149064e-05     -0.012667431     0.0013708648     -0.000450258    -0.0016460111    9.1093825e-31   -1.6021766e-19    -9.156439e-20    1.9120228e-19              549                0
    -0.0011500843    6.5285312e-05      0.010151745     0.0026338799   -0.00076594856    0.00071575696    9.1093825e-31   -1.6021766e-19    -9.156439e-20    1.9120228e-19              569                0
     0.0012572394    2.4210911e-05      0.013606972    -0.0070981774      0.007623381     0.0048934659    9.1093825e-31   -1.6021766e-19    -9.156439e-20    1.9120228e-19             1589                1
    -0.0016654117    7.9234132e-06     0.0084230816     0.0025609031    -0.0035023182    -0.0002852059    9.1093825e-31   -1.6021766e-19    -9.156439e-20    1.9120228e-19             1317                1
     0.0095019192     6.633436e-05     -0.014603319   -9.8074277e-05    0.00011545559     0.0020946034    9.1093825e-31   -1.6021766e-19    -9.156439e-20    1.9120228e-19              922                0
     -0.001059035    5.4288721e-05     -0.012392335    -0.0023283421    -0.0011451724   -0.00038121751    9.1093825e-31   -1.6021766e-19    -9.156439e-20    1.9120228e-19              649                0
    -0.0078743938     5.147672e-05     0.0038179585     0.0011956498     0.0005981432     0.0009868592    9.1093825e-31   -1.6021766e-19    -9.156439e-20    1.9120228e-19              934                0
    -0.0005551349    3.9504128e-05     0.0095085613    0.00053135952     0.0063177198   -9.3437768e-05    9.1093825e-31   -1.6021766e-19    -9.156439e-20    1.9120228e-19             1505                1
    -0.0079343701    6.9932954e-05     0.0023845052    8.3572253e-05     0.0014808485   -6.2963351e-05    9.1093825e-31   -1.6021766e-19    -9.156439e-20    1.9120228e-19              709                0
      0.002988538    8.9457586e-05   -0.00090098614    -0.0005832591    -0.0007632288    0.00027146089    9.1093825e-31   -1.6021766e-19    -9.156439e-20    1.9120228e-19             1549                1
    -0.0021467383    1.5887783e-05     0.0061676316    0.00039207347     0.0068773348     0.0020862333    9.1093825e-31   -1.6021766e-19    -9.156439e-20    1.9120228e-19             1599                1
    -0.0067656958    4.8304828e-05     0.0026131617    -0.0019016643      0.006332227   -0.00041417987    9.1093825e-31   -1.6021766e-19    -9.156439e-20    1.9120228e-19             1501                1
     0.0016670099    9.4659645e-06     0.0036365457    -0.0008023337     0.0016746898    0.00053055794    9.1093825e-31   -1.6021766e-19    -9.156439e-20    1.9120228e-19              754                0
    -0.0050565591     8.332447e-05      0.010076351    0.00087770412    0.00079109002   -0.00010012855    9.1093825e-31   -1.6021766e-19    -9.156439e-20    1.9120228e-19              577                0
    -0.0015150141    1.9561368e-05      0.010723833    -0.0051225824     0.0075204903    0.00068689306    9.1093825e-31   -1.6021766e-19    -9.156439e-20    1.9120228e-19             1592                1
    -0.0088618388    7.7997138e-05    -0.0046167206   -0.00061010069    0.00066632888    0.00089888531    9.1093825e-31   -1.6021766e-19    -9.156439e-20    1.9120228e-19              849                0
     0.0079241972    4.2050771e-05     0.0028259235    -0.0011113703    2.8492075e-05      1.74006e-05    9.1093825e-31   -1.6021766e-19    -9.156439e-20    1.9120228e-19              869                0
     0.0086818803    4.8039652e-05     0.0040540486   -0.00072399486     0.0009422474    -0.0011705605    9.1093825e-31   -1.6021766e-19    -9.156439e-20    1.9120228e-19               36                0
     0.0077415439    9.7667271e-06     0.0016818844     0.0012975567    0.00032501269     0.0016545138    9.1093825e-31   -1.6021766e-19    -9.156439e-20    1.9120228e-19              977                0
    -0.0058627967    1.6911767e-05   -0.00025041893    0.00021195717    0.00087227608   -0.00033418596    9.1093825e-31   -1.6021766e-19    -9.156439e-20    1.9120228e-19              622                0
    -0.0010408594    7.5374664e-05     0.0060350732    -0.0010158932      0.011044086     -0.001082023    9.1093825e-31   -1.6021766e-19    -9.156439e-20    1.9120228e-19             1509                1
     0.0060705901     6.323948e-05      0.011810145   -0.00069805712    -0.0009214938     0.0020720337    9.1093825e-31   -1.6021766e-19    -9.156439e-20    1.9120228e-19              280                0
    -0.0046723238    6.2645689e-05    -0.0083042989    -0.0014268548    0.00038129493      0.001750992    9.1093825e-31   -1.6021766e-19    -9.156439e-20    1.9120228e-19              591                0
    -0.0093833385    6.2525985e-05     0.0025630814    0.00081666838    0.00074923708    0.00012276853    9.1093825e-31   -1.6021766e-19    -9.156439e-20    1.9120228e-19               44                0
   -0.00016653322    9.2172646e-05     0.0035921175    9.0133028e-05      0.010251253    0.00020148905    9.1093825e-31   -1.6021766e-19    -9.156439e-20    1.9120228e-19             1449                1
    -0.0014842259    5.6156216e-05     -0.011331105   -7.8687583e-05    -0.0068705897   -0.00010073007    9.1093825e-31   -1.6021766e-19    -9.156439e-20    1.9120228e-19             1496                1
     0.0028346179     3.086586e-05     0.0099493731    0.00034156101   -0.00046761287    -0.0002370986    9.1093825e-31   -1.6021766e-19    -9.156439e-20    1.9120228e-19              177                0
   -0.00045987574     9.622598e-05     -0.002574157     0.0050069247     0.0096527245     0.0052986806    9.1093825e-31   -1.6021766e-19    -9.156439e-20    1.9120228e-19             1456                1
   -0.00066735374     4.944313e-05    -0.0082340278     0.0020800924    -0.0092044938    0.00067071582    9.1093825e-31   -1.6021766e-19    -9.156439e-20    1.9120228e-19             1542                1
     0.0066986876    9.5432624e-05    -0.0041010058    -4.849393e-05      0.003757074   -0.00057938625    9.1093825e-31   -1.6021766e-19    -9.156439e-20    1.9120228e-19             1198                1
    -0.0083854161    5.8790141e-05     0.0038225972    0.00098274357    0.00013098777    -0.0031899875    9.1093825e-31   -1.6021766e-19    -9.156439e-20    1.9120228e-19              184                0
    -0.0063524693    9.5845207e-05    -0.0028355562     0.0027238864     0.0082173264     0.0030156702    9.1093825e-31   -1.6021766e-19    -9.156439e-20    1.9120228e-19             1460                1
     0.0013986916    7.2015202e-05     0.0018037262     0.0035509744     0.0049569346    -0.0029766459    9.1093825e-31   -1.6021766e-19    -9.156439e-20    1.9120228e-19             1228                1
    -0.0060402937    5.6424287e-05    -0.0093233902   -0.00013493741     0.0030794099   -5.7664445e-05    9.1093825e-31   -1.6021766e-19    -9.156439e-20    1.9120228e-19             1436                1
    -0.0086503681    5.1904557e-05      0.002116231     0.0004453148    0.00027311567   -0.00017251974    9.1093825e-31   -1.6021766e-19    -9.156439e-20    1.9120228e-19              264                0
      0.005078211    6.0379818e-05     0.0003594404    0.00020199297     0.0020181451    -0.0012746104    9.1093825e-31   -1.6021766e-19    -9.156439e-20    1.9120228e-19              284                0
    -0.0056159492    1.7179973e-05      0.005608012    0.00084814319    0.00066437386   -0.00045495344    9.1093825e-31   -1.6021766e-19    -9.156439e-20    1.9120228e-19              906                0
   -0.00090191112    9.6637006e-05    -0.0063318987    0.00014635171    -0.0015891864    -0.0031618846    9.1093825e-31   -1.6021766e-19    -9.156439e-20    1.9120228e-19             1581                1
    -0.0040431125    9.6754738e-05     -0.012676975       -0.0016639   -0.00021553173    0.00035334367    9.1093825e-31   -1.6021766e-19    -9.156439e-20    1.9120228e-19              344                0
    -0.0037792139    3.8161568e-05      0.011558978   -0.00038195233     0.0070524239    0.00033220078    9.1093825e-31   -1.6021766e-19    -9.156439e-20    1.9120228e-19             1544                1
   -0.00098553661    4.4956905e-05    -0.0021158457   -6.2898653e-05     0.0032021469    0.00019257338    9.1093825e-31   -1.6021766e-19    -9.156439e-20    1.9120228e-19              384                0
   -0.00055070285    8.4164916e-05    -0.0025476834   -8.9837624e-05    -0.0046806955   -0.00060418301    9.1093825e-31   -1.6021766e-19    -9.156439e-20    1.9120228e-19             1590                1
     0.0070154662    2.8409107e-05     0.0080823386    -0.0022333735    -0.0037927623    0.00075132499    9.1093825e-31   -1.6021766e-19    -9.156439e-20    1.9120228e-19             1447                1
    -0.0092222737    6.5719927e-05   -0.00048528661    2.5357156e-05    0.00026465967    0.00067073572    9.1093825e-31   -1.6021766e-19    -9.156439e-20    1.9120228e-19              444                0
    -0.0059483913    1.2160055e-05    -0.0019059741    0.00023781759     0.0019780314    -0.0010519737    9.1093825e-31   -1.6021766e-19    -9.156439e-20    1.9120228e-19              464                0
    0.00020776609    8.8107961e-05    -0.0037619902     0.0026420504     0.0094834473      -0.00250836    9.1093825e-31   -1.6021766e-19    -9.156439e-20    1.9120228e-19             1491                1
     0.0054547586    1.1042417e-05     0.0091777481     0.0015474344    0.00036962325     0.0017075392    9.1093825e-31   -1.6021766e-19    -9.156439e-20    1.9120228e-19             1322                1
     0.0048191524    9.1768379e-05    -0.0034148712    -0.0042821881    -0.0056435438     -0.001505306    9.1093825e-31   -1.6021766e-19    -9.156439e-20    1.9120228e-19             1610                1
     0.0033390145    4.0548974e-05   -0.00099677779    0.00039845283     0.0023469126     0.0010097725    9.1093825e-31   -1.6021766e-19    -9.156439e-20    1.9120228e-19              666                0
     0.0084647676    2.3286895e-05    -0.0039158887   -0.00066654017    0.00080833968    0.00088351185    9.1093825e-31   -1.6021766e-19    -9.156439e-20    1.9120228e-19              564                0
    -0.0081149889    7.7554432e-05    -0.0098382924    1.2096498e-05     0.0022982485    0.00045915111    9.1093825e-31   -1.6021766e-19    -9.156439e-20    1.9120228e-19             1219                1
    -0.0072401753    2.6955175e-05      0.011910454    -0.0013729997    -0.0015547503   -0.00018824937    9.1093825e-31   -1.6021766e-19    -9.156439e-20    1.9120228e-19              604                0
    -0.0067127231    5.8779271e-05     0.0020214547   -5.2872041e-05     0.0029028491    2.9610794e-05    9.1093825e-31   -1.6021766e-19    -9.156439e-20    1.9120228e-19             1113                1
    -0.0056146863    6.3705018e-05     -0.003265678    -0.0028770447     0.0061579193     0.0025898563    9.1093825e-31   -1.6021766e-19    -9.156439e-20    1.9120228e-19             1464                1
    -0.0068496997    4.6252575e-05    0.00082754955    0.00025158832     0.0017695872   -8.7665314e-05    9.1093825e-31   -1.6021766e-19    -9.156439e-20    1.9120228e-19              664                0
    -0.0077416357    5.7002344e-05     -0.014926569    0.00080772093    -0.0013330284    0.00073521305    9.1093825e-31   -1.6021766e-19    -9.156439e-20    1.9120228e-19              684                0
     0.0034089666    2.7717057e-05     0.0048407684   -0.00023587806     0.0018426576    -0.0018771113    9.1093825e-31   -1.6021766e-19    -9.156439e-20    1.9120228e-19              704                0
    -0.0025994622    7.7602272e-05     -0.014313909    -0.0014469069    -0.0013670215    0.00011287893    9.1093825e-31   -1.6021766e-19    -9.156439e-20    1.9120228e-19              494                0
    -0.0066711223     3.171388e-05     0.0093209334     0.0010658712    0.00034426988     0.0016267452    9.1093825e-31   -1.6021766e-19    -9.156439e-20    1.9120228e-19              871                0
     0.0091046458    2.5687617e-05     0.0028242895    -0.0017195893   -0.00040624655     -0.001141201    9.1093825e-31   -1.6021766e-19    -9.156439e-20    1.9120228e-19              831                0
    -0.0067273243    9.2490591e-05     -0.010978126     0.0010107554   -0.00016794693     0.0009989941    9.1093825e-31   -1.6021766e-19    -9.156439e-20    1.9120228e-19              125                0
    -0.0051473961     3.816999e-05      0.013348418    0.00098490971    -0.0012235735    0.00043418288    9.1093825e-31   -1.6021766e-19    -9.156439e-20    1.9120228e-19              804                0
     0.0039981212    5.9721049e-05     -0.012578999    0.00033007067    -0.0012515998    -0.0025109635    9.1093825e-31   -1.6021766e-19    -9.156439e-20    1.9120228e-19              266                0
     0.0004500981     5.754267e-06      0.012876024   -0.00036690815     0.0024040567   -0.00019411277    9.1093825e-31   -1.6021766e-19    -9.156439e-20    1.9120228e-19             1588                1
     0.0017492388    2.4096342e-05      0.011549064    -0.0013949864    -0.0053718002     0.0020810389    9.1093825e-31   -1.6021766e-19    -9.156439e-20    1.9120228e-19             1479                1
    -0.0028344137    7.1750794e-05    -0.0089920992     0.0011745247     0.0013086073     0.0011445943    9.1093825e-31   -1.6021766e-19    -9.156439e-20    1.9120228e-19              360                0
     0.0049135089    4.2498496e-06     0.0070105782    -0.0032625874     0.0036243219    -0.0010481032    9.1093825e-31   -1.6021766e-19    -9.156439e-20    1.9120228e-19             1613                1
     0.0033409935     3.515141e-05    -0.0014315207     -0.001110631     0.0022813338   -0.00047499707    9.1093825e-31   -1.6021766e-19    -9.156439e-20    1.9120228e-19              711                0
     0.0078237886    9.8592645e-05      -0.01414704      -0.00100901      0.003783124     0.0018536247    9.1093825e-31   -1.6021766e-19    -9.156439e-20    1.9120228e-19             1355                1
    0.00053840666    5.3332915e-05     -0.011881392    3.0845244e-05   -0.00022325353    0.00022933105    9.1093825e-31   -1.6021766e-19    -9.156439e-20    1.9120228e-19              958                0
    -0.0086054988    9.6636752e-05     0.0093980134   -3.3207976e-05    5.9298058e-05     -0.001054049    9.1093825e-31   -1.6021766e-19    -9.156439e-20    1.9120228e-19               91                0
    -0.0068025668    5.3045635e-05      0.012205729    0.00035788669   -0.00060029398    0.00066836854    9.1093825e-31   -1.6021766e-19    -9.156439e-20    1.9120228e-19              988                0
     0.0075783539    3.0622312e-05     0.0087272478    -0.0013921167   -0.00054589397   -0.00062338426    9.1093825e-31   -1.6021766e-19    -9.156439e-20    1.9120228e-19              867                0
     0.0075772745    3.9403285e-06     0.0059022796     0.0012870453   -0.00014292929   -0.00017592958    9.1093825e-31   -1.6021766e-19    -9.156439e-20    1.9120228e-19               15                0
      0.004670545    1.4912406e-05     0.0021134233   -0.00023700054     0.0013998743   -0.00016553934    9.1093825e-31   -1.6021766e-19    -9.156439e-20    1.9120228e-19               25                0
   -6.1809136e-05    9.5829113e-05    -0.0072462275    -0.0011483432     0.0067694304   -0.00011327599    9.1093825e-31   -1.6021766e-19    -9.156439e-20    1.9120228e-19             1446                1
    -0.0040225214     4.836548e-05     0.0094018299    -0.0016992184      0.010135583     0.0031918699    9.1093825e-31   -1.6021766e-19    -9.156439e-20    1.9120228e-19             1558                1
     -0.005985654    6.2816603e-06     0.0012987767    0.00018480301    0.00046245163     0.0019654492    9.1093825e-31   -1.6021766e-19    -9.156439e-20    1.9120228e-19              486                0
    -0.0053221076    2.5871621e-05     0.0067568934     0.0024014919    0.00013087288       0.00219304    9.1093825e-31   -1.6021766e-19    -9.156439e-20    1.9120228e-19              982                0
   -5.3934706e-05    7.6088218e-05     0.0043591214   -0.00070706947     0.0098229479    -0.0041302703    9.1093825e-31   -1.6021766e-19    -9.156439e-20    1.9120228e-19             1477                1
     0.0070598954    6.4450542e-05    0.00088013918    -0.0024525593   -5.3905354e-05     0.0038752952    9.1093825e-31   -1.6021766e-19    -9.156439e-20    1.9120228e-19             1374                1
    -0.0026346934    3.8290622e-05     0.0061144424     0.0013363648    0.00099773332    0.00040432395    9.1093825e-31   -1.6021766e-19    -9.156439e-20    1.9120228e-19              485                0
   -0.00073521328    8.4524618e-05    -0.0082574552    0.00032524357    -0.0081026871    -0.0054281726    9.1093825e-31   -1.6021766e-19    -9.156439e-20    1.9120228e-19             1604                1
    -0.0051823501    5.8678997e-05    0.00061974587    -0.0020324145       0.00632841    -0.0021939666    9.1093825e-31   -1.6021766e-19    -9.156439e-20    1.9120228e-19             1430                1
    -0.0012609443    2.1676498e-05     -0.014196503     0.0043372866     -0.010714612    -0.0026316121    9.1093825e-31   -1.6021766e-19    -9.156439e-20    1.9120228e-19             1494                1
     0.0024239211    5.3310447e-05    -0.0092162257   -0.00042639449    -0.0073391083   -0.00042913944    9.1093825e-31   -1.6021766e-19    -9.156439e-20    1.9120228e-19             1520                1
     0.0089610992    2.4387149e-05      0.013229374    -0.0017317527    -0.0012789139    -0.0016051533    9.1093825e-31   -1.6021766e-19    -9.156439e-20    1.9120228e-19              262                0
     0.0015607808    8.0056096e-05       0.01149395    5.4043256e-05     0.0016655803    0.00046029245    9.1093825e-31   -1.6021766e-19    -9.156439e-20    1.9120228e-19             1311                1
     0.0064388392    7.9938531e-05     0.0057018097   -0.00034155289     0.0017016245    -0.0012910408    9.1093825e-31   -1.6021766e-19    -9.156439e-20    1.9120228e-19              957                0
    -0.0071326224    7.1201859e-05     0.0070745409     0.0013365567    0.00093550602   -0.00086120417    9.1093825e-31   -1.6021766e-19    -9.156439e-20    1.9120228e-19              322                0
    -0.0075529777    6.8697136e-06     0.0026359879    -0.0015686174   -0.00072608003    0.00045261724    9.1093825e-31   -1.6021766e-19    -9.156439e-20    1.9120228e-19              342                0
     0.0039327168    7.7958663e-05     0.0081594028     0.0016183357     0.0015327875    0.00058377575    9.1093825e-31   -1.6021766e-19    -9.156439e-20    1.9120228e-19              111                0
      0.005891731    1.9285417e-05     0.0090798438     0.0014081019    -0.0011352249     0.0008135399    9.1093825e-31   -1.6021766e-19    -9.156439e-20    1.9120228e-19               77                0
    -0.0057485118    9.4714705e-05    -0.0075149429     0.0016761823     0.0020080167   -0.00084332703    9.1093825e-31   -1.6021766e-19    -9.156439e-20    1.9120228e-19              117                0
    -0.0029358864    6.8963192e-05     -0.014394561    1.1098504e-05    -0.0017764786     -0.001382335    9.1093825e-31   -1.6021766e-19    -9.156439e-20    1.9120228e-19              422                0
    -0.0031885558     5.192115e-05     0.0061201435    0.00093875499      0.010776801    -0.0012093177    9.1093825e-31   -1.6021766e-19    -9.156439e-20    1.9120228e-19             1554                1
    -0.0053423704    2.9194587e-05    -0.0057054632    0.00019945695    0.00034412576   -0.00032917879    9.1093825e-31   -1.6021766e-19    -9.156439e-20    1.9120228e-19              461                0
    -0.0042079301    1.6403073e-05    -0.0097865695    -0.0030214326    -0.0026152392   -0.00065477047    9.1093825e-31   -1.6021766e-19    -9.156439e-20    1.9120228e-19             1287                1
    -0.0041180737    3.8337028e-05      0.010288551     -0.002847289   -0.00039639909     0.0010071623    9.1093825e-31   -1.6021766e-19    -9.156439e-20    1.9120228e-19              687                0
     0.0013727016    3.4881014e-05    -0.0088363895   -4.2608895e-06    -0.0088990266    0.00014090663    9.1093825e-31   -1.6021766e-19    -9.156439e-20    1.9120228e-19             1511                1
    -0.0070560784    3.3862878e-05     0.0095439106    0.00076486025    -0.0033594398     -0.001298565    9.1093825e-31   -1.6021766e-19    -9.156439e-20    1.9120228e-19             1407                1
    -0.0024047259    8.2183535e-05    -0.0021700549    -0.0013041493     0.0082260258     0.0035383429    9.1093825e-31   -1.6021766e-19    -9.156439e-20    1.9120228e-19             1423                1
     0.0053461585    5.5498575e-05     0.0033426988    0.00019403528     0.0015103691   -0.00070470158    9.1093825e-31   -1.6021766e-19    -9.156439e-20    1.9120228e-19              581                0
   -0.00084561389    8.8692577e-05    -0.0057908529   -0.00060954469    -0.0079452805    0.00075812812    9.1093825e-31   -1.6021766e-19    -9.156439e-20    1.9120228e-19             1611                1
     0.0030843271    8.2583821e-05    -0.0043586711    0.00045083053    -0.0050577251    0.00068922143    9.1093825e-31   -1.6021766e-19    -9.156439e-20    1.9120228e-19             1586                1
     0.0013996725    4.4899985e-05      0.001767248   -0.00011227693     0.0032263356    -0.0016331017    9.1093825e-31   -1.6021766e-19    -9.156439e-20    1.9120228e-19              641                0
      0.004847365    1.7257695e-05      0.012146332     0.0027417261    -0.0059843822    0.00067856204    9.1093825e-31   -1.6021766e-19    -9.156439e-20    1.9120228e-19             1462                1
   -0.00076395785     4.738538e-05    3.1244272e-05    -0.0033244111      0.007116151     0.0024325633    9.1093825e-31   -1.6021766e-19    -9.156439e-20    1.9120228e-19             1442                1
      0.005894132    9.6306881e-05    -0.0008787344   -0.00048345421     0.0026432015   -0.00073940353    9.1093825e-31   -1.6021766e-19    -9.156439e-20    1.9120228e-19              797                0
    -0.0068580983    4.4065851e-05     -0.014219175    -0.0017861268    -0.0012471438   -0.00014460618    9.1093825e-31   -1.6021766e-19    -9.156439e-20    1.9120228e-19              394                0
    -0.0010414314    4.9274848e-05     0.0056977812   -0.00067252159     0.0088701844     -0.001749501    9.1093825e-31   -1.6021766e-19    -9.156439e-20    1.9120228e-19             1522                1
     0.0023349675    6.2686719e-05     0.0087263286     -0.001012938    0.00078373851     0.0015677862    9.1093825e-31   -1.6021766e-19    -9.156439e-20    1.9120228e-19              761                0
    -0.0050333156    8.8277149e-05    -0.0070926286     0.0012270634     -0.004245759    -0.0033373483    9.1093825e-31   -1.6021766e-19    -9.156439e-20    1.9120228e-19             1591                1
     0.0033035716    6.4489635e-05    -0.0075221662    -0.0048596039    -0.0084327711   -0.00081224507    9.1093825e-31   -1.6021766e-19    -9.156439e-20    1.9120228e-19             1571                1
      0.009359966    7.7334735e-05    -0.0043159896    0.00046251068    8.3782252e-05      0.001611385    9.1093825e-31   -1.6021766e-19    -9.156439e-20    1.9120228e-19              821                0
     0.0074746115    5.9046073e-05     0.0080011981    0.00012373856    0.00088032952    0.00043243411    9.1093825e-31   -1.6021766e-19    -9.156439e-20    1.9120228e-19              131                0
    0.00046031558    7.3321513e-05    0.00023350943    0.00025134269    -0.0088390708    -0.0012636844    9.1093825e-31   -1.6021766e-19    -9.156439e-20    1.9120228e-19             1594                1
     0.0012399668    1.5338986e-05      0.010886614     0.0020164885     0.0047197337     0.0010903291    9.1093825e-31   -1.6021766e-19    -9.156439e-20    1.9120228e-19             1577                1
     0.0021989036    1.7854867e-05      0.013364905     0.0036790695     0.0042151771    0.00022476335    9.1093825e-31   -1.6021766e-19    -9.156439e-20    1.9120228e-19             1561                1
    0.00050334481    8.4788247e-05     -0.007374227    -0.0034100525    -0.0027589016     0.0013614971    9.1093825e-31   -1.6021766e-19    -9.156439e-20    1.9120228e-19             1513                1
    -0.0092264684     4.074259e-05      0.012200351    0.00080367364   -0.00084203569   -0.00012294936    9.1093825e-31   -1.6021766e-19    -9.156439e-20    1.9120228e-19              938                0
    -0.0084056621    5.7888806e-06    -0.0035171704    -0.0028604511    -0.0021827591    0.00062555046    9.1093825e-31   -1.6021766e-19    -9.156439e-20    1.9120228e-19             1200                1
   -0.00017531023    8.9891393e-05    -0.0035447692    -0.0019403797   -0.00045773824     0.0019323203    9.1093825e-31   -1.6021766e-19    -9.156439e-20    1.9120228e-19             1517                1
     0.0055028135    3.6883586e-05      0.010678122    2.0425186e-05    -0.0017668726   -5.2646952e-05    9.1093825e-31   -1.6021766e-19    -9.156439e-20    1.9120228e-19             1001                1
    -0.0077610342    5.9682414e-05     0.0092118932     0.0030216915    -0.0017615453   -0.00070147467    9.1093825e-31   -1.6021766e-19    -9.156439e-20    1.9120228e-19             1337                1
    -0.0084205316    1.1170667e-05     0.0085052513    0.00073757098   -0.00011682641   -0.00013111916    9.1093825e-31   -1.6021766e-19    -9.156439e-20    1.9120228e-19               58                0
    -0.0036176643    2.9075902e-06     0.0035626155    0.00081485993    -0.0020510075   -0.00052232773    9.1093825e-31   -1.6021766e-19    -9.156439e-20    1.9120228e-19             1405                1
    -0.0030589742     3.666072e-05    -0.0016276423   -0.00093126297     0.0055093416    -0.0018592387    9.1093825e-31   -1.6021766e-19    -9.156439e-20    1.9120228e-19             1502                1
     0.0042029619    6.6955807e-05     0.0011966595    -0.0015872087     0.0021693811    -0.0015089457    9.1093825e-31   -1.6021766e-19    -9.156439e-20    1.9120228e-19              118                0
     0.0062206099    8.4871695e-05     -0.011469046     0.0020593486    0.00013297869    0.00039756007    9.1093825e-31   -1.6021766e-19    -9.156439e-20    1.9120228e-19               51                0
    -0.0094624674     2.034651e-05    -0.0036625296    0.00052918668    0.00052770379    0.00042821802    9.1093825e-31   -1.6021766e-19    -9.156439e-20    1.9120228e-19              158                0
      0.007937653    9.8961595e-05     -0.014411819    -0.0015145751    0.00096628652    0.00023350245    9.1093825e-31   -1.6021766e-19    -9.156439e-20    1.9120228e-19              502                0
    -0.0034019379    6.9994981e-05    -0.0098997634    0.00070612843     -0.007536544   -9.6382319e-05    9.1093825e-31   -1.6021766e-19    -9.156439e-20    1.9120228e-19             1567                1
    -0.0037713151    8.2830687e-05    -0.0015890875     0.0017879237    -0.0082113072     0.0049485676    9.1093825e-31   -1.6021766e-19    -9.156439e-20    1.9120228e-19             1605                1
    -0.0011445404    5.1607254e-05     0.0066132355     0.0042117625     0.0086872242     0.0045650844    9.1093825e-31   -1.6021766e-19    -9.156439e-20    1.9120228e-19             1512                1
     0.0069078165    4.4780129e-05     -0.013617963   -0.00049350166    -0.0003179858    0.00094171648    9.1093825e-31   -1.6021766e-19    -9.156439e-20    1.9120228e-19              213                0
      0.003128622    2.5043371e-05      0.014170078    -0.0010191775     0.0097788544     0.0019917686    9.1093825e-31   -1.6021766e-19    -9.156439e-20    1.9120228e-19             1598                1
     0.0025717358     4.591544e-06      0.012237297   -0.00072784303    0.00041486882    0.00010805442    9.1093825e-31   -1.6021766e-19    -9.156439e-20    1.9120228e-19             1468                1
    -0.0061857947    7.5648233e-05    -0.0030151764     0.0021603615     0.0022050033   -0.00071769138    9.1093825e-31   -1.6021766e-19    -9.156439e-20    1.9120228e-19              318                0
     0.0027657875    5.1000079e-06    -0.0052605425    -0.0020596334    -0.0014863894     0.0030328035    9.1093825e-31   -1.6021766e-19    -9.156439e-20    1.9120228e-19             1341                1
     0.0055823103    8.4458734e-05      0.006693243     -0.002655312      0.001049825     0.0015930677    9.1093825e-31   -1.6021766e-19    -9.156439e-20    1.9120228e-19              358                0
     0.0017871226    6.7590001e-05     0.0028245142    -0.0011425475     0.0034061128     0.0010056596    9.1093825e-31   -1.6021766e-19    -9.156439e-20    1.9120228e-19              774                0
     0.0045897528    2.9790288e-05     0.0040486655   -0.00010068408    0.00069799053     0.0041152686    9.1093825e-31   -1.6021766e-19    -9.156439e-20    1.9120228e-19              562                0
    -0.0013099537    5.8527472e-05     0.0062478012     0.0022499906     0.0016378283    -0.0016046806    9.1093825e-31   -1.6021766e-19    -9.156439e-20    1.9120228e-19              876                0
    -0.0054193693    2.0856152e-05     -0.012249932   -0.00052082748    -0.0014165726   -0.00012541232    9.1093825e-31   -1.6021766e-19    -9.156439e-20    1.9120228e-19              438                0
   -0.00075993221    7.3240859e-05    -0.0081286738    0.00015861471     -0.006779423     -0.001249996    9.1093825e-31   -1.6021766e-19    -9.156439e-20    1.9120228e-19             1565                1
    -0.0030915034    8.6834269e-05     -0.010477321    0.00029652289    -0.0039225053    0.00087558938    9.1093825e-31   -1.6021766e-19    -9.156439e-20    1.9120228e-19             1552                1
    -0.0069266665    8.2960614e-05       0.01459097    -0.0024261847     0.0019825655    -0.0022776739    9.1093825e-31   -1.6021766e-19    -9.156439e-20    1.9120228e-19             1303                1
    -0.0089309439    5.5327368e-05    -0.0011463724    0.00077985926     0.0009148884    -0.0017874581    9.1093825e-31   -1.6021766e-19    -9.156439e-20    1.9120228e-19              518                0
     0.0039589899    4.4004129e-05    -0.0016412891    -0.0026045812     0.0066182059    0.00067437254    9.1093825e-31   -1.6021766e-19    -9.156439e-20    1.9120228e-19             1525                1
     0.0033307823    4.8519018e-05     0.0079744132   -0.00075946283    0.00048237562   -0.00054327131    9.1093825e-31   -1.6021766e-19    -9.156439e-20    1.9120228e-19              903                0
    -0.0085579399    2.5798923e-05       0.01011453     0.0010065498    8.4855295e-05    0.00071630464    9.1093825e-31   -1.6021766e-19    -9.156439e-20    1.9120228e-19              578                0
     0.0081178602    2.2501245e-05     -0.013406397     0.0023028881    -0.0011710584    0.00041573634    9.1093825e-31   -1.6021766e-19    -9.156439e-20    1.9120228e-19              598                0
     0.0081412485    2.5634416e-05      0.009597077     0.0017200649   -5.3555537e-05    0.00014745453    9.1093825e-31   -1.6021766e-19    -9.156439e-20    1.9120228e-19              618                0
     0.0020932781     1.494364e-05      0.014654742    0.00054335012     0.0057748635    -0.0020550394    9.1093825e-31   -1.6021766e-19    -9.156439e-20    1.9120228e-19             1597                1
    -0.0074625839    2.0493741e-05    -0.0089567713     0.0022195044    0.00018706222   -0.00017597516    9.1093825e-31   -1.6021766e-19    -9.156439e-20    1.9120228e-19              725                0
   -0.00017161612    5.5441501e-06    -0.0035251321    -0.0015060224     -0.010359994     0.0042339633    9.1093825e-31   -1.6021766e-19    -9.156439e-20    1.9120228e-19             1518                1
     0.0033623185    5.9231723e-05      0.012747404    -0.0015852427     0.0062473197    0.00077352894    9.1093825e-31   -1.6021766e-19    -9.156439e-20    1.9120228e-19             1498                1
    -0.0014451188      2.93552e-05     -0.012445331    -0.0040850453     -0.010813627    -0.0027370581    9.1093825e-31   -1.6021766e-19    -9.156439e-20    1.9120228e-19             1514                1
    -0.0092200534    7.2490599e-05     0.0017422895   -0.00052600732     0.0014295975     0.0032436089    9.1093825e-31   -1.6021766e-19    -9.156439e-20    1.9120228e-19              738                0
     0.0011203843    9.8272263e-05     0.0027720588    -0.0071465722      0.010926516    0.00059318671    9.1093825e-31   -1.6021766e-19    -9.156439e-20    1.9120228e-19             1457                1
    -0.0038180111    2.0693583e-06     0.0049987147    3.3088181e-05     0.0010868058    0.00099559536    9.1093825e-31   -1.6021766e-19    -9.156439e-20    1.9120228e-19              636                0
     0.0040622749    7.7469413e-05    -0.0069239326     0.0016837911    -0.0058142715    -0.0002514605    9.1093825e-31   -1.6021766e-19    -9.156439e-20    1.9120228e-19             1575                1
    0.00082847895    9.8927612e-06     0.0010605546    -0.0046812124   -9.1442605e-05     0.0061475383    9.1093825e-31   -1.6021766e-19    -9.156439e-20    1.9120228e-19             1345                1
    -0.0066486821    3.3979144e-05     0.0050135832   -0.00042621719    0.00075578614     0.0010689264    9.1093825e-31   -1.6021766e-19    -9.156439e-20    1.9120228e-19              573                0
     0.0066341418    6.2658408e-05     -0.011528092   -0.00016046202    0.00032597146    0.00042311478    9.1093825e-31   -1.6021766e-19    -9.156439e-20    1.9120228e-19              274                0
    -0.0056162444    7.8227444e-05     0.0079231095   -0.00080691802    0.00037303419   -0.00073223608    9.1093825e-31   -1.6021766e-19    -9.156439e-20    1.9120228e-19              878                0
   -0.00079433812    9.4039475e-05    -0.0026950897    0.00013840596    -0.0060863439   -0.00038146981    9.1093825e-31   -1.6021766e-19    -9.156439e-20    1.9120228e-19             1615                1
   -1.6660148e-05    8.0457748e-06     0.0038612792     0.0010056127     0.0017019614   -0.00086465816    9.1093825e-31   -1.6021766e-19    -9.156439e-20    1.9120228e-19              608                0
    0.00060163048    2.7392043e-05     -0.012567331    0.00044595872    -0.0012342788    0.00070493121    9.1093825e-31   -1.6021766e-19    -9.156439e-20    1.9120228e-19              136                0
     0.0040359246    6.4071032e-06    -0.0098500149    3.8197057e-05    -0.0011421836    -0.0010484421    9.1093825e-31   -1.6021766e-19    -9.156439e-20    1.9120228e-19              953                0
     -0.001285939    2.5968584e-06      0.010629501    -0.0013699797     0.0039643208    0.00092352071    9.1093825e-31   -1.6021766e-19    -9.156439e-20    1.9120228e-19             1618                1
     -0.006265285    3.0932257e-05     0.0055544502     -0.000807381    0.00073440321    -0.0027882433    9.1093825e-31   -1.6021766e-19    -9.156439e-20    1.9120228e-19              985                0
     0.0081476113    4.1242482e-05   -4.3330361e-05   -0.00049270544     0.0044091414    0.00051224767    9.1093825e-31   -1.6021766e-19    -9.156439e-20    1.9120228e-19             1487                1
     0.0076723802    7.2093659e-05    0.00060901744   -0.00057333685     0.0009622192     0.0012068802    9.1093825e-31   -1.6021766e-19    -9.156439e-20    1.9120228e-19              614                0
     0.0024626052    6.8270776e-05      0.012145602     0.0014112935   -0.00072063168    -0.0018257749    9.1093825e-31   -1.6021766e-19    -9.156439e-20    1.9120228e-19              693                0
     0.0040302705    5.8017511e-05     -0.011731449    -0.0010001987    -0.0079207933    0.00069153274    9.1093825e-31   -1.6021766e-19    -9.156439e-20    1.9120228e-19             1538                1
    9.7008968e-05    7.0263675e-05     -0.013362449   -7.9890735e-05    -0.0016047995    0.00029240106    9.1093825e-31   -1.6021766e-19    -9.156439e-20    1.9120228e-19               79                0
    -0.0050301957    7.4735013e-05      0.004537059    7.3029146e-06     0.0026455319    0.00061651279    9.1093825e-31   -1.6021766e-19    -9.156439e-20    1.9120228e-19              397                0
    -0.0060663549    8.4323532e-05     0.0029266463    0.00087041821     0.0015689171    -0.0011015234    9.1093825e-31   -1.6021766e-19    -9.156439e-20    1.9120228e-19              990                0
    -0.0071568061    1.0968794e-05    -0.0037049081   -0.00059160235     0.0009853543   -0.00069071457    9.1093825e-31   -1.6021766e-19    -9.156439e-20    1.9120228e-19              717                0
    0.00068285113    2.0225927e-05     0.0053663659   -5.6418936e-05     0.0058748461     -0.000674012    9.1093825e-31   -1.6021766e-19    -9.156439e-20    1.9120228e-19             1563                1
     -0.007492539    8.4306157e-05      0.011605744     0.0016621962   -9.3467657e-05    -0.0012445584    9.1093825e-31   -1.6021766e-19    -9.156439e-20    1.9120228e-19              179                0
     0.0029187917    9.1054841e-05      0.013863402     0.0004376565   -0.00067603344   -0.00043778846    9.1093825e-31   -1.6021766e-19    -9.156439e-20    1.9120228e-19              960                0
     0.0077031278    7.2750481e-05     0.0051168553    -0.0010357985    0.00067141245     0.0030265199    9.1093825e-31   -1.6021766e-19    -9.156439e-20    1.9120228e-19              219                0
     0.0016135109    9.0326066e-05    -0.0030927467     0.0010114274      0.010227006   -0.00080070354    9.1093825e-31   -1.6021766e-19    -9.156439e-20    1.9120228e-19             1497                1
    -0.0054929294    6.4188321e-06     0.0095189493    -0.0011033401     0.0061332569    -0.0021580164    9.1093825e-31   -1.6021766e-19    -9.156439e-20    1.9120228e-19             1614                1
    0.00014261427    9.7119788e-05      -0.00106595    0.00093903346    -0.0020235425    -0.0050195977    9.1093825e-31   -1.6021766e-19    -9.156439e-20    1.9120228e-19             1612                1
    -0.0026767338    5.9346548e-05     0.0070080389    -0.0017946879     0.0014233127   -0.00051511946    9.1093825e-31   -1.6021766e-19    -9.156439e-20    1.9120228e-19              299                0
     0.0077764886    1.4221308e-05     0.0037171515   -0.00091092393   -0.00018979936    0.00034576943    9.1093825e-31   -1.6021766e-19    -9.156439e-20    1.9120228e-19              731                0
      0.007857604    6.8517125e-05    -0.0018391181   -0.00020888208      0.005154667    0.00040437724    9.1093825e-31   -1.6021766e-19    -9.156439e-20    1.9120228e-19             1434                1
    -0.0090639666    3.1912965e-05     0.0022960412    -0.0022297448    0.00073375495    -0.0018361569    9.1093825e-31   -1.6021766e-19    -9.156439e-20    1.9120228e-19              978                0
    -0.0004261354    5.3182241e-05    -0.0077666105     0.0027095345    -0.0095703248    -0.0011510297    9.1093825e-31   -1.6021766e-19    -9.156439e-20    1.9120228e-19             1556                1
    -0.0093108388    7.4942695e-06    0.00085951516    -0.0027409804   -0.00093728997    -0.0011599017    9.1093825e-31   -1.6021766e-19    -9.156439e-20    1.9120228e-19              497                0
    -0.0090311943    6.7228582e-05     0.0023212298   -0.00065529742   -7.9190744e-05     0.0014006128    9.1093825e-31   -1.6021766e-19    -9.156439e-20    1.9120228e-19              874                0
   -0.00067163113    5.4511715e-05    -0.0082449242     0.0014253131    -0.0084325615    -0.0009977282    9.1093825e-31   -1.6021766e-19    -9.156439e-20    1.9120228e-19             1541                1
     0.0045516444    6.2866238e-05     0.0041037356    -0.0019108986     0.0065002809     0.0014851926    9.1093825e-31   -1.6021766e-19    -9.156439e-20    1.9120228e-19             1427                1
     0.0018857479    3.5802899e-05      0.010602371   -0.00076551124     0.0084809698     0.0011543044    9.1093825e-31   -1.6021766e-19    -9.156439e-20    1.9120228e-19             1562                1
     0.0075925933     2.395883e-05    -0.0051964973    0.00017930983    0.00017275356   -0.00083235878    9.1093825e-31   -1.6021766e-19    -9.156439e-20    1.9120228e-19              374                0
    0.00060274627    1.6886444e-05      0.009732279     0.0003520624     0.0067275353    0.00023476539    9.1093825e-31   -1.6021766e-19    -9.156439e-20    1.9120228e-19             1593                1
    -0.0034435398    3.7883136e-05    -0.0050054486   -0.00014050042     0.0013014735    2.6520542e-05    9.1093825e-31   -1.6021766e-19    -9.156439e-20    1.9120228e-19              746                0
     0.0022176562       1.9931e-05      0.013338709   -0.00069324812     0.0039270921    -0.0020221523    9.1093825e-31   -1.6021766e-19    -9.156439e-20    1.9120228e-19             1546                1
    -0.0032619401    8.1040307e-06    -0.0012178723    0.00041993987    -0.0008034521    0.00091400382    9.1093825e-31   -1.6021766e-19    -9.156439e-20    1.9120228e-19             1367                1
   -0.00079442264    9.5880925e-05    -0.0026948024    5.2970121e-05    -0.0042262031   -9.1278147e-05    9.1093825e-31   -1.6021766e-19    -9.156439e-20    1.9120228e-19             1616                1
    -0.0040059472    3.4232224e-05     0.0052431417   -0.00021101025     0.0073183691   -0.00064145698    9.1093825e-31   -1.6021766e-19    -9.156439e-20    1.9120228e-19             1547                1
     0.0094644185    3.0701445e-05    -0.0010759032    0.00052559999   -0.00064403407     0.0010616699    9.1093825e-31   -1.6021766e-19    -9.156439e-20    1.9120228e-19              328                0
     0.0027865805    6.9341353e-05    -0.0070300512     0.0066000456     -0.004351303    0.00062344573    9.1093825e-31   -1.6021766e-19    -9.156439e-20    1.9120228e-19             1515                1
     0.0081041306    9.5163778e-06    -0.0081866812    0.00056351261   -2.4854422e-05   -0.00061454228    9.1093825e-31   -1.6021766e-19    -9.156439e-20    1.9120228e-19              505                0
    -0.0017748633    5.6868863e-05     0.0039655948    -0.0013812102     0.0023734285    9.3311566e-05    9.1093825e-31   -1.6021766e-19    -9.156439e-20    1.9120228e-19              699                0
    -0.0082898904    3.6779827e-05      0.014577714    7.8479228e-05   -0.00027208225     0.0012158325    9.1093825e-31   -1.6021766e-19    -9.156439e-20    1.9120228e-19              719                0
     0.0073199654    7.4430623e-05     0.0058488129   -0.00064090156    0.00051544688     0.0019551232    9.1093825e-31   -1.6021766e-19    -9.156439e-20    1.9120228e-19              828                0
     0.0040346622    7.9278179e-06     0.0028254827   -0.00073365978     0.0019721363   -0.00081828522    9.1093825e-31   -1.6021766e-19    -9.156439e-20    1.9120228e-19              885                0
       0.00301253    8.3366263e-05     0.0017134449   -4.1877254e-05      0.010512361    3.0274301e-05    9.1093825e-31   -1.6021766e-19    -9.156439e-20    1.9120228e-19             1486                1
     0.0075829849    2.0058456e-05     -0.011945138     0.0017416573    -0.0012123797    0.00084856158    9.1093825e-31   -1.6021766e-19    -9.156439e-20    1.9120228e-19              799                0
    -0.0023912927     6.728273e-05     -0.014857738    -0.0011970771    -0.0021035413    0.00062990864    9.1093825e-31   -1.6021766e-19    -9.156439e-20    1.9120228e-19               27                0
    -0.0050353864    8.4106337e-05     -0.014812432   -0.00028200561    -0.0010958983    -0.0025994137    9.1093825e-31   -1.6021766e-19    -9.156439e-20    1.9120228e-19              839                0
    0.00037812124    7.5079202e-05    -0.0087925978     0.0032168771    -0.0056585879    0.00094811275    9.1093825e-31   -1.6021766e-19    -9.156439e-20    1.9120228e-19             1548                1
     0.0075441804    4.0511972e-05    -0.0099345157    0.00040700336   -0.00041882085   -0.00089853763    9.1093825e-31   -1.6021766e-19    -9.156439e-20    1.9120228e-19              786                0
    -0.0023820424    7.4685857e-05    -0.0021663115    -0.0026585441    -0.0036137146     0.0015914197    9.1093825e-31   -1.6021766e-19    -9.156439e-20    1.9120228e-19             1550                1
     0.0068256925     7.851782e-05     -0.014443426     0.0017981607    0.00032998514     0.0034306317    9.1093825e-31   -1.6021766e-19    -9.156439e-20    1.9120228e-19              918                0
      0.007693368     3.958289e-05    -0.0079199066   -3.6693987e-06     0.0023656804    -0.0028925361    9.1093825e-31   -1.6021766e-19    -9.156439e-20    1.9120228e-19             1401                1
     0.0053691478    2.7155918e-05     -0.011690453    0.00075108348   -0.00083353231     0.0026440902    9.1093825e-31   -1.6021766e-19    -9.156439e-20    1.9120228e-19              954                0
     0.0016510253    7.5158488e-05    -0.0037180944    -0.0037732641     0.0083125224      0.003544071    9.1093825e-31   -1.6021766e-19    -9.156439e-20    1.9120228e-19             1495                1
     0.0012786869    9.0200381e-05    -0.0033543168   -0.00013525749     -0.010000305   -0.00076986704    9.1093825e-31   -1.6021766e-19    -9.156439e-20    1.9120228e-19             1617                1
     0.0049217734    1.0449345e-05    0.00025461207   -0.00087069353     0.0021450664    0.00037756251    9.1093825e-31   -1.6021766e-19    -9.156439e-20    1.9120228e-19               63                0
    -0.0010809284    5.8620397e-05     0.0058067162     0.0063356403     0.0079214089     0.0032167851    9.1093825e-31   -1.6021766e-19    -9.156439e-20    1.9120228e-19             1472                1
    0.00069824298     6.724376e-05    -0.0040751938   -0.00025603498    -0.0047102855    0.00026438068    9.1093825e-31   -1.6021766e-19    -9.156439e-20    1.9120228e-19             1539                1
    -0.0017612576     4.606547e-05     0.0017584272     0.0053525865     0.0083126398     0.0017053048    9.1093825e-31   -1.6021766e-19    -9.156439e-20    1.9120228e-19             1531                1
      0.001794425    7.3707015e-05     -0.014410525    -0.0030020997    -0.0013460346   -0.00041472816    9.1093825e-31   -1.6021766e-19    -9.156439e-20    1.9120228e-19              983                0
     0.0012620275    9.3804301e-05     0.0025252157     0.0050731422    -0.0088040382     0.0016172648    9.1093825e-31   -1.6021766e-19    -9.156439e-20    1.9120228e-19             1619                1
     0.0031025046    9.4822921e-05    -0.0024151092    -0.0039718994     0.0096277026     0.0011597606    9.1093825e-31   -1.6021766e-19    -9.156439e-20    1.9120228e-19             1473                1
   -5.9691331e-05      7.37913e-05     0.0033918356     0.0010789246     0.0032391627     0.0010968475    9.1093825e-31   -1.6021766e-19    -9.156439e-20    1.9120228e-19              748                0
     0.0033510509    2.1504311e-05      0.012243095     -0.001316212    -0.0049065496     0.0043066493    9.1093825e-31   -1.6021766e-19    -9.156439e-20    1.9120228e-19             1319                1
    -0.0074887727    6.0865397e-05    -0.0048899483    -0.0028423064    0.00043480963    0.00034540336    9.1093825e-31   -1.6021766e-19    -9.156439e-20    1.9120228e-19              243                0
    -0.0052534165    2.0656416e-05       0.01368204     0.0032328391     0.0054119206    9.3664938e-05    9.1093825e-31   -1.6021766e-19    -9.156439e-20    1.9120228e-19             1582                1
    -0.0030898391    1.1081343e-05     0.0022742928    -0.0010411934     0.0025234206     0.0022463617    9.1093825e-31   -1.6021766e-19    -9.156439e-20    1.9120228e-19              512                0
    -0.0028338942    2.1368012e-05    0.00027602102    -0.0029293136     0.0029048077    -0.0029512774    9.1093825e-31   -1.6021766e-19    -9.156439e-20    1.9120228e-19              303                0
    -0.0092750946    1.8235326e-06     -0.011431712    0.00019267021    -0.0012145529   -0.00031161713    9.1093825e-31   -1.6021766e-19    -9.156439e-20    1.9120228e-19              323                0
     0.0067664762    9.4073199e-05      0.014707948    0.00068554631   -0.00029293093    -0.0033858845    9.1093825e-31   -1.6021766e-19    -9.156439e-20    1.9120228e-19              197                0
      0.004816778     8.553081e-05    -0.0017548729    0.00028938847     0.0073878183   -0.00053998607    9.1093825e-31   -1.6021766e-19    -9.156439e-20    1.9120228e-19             1403                1
    -0.0026605115    5.3112686e-05    -0.0081192916    0.00016820102    0.00096579397    0.00086927903    9.1093825e-31   -1.6021766e-19    -9.156439e-20    1.9120228e-19              217                0
     0.0044874744     7.332331e-05    -0.0020129781    0.00042866322    -0.0065704091    0.00046739841    9.1093825e-31   -1.6021766e-19    -9.156439e-20    1.9120228e-19             1584                1
    -0.0090328483    8.9647001e-05    -0.0016611593   -0.00063513184     0.0012247902    0.00069771794    9.1093825e-31   -1.6021766e-19    -9.156439e-20    1.9120228e-19              888                0
    -0.0082064401     8.228029e-05    -0.0084378012    9.0416826e-05     0.0016012759     0.0020297165    9.1093825e-31   -1.6021766e-19    -9.156439e-20    1.9120228e-19              443                0
    -0.0014886528    8.2066676e-05    -0.0087240664    -0.0032435535    -0.0089372825    0.00010512849    9.1093825e-31   -1.6021766e-19    -9.156439e-20    1.9120228e-19             1603                1
    7.6141769e-05    6.7394802e-05      -0.01206449    0.00032195903    -0.0001749793      0.003113128    9.1093825e-31   -1.6021766e-19    -9.156439e-20    1.9120228e-19              483                0
    -0.0090041151    1.3062376e-05      0.013782426     0.0013425885   -0.00046596504   -0.00050236983    9.1093825e-31   -1.6021766e-19    -9.156439e-20    1.9120228e-19              503                0
     0.0041621756    6.0204693e-05     -0.008707108    0.00075073144    -0.0091324067     0.0013513271    9.1093825e-31   -1.6021766e-19    -9.156439e-20    1.9120228e-19             1564                1
     0.0033782823    5.0820992e-05    -0.0017110276     0.0019187434     0.0069514322    -0.0016247449    9.1093825e-31   -1.6021766e-19    -9.156439e-20    1.9120228e-19             1506                1
     0.0058314456    2.4550138e-05    -0.0038695838     0.0032067604     0.0011105137   -0.00025724689    9.1093825e-31   -1.6021766e-19    -9.156439e-20    1.9120228e-19              807                0
   -0.00010646487    9.0971025e-06      0.013833972     0.0016858678     0.0054875845    0.00046577447    9.1093825e-31   -1.6021766e-19    -9.156439e-20    1.9120228e-19             1609                1
     0.0008847143    2.6910115e-05      0.007763165    -0.0017990537     0.0075810263   -0.00064044871    9.1093825e-31   -1.6021766e-19    -9.156439e-20    1.9120228e-19             1574                1
     -0.003966284    7.1823619e-05     -0.013327861    -0.0018600761    -0.0076721469    -0.0025498285    9.1093825e-31   -1.6021766e-19    -9.156439e-20    1.9120228e-19             1578                1
    -0.0040392722    3.7874695e-05      0.014748577   -0.00097297091    -0.0058551114    -0.0050598215    9.1093825e-31   -1.6021766e-19    -9.156439e-20    1.9120228e-19             1463                1
    0.00013361829    7.1672104e-05    -0.0011098285    -0.0023742474     -0.003185278    -0.0082451748    9.1093825e-31   -1.6021766e-19    -9.156439e-20    1.9120228e-19             1543                1
      0.001804514    1.0292382e-05     0.0070705819    -0.0052854451     0.0036690081     0.0046282518    9.1093825e-31   -1.6021766e-19    -9.156439e-20    1.9120228e-19             1467                1
     0.0022240074    5.5451746e-05     -0.014811419   -3.8794067e-05    -0.0095322747     0.0002512527    9.1093825e-31   -1.6021766e-19    -9.156439e-20    1.9120228e-19             1551                1
    -0.0090115163    7.2190873e-05    -0.0043709893    -0.0027696814    0.00068562385    0.00050326862    9.1093825e-31   -1.6021766e-19    -9.156439e-20    1.9120228e-19              723                0
     0.0027252992    9.8898912e-05    -0.0039985953   -0.00021095524    -0.0019275473     0.0027999908    9.1093825e-31   -1.6021766e-19    -9.156439e-20    1.9120228e-19             1620                1
     0.0018242344    4.0146708e-05      0.010569653    -0.0049718972     0.0068700607     0.0029291464    9.1093825e-31   -1.6021766e-19    -9.156439e-20    1.9120228e-19             1530                1
     0.0065834126     7.321289e-05     0.0055971956     0.0017078451     0.0019926219     0.0018567905    9.1093825e-31   -1.6021766e-19    -9.156439e-20    1.9120228e-19              782                0
     0.0087888185    9.4910974e-05      0.011937317    0.00051945966    0.00046643068     0.0014049109    9.1093825e-31   -1.6021766e-19    -9.156439e-20    1.9120228e-19              802                0
     0.0025413295    1.3294751e-05    0.00047165956     0.0037104785     0.0026636112     0.0012083774    9.1093825e-31   -1.6021766e-19    -9.156439e-20    1.9120228e-19              822                0
     0.0024204161      6.96874e-07      0.010116806   -0.00012006444      0.001348499     0.0007195145    9.1093825e-31   -1.6021766e-19    -9.156439e-20    1.9120228e-19             1621                1
    -0.0043153758    4.5899702e-05     -0.012180167    -0.0023840321    -0.0087078018    -0.0067772162    9.1093825e-31   -1.6021766e-19    -9.156439e-20    1.9120228e-19             1523                1
    -0.0026522151     4.740039e-05     0.0064997002    -0.0017391504     0.0017448498     0.0019390986    9.1093825e-31   -1.6021766e-19    -9.156439e-20    1.9120228e-19              288                0
    -0.0055433894     1.176668e-05     0.0063015493     0.0014847724    0.00064774288     0.0014962477    9.1093825e-31   -1.6021766e-19    -9.156439e-20    1.9120228e-19              902                0
    -0.0035660532    4.6753212e-05     0.0026327467     0.0011624014     0.0075809723     0.0019005458    9.1093825e-31   -1.6021766e-19    -9.156439e-20    1.9120228e-19             1510                1
    -0.0013660513    7.0358641e-05     -0.012388028    -0.0018336416    -0.0086788703    0.00075465022    9.1093825e-31   -1.6021766e-19    -9.156439e-20    1.9120228e-19             1583                1
    -0.0011670146    8.0837097e-05     0.0057004252     -0.002003399    -0.0068509672     -0.006213197    9.1093825e-31   -1.6021766e-19    -9.156439e-20    1.9120228e-19             1600                1
     0.0016188866    9.1377078e-05     0.0073971367   -0.00026552961     0.0095049087    0.00024854683    9.1093825e-31   -1.6021766e-19    -9.156439e-20    1.9120228e-19             1465                1
     0.0081228605    3.4797988e-05      0.014880329   -0.00070196565    -0.0010798144     0.0010859914    9.1093825e-31   -1.6021766e-19    -9.156439e-20    1.9120228e-19              986                0
    -0.0063359528    2.6003043e-05     0.0040020137    7.7847253e-05    0.00087289768    2.9437711e-05    9.1093825e-31   -1.6021766e-19    -9.156439e-20    1.9120228e-19              997                0
      0.006474012    3.9692903e-05    -0.0076781223     0.0022269106     0.0012584296     0.0016488062    9.1093825e-31   -1.6021766e-19    -9.156439e-20    1.9120228e-19                4                0
     0.0033160022    7.1595816e-05      0.014339654   -0.00024922073    -0.0010903361     0.0032744843    9.1093825e-31   -1.6021766e-19    -9.156439e-20    1.9120228e-19                7                0
    -0.0075258403    1.9788957e-05     0.0019038981   -0.00074810494   -7.2175666e-05    -0.0018025457    9.1093825e-31   -1.6021766e-19    -9.156439e-20    1.9120228e-19               12                0
     0.0053803399    4.2625528e-05     0.0019066061    0.00054558349     0.0017649571     0.0025732126    9.1093825e-31   -1.6021766e-19    -9.156439e-20    1.9120228e-19               20                0
    -0.0064155851    4.0767696e-05     -0.002069663    -0.0001013759     0.0015937607    0.00093397475    9.1093825e-31   -1.6021766e-19    -9.156439e-20    1.9120228e-19               32                0
     0.0088408887    1.4525451e-05    -0.0075918189   -0.00035415913   -0.00057510042    0.00040074534    9.1093825e-31   -1.6021766e-19    -9.156439e-20    1.9120228e-19               52                0
    -0.0010077868    6.4473781e-05     0.0060480423     0.0016675541        0.0114151   -0.00032746507    9.1093825e-31   -1.6021766e-19    -9.156439e-20    1.9120228e-19             1534                1
     0.0092664389    6.7654764e-05      0.012591939     0.0010769737    0.00048265728   -0.00051272678    9.1093825e-31   -1.6021766e-19    -9.156439e-20    1.9120228e-19              812                0
     0.0018290473    1.7015866e-05    -0.0019649516   -3.2164016e-06    0.00017044567     0.0021400184    9.1093825e-31   -1.6021766e-19    -9.156439e-20    1.9120228e-19             1334                1
    -0.0065616788    3.0784475e-05    -0.0087203681    0.00094038382    0.00058080995    -0.0013281682    9.1093825e-31   -1.6021766e-19    -9.156439e-20    1.9120228e-19              132                0
    -0.0055018887    2.9329809e-05     -0.014729593     0.0017698294    -0.0018278653   -0.00097415567    9.1093825e-31   -1.6021766e-19    -9.156439e-20    1.9120228e-19              152                0
    -0.0079960534    1.3038974e-05     0.0026595069    -0.0011402202    -0.0014008771     0.0006458009    9.1093825e-31   -1.6021766e-19    -9.156439e-20    1.9120228e-19             1168                1
    -0.0094419047    9.2860064e-05    -0.0066679292    0.00040406268    0.00027242233       0.00041479    9.1093825e-31   -1.6021766e-19    -9.156439e-20    1.9120228e-19              192                0
    -0.0092414049    3.0835854e-05    -0.0018746298     0.0011831691    0.00024364781   -0.00095278217    9.1093825e-31   -1.6021766e-19    -9.156439e-20    1.9120228e-19              212                0
    -0.0089487704    4.9248327e-05      0.010374096     0.0017706351    -0.0024804422   -0.00055963156    9.1093825e-31   -1.6021766e-19    -9.156439e-20    1.9120228e-19             1370                1
   -0.00068163156     7.594924e-05    -0.0078167766     0.0006506049    -0.0057525295     -0.001878264    9.1093825e-31   -1.6021766e-19    -9.156439e-20    1.9120228e-19             1560                1
      0.009208912    6.2584782e-05    0.00092340895     0.0014051027    3.6461945e-05   -0.00017855954    9.1093825e-31   -1.6021766e-19    -9.156439e-20    1.9120228e-19              637                0
    7.2681876e-05     4.831375e-06     0.0033281825     0.0024716049     0.0017472291    -0.0010233698    9.1093825e-31   -1.6021766e-19    -9.156439e-20    1.9120228e-19              173                0
