%  ASCII export : 
%
%  Momentum is normalized to the product of particle's mass and speed of light.
%  All other quantities are in SI units.
%
%            posX             posY             posZ             momX             momY             momZ             mass           charge     macro-charge             time       particleID         sourceID

    0.00044335044     9.594029e-05      0.012868734   -0.00098145695    -0.0036218821    -0.0035519693    9.1093825e-31   -1.6021766e-19    -9.156439e-20    2.4568996e-19             1811                1
      0.003533589    7.8342928e-05     -0.013928455     0.0014746487     0.0029345611   -0.00017310545    9.1093825e-31   -1.6021766e-19    -9.156439e-20    2.4568996e-19                3                0
    -0.0089993207      3.09592e-05    -0.0088639939     0.0015382946   -0.00072705082   -0.00056517974    9.1093825e-31   -1.6021766e-19    -9.156439e-20    2.4568996e-19                5                0
    -0.0025920062    3.7642472e-05    9.1388254e-05   -0.00027963024     -0.003293829   -0.00056003808    9.1093825e-31   -1.6021766e-19    -9.156439e-20    2.4568996e-19              348                0
    -0.0093066907    4.5129444e-05    -0.0044776769     0.0020739655   -0.00088512548    0.00085999025    9.1093825e-31   -1.6021766e-19    -9.156439e-20    2.4568996e-19             1002                1
      0.003359247    2.1003922e-05     0.0078682574   -0.00070081669    -0.0043527391     0.0028081161    9.1093825e-31   -1.6021766e-19    -9.156439e-20    2.4568996e-19             1435                1
    -0.0063347393    2.7708633e-05     0.0040024985    7.0881775e-05    -0.0020196643    3.0600422e-05    9.1093825e-31   -1.6021766e-19    -9.156439e-20    2.4568996e-19              997                0
   -0.00067463308    4.7865924e-05     -0.012130328    0.00043307649     0.0023356173    -0.0011833275    9.1093825e-31   -1.6021766e-19    -9.156439e-20    2.4568996e-19               55                0
     0.0063726418    2.4724346e-05      0.014270007   -0.00056301098    0.00028715027    0.00091615261    9.1093825e-31   -1.6021766e-19    -9.156439e-20    2.4568996e-19              171                0
     0.0026019907    4.6728683e-06    0.00049139245     0.0037175717    -0.0033677751     0.0012098734    9.1093825e-31   -1.6021766e-19    -9.156439e-20    2.4568996e-19              822                0
     0.0044520516     4.407997e-05     0.0052810861    -0.0005834077    -0.0024957508   -0.00038289482    9.1093825e-31   -1.6021766e-19    -9.156439e-20    2.4568996e-19              154                0
     0.0065147826    6.3801272e-05     -0.013403832      0.001408027     0.0015184794     0.0013953007    9.1093825e-31   -1.6021766e-19    -9.156439e-20    2.4568996e-19              488                0
     0.0019621865    9.7879951e-05     -0.012604413    0.00050946313      0.013601202    9.7227006e-05    9.1093825e-31   -1.6021766e-19    -9.156439e-20    2.4568996e-19             1718                1
    0.00039709598    1.4571477e-05      0.012825245    -0.0038596382    -0.0093245581    -0.0063083624    9.1093825e-31   -1.6021766e-19    -9.156439e-20    2.4568996e-19             1663                1
   -0.00076696597    3.5164314e-05     -0.002717084     0.0043669697     0.0068494091    -0.0030661947    9.1093825e-31   -1.6021766e-19    -9.156439e-20    2.4568996e-19             1774                1
     0.0082542552     9.301928e-06   -0.00072302966    4.4200937e-05    -0.0017446846    -0.0015461243    9.1093825e-31   -1.6021766e-19    -9.156439e-20    2.4568996e-19              193                0
     0.0079045435    9.1532856e-05     0.0077075753    0.00046797318    0.00011601113    -0.0015610507    9.1093825e-31   -1.6021766e-19    -9.156439e-20    2.4568996e-19              235                0
      0.008056744    2.6622307e-05     0.0086024078    -0.0021811936   -0.00089988759   -0.00020124504    9.1093825e-31   -1.6021766e-19    -9.156439e-20    2.4568996e-19              961                0
     0.0086698178    2.3771241e-05    0.00016727841     0.0020812771   -0.00072655029    0.00017331769    9.1093825e-31   -1.6021766e-19    -9.156439e-20    2.4568996e-19              386                0
    -0.0030492439     3.955228e-05     -0.010444059     0.0042744782     0.0066489382   -0.00032826149    9.1093825e-31   -1.6021766e-19    -9.156439e-20    2.4568996e-19             1682                1
    -0.0051684594    9.5705873e-06     -0.014027773    -0.0021253624     0.0012849772    -0.0013930795    9.1093825e-31   -1.6021766e-19    -9.156439e-20    2.4568996e-19              293                0
    -0.0039353687      7.35016e-05     -0.013175046   -0.00037855515      0.003180383    -0.0020513823    9.1093825e-31   -1.6021766e-19    -9.156439e-20    2.4568996e-19              645                0
    -0.0052721701    7.9430378e-05     0.0089637041     0.0014930271    -0.0014423735   -0.00043863899    9.1093825e-31   -1.6021766e-19    -9.156439e-20    2.4568996e-19              355                0
     0.0076935347    4.2197393e-05     -0.011914172   -0.00083667907    0.00044552077    0.00070914079    9.1093825e-31   -1.6021766e-19    -9.156439e-20    2.4568996e-19              451                0
    -0.0067607583    1.9657426e-05      0.011553371     0.0022842037   -0.00041524865    -0.0018213512    9.1093825e-31   -1.6021766e-19    -9.156439e-20    2.4568996e-19              716                0
    -0.0064172945    3.2733729e-05    -0.0020544117   -0.00010914987    -0.0013048905    0.00093368295    9.1093825e-31   -1.6021766e-19    -9.156439e-20    2.4568996e-19               32                0
     0.0033815443    8.6717177e-05      0.012734237    -0.0038767289     -0.004988716    0.00014767218    9.1093825e-31   -1.6021766e-19    -9.156439e-20    2.4568996e-19             1799                1
     0.0083075706    3.3153246e-05    0.00065464264    -0.0016643819   -0.00077604403   -0.00062164676    9.1093825e-31   -1.6021766e-19    -9.156439e-20    2.4568996e-19              455                0
     0.0058769779    2.3926908e-05     0.0030106814   -0.00041032088    -0.0025809947   -3.8192329e-06    9.1093825e-31   -1.6021766e-19    -9.156439e-20    2.4568996e-19              475                0
    -0.0034942152    9.7106771e-05    -0.0064274329    -0.0015653442     0.0030975111   -0.00019176262    9.1093825e-31   -1.6021766e-19    -9.156439e-20    2.4568996e-19             1466                1
    -0.0011867444    4.1012034e-05    -0.0041400217     0.0013458665      0.011438381    -0.0023872503    9.1093825e-31   -1.6021766e-19    -9.156439e-20    2.4568996e-19             1796                1
      0.005150897    2.4799989e-05    -0.0021577838    0.00082504586    -0.0023951109     0.0019334167    9.1093825e-31   -1.6021766e-19    -9.156439e-20    2.4568996e-19              535                0
    -0.0013564249    8.7004402e-05    -0.0081190318   -0.00081534544      0.012979973     0.0024380854    9.1093825e-31   -1.6021766e-19    -9.156439e-20    2.4568996e-19             1736                1
    -0.0049486514     3.368219e-05     -0.010764252    -0.0047337618     0.0055434648     0.0012117177    9.1093825e-31   -1.6021766e-19    -9.156439e-20    2.4568996e-19             1690                1
    -0.0015884435    5.9537098e-05      0.010695461    -0.0039367056    -0.0075449422    -0.0040188204    9.1093825e-31   -1.6021766e-19    -9.156439e-20    2.4568996e-19             1739                1
    -0.0055192038     2.286069e-05     0.0063259997      0.001477577    -0.0019316263     0.0014974024    9.1093825e-31   -1.6021766e-19    -9.156439e-20    2.4568996e-19              902                0
    0.00011305702    1.0253342e-06     0.0033114848     0.0024718661    -0.0043709632    -0.0010177892    9.1093825e-31   -1.6021766e-19    -9.156439e-20    2.4568996e-19              173                0
    7.8368364e-05    2.0862824e-05    -0.0011927338    -0.0059264014     0.0049885409     0.0028102815    9.1093825e-31   -1.6021766e-19    -9.156439e-20    2.4568996e-19             1787                1
    -0.0050690919    8.2426865e-05     -0.001827249     0.0008207931   -0.00016421068    -0.0020142284    9.1093825e-31   -1.6021766e-19    -9.156439e-20    2.4568996e-19             1206                1
    -0.0067231944    3.1105574e-05     0.0039708507     0.0030980769    -0.0016418557    -0.0015914183    9.1093825e-31   -1.6021766e-19    -9.156439e-20    2.4568996e-19              695                0
     0.0069992007    1.3208753e-05     0.0080862558    0.00093392213     0.0011601822    -0.0005550622    9.1093825e-31   -1.6021766e-19    -9.156439e-20    2.4568996e-19             1763                1
     0.0050592446    9.6897871e-05     0.0071608773   -0.00022210136   -0.00085508928     0.0036260064    9.1093825e-31   -1.6021766e-19    -9.156439e-20    2.4568996e-19              847                0
     0.0065104202    3.3455217e-05    -0.0076511945     0.0022309378    0.00062944286     0.0016483954    9.1093825e-31   -1.6021766e-19    -9.156439e-20    2.4568996e-19                4                0
     0.0031211847      1.04521e-05      0.014179577   -9.9740333e-05     -0.010620456   -0.00032539625    9.1093825e-31   -1.6021766e-19    -9.156439e-20    2.4568996e-19             1707                1
    -0.0044516781    6.6006061e-05      0.012078117    0.00010282347    0.00088670879   -0.00014741726    9.1093825e-31   -1.6021766e-19    -9.156439e-20    2.4568996e-19             1316                1
    -0.0061340621    2.1313626e-05     -0.011997582    1.4813529e-05     0.0010148446    -0.0013670924    9.1093825e-31   -1.6021766e-19    -9.156439e-20    2.4568996e-19              385                0
    -0.0021434131     5.341844e-05     0.0062080054   -0.00011329998     -0.009585456     0.0031653903    9.1093825e-31   -1.6021766e-19    -9.156439e-20    2.4568996e-19             1772                1
    -0.0053165569    6.3147468e-06     0.0049243816    -0.0010808696    -0.0034999456   -0.00049077492    9.1093825e-31   -1.6021766e-19    -9.156439e-20    2.4568996e-19              248                0
    -0.0011993637    3.3908414e-05     0.0046313968     0.0014575933     -0.003905009     0.0014680184    9.1093825e-31   -1.6021766e-19    -9.156439e-20    2.4568996e-19              968                0
    -0.0051045255    7.8514931e-05      0.006088872    -0.0010663975    -0.0016497895     0.0012492066    9.1093825e-31   -1.6021766e-19    -9.156439e-20    2.4568996e-19              895                0
   -2.5993791e-05    1.8083207e-05     0.0043795481    0.00088710233     0.0069010956   -0.00094778743    9.1093825e-31   -1.6021766e-19    -9.156439e-20    2.4568996e-19             1804                1
     0.0061532054    2.9133093e-05      0.004812655    -0.0011203029    -0.0016987032    0.00066433504    9.1093825e-31   -1.6021766e-19    -9.156439e-20    2.4568996e-19              751                0
     0.0075156181    9.1930751e-06    -0.0091326199   -0.00070968847    3.4849516e-05    0.00033156661    9.1093825e-31   -1.6021766e-19    -9.156439e-20    2.4568996e-19               10                0
    -0.0059372513    3.4847353e-06     0.0018345214    3.8866001e-05    -0.0030273409     0.0019872012    9.1093825e-31   -1.6021766e-19    -9.156439e-20    2.4568996e-19              832                0
   -0.00085727457    3.9607741e-05    -0.0058615687   -0.00082228164     0.0069172601    -0.0094866836    9.1093825e-31   -1.6021766e-19    -9.156439e-20    2.4568996e-19             1743                1
    -0.0073475372    6.7626373e-05    -0.0069895941    -0.0011546551   -0.00012455971    -0.0026723107    9.1093825e-31   -1.6021766e-19    -9.156439e-20    2.4568996e-19              532                0
     -0.003787694    2.4839004e-05      0.011553978    -0.0006139942     -0.010179269   -0.00075755536    9.1093825e-31   -1.6021766e-19    -9.156439e-20    2.4568996e-19             1713                1
    -0.0045741596    4.5842226e-05     0.0036523452    1.2081085e-05    -0.0070712748   -0.00055133464    9.1093825e-31   -1.6021766e-19    -9.156439e-20    2.4568996e-19             1681                1
     0.0011001691    6.6973837e-05     -0.009263332    -0.0034871993       0.01066376    -0.0034555953    9.1093825e-31   -1.6021766e-19    -9.156439e-20    2.4568996e-19             1730                1
     0.0047715656    3.6992369e-05    -0.0034313286    0.00016265654     0.0082488628    8.6647247e-05    9.1093825e-31   -1.6021766e-19    -9.156439e-20    2.4568996e-19             1784                1
     0.0033522483    1.9057728e-05       0.01272243   -0.00017738398    -0.0093355877    -0.0026046827    9.1093825e-31   -1.6021766e-19    -9.156439e-20    2.4568996e-19             1684                1
    -0.0012888296    9.9993613e-06     0.0027779108    -0.0016799751    -0.0039696596   -0.00062654685    9.1093825e-31   -1.6021766e-19    -9.156439e-20    2.4568996e-19               96                0
     0.0018849283    7.1086433e-05      0.012035491     0.0028026504    -0.0052641467   -0.00051457307    9.1093825e-31   -1.6021766e-19    -9.156439e-20    2.4568996e-19             1692                1
     0.0035758903    7.9248493e-05     0.0012144779    0.00091061211    -0.0019047126   -0.00025600498    9.1093825e-31   -1.6021766e-19    -9.156439e-20    2.4568996e-19              201                0
     -0.001026817    2.8763534e-05     0.0058370493     0.0021580171    -0.0097193597     0.0013544484    9.1093825e-31   -1.6021766e-19    -9.156439e-20    2.4568996e-19             1670                1
    -0.0026806961    7.8740464e-05     0.0065313973     -0.001746194    -0.0019192271     0.0019393314    9.1093825e-31   -1.6021766e-19    -9.156439e-20    2.4568996e-19              288                0
     0.0061528524    5.9935672e-05     -0.014194909     0.0010245417     0.0023878065   -0.00096706627    9.1093825e-31   -1.6021766e-19    -9.156439e-20    2.4568996e-19              365                0
    0.00045185388    8.0464406e-06    -0.0073786406    -0.0021376142      0.003733706    -0.0070812218    9.1093825e-31   -1.6021766e-19    -9.156439e-20    2.4568996e-19             1801                1
    -0.0086372821    8.8718425e-06     -0.012893453   -0.00016842662   -0.00013219677    -0.0017666839    9.1093825e-31   -1.6021766e-19    -9.156439e-20    2.4568996e-19              301                0
    -0.0050654882    2.2137187e-05     0.0089277858    -0.0021699285    -0.0019670634    5.5553545e-07    9.1093825e-31   -1.6021766e-19    -9.156439e-20    2.4568996e-19              662                0
    -0.0075496626    5.5369099e-05    0.00087845646     0.0014797938    0.00063597353    0.00067992019    9.1093825e-31   -1.6021766e-19    -9.156439e-20    2.4568996e-19             1389                1
    -0.0075380709    3.6993608e-06     0.0018744632   -0.00075305381    -0.0021865182    -0.0018008843    9.1093825e-31   -1.6021766e-19    -9.156439e-20    2.4568996e-19               12                0
      0.001321395    4.5623001e-05      0.011378233    -0.0039395001    -0.0080397585     0.0033876267    9.1093825e-31   -1.6021766e-19    -9.156439e-20    2.4568996e-19             1695                1
     -0.004309014     7.001924e-05     0.0060520177     0.0016034938     -0.002286633    -0.0007825846    9.1093825e-31   -1.6021766e-19    -9.156439e-20    2.4568996e-19              628                0
     0.0065751313    5.0910836e-05     0.0057111271    0.00043550381    -0.0020988032   -0.00062697614    9.1093825e-31   -1.6021766e-19    -9.156439e-20    2.4568996e-19              420                0
     0.0014662775    4.0253206e-05    -0.0089196302    0.00011644858     0.0067042466    0.00033069012    9.1093825e-31   -1.6021766e-19    -9.156439e-20    2.4568996e-19             1677                1
   -0.00064668409    6.5890781e-05    -0.0083114412    0.00095975515     0.0085797207    -0.0068185856    9.1093825e-31   -1.6021766e-19    -9.156439e-20    2.4568996e-19             1668                1
   -0.00078124419    3.4412664e-05    -0.0027526843     0.0019631938     0.0067345058    -0.0090600206    9.1093825e-31   -1.6021766e-19    -9.156439e-20    2.4568996e-19             1773                1
    -0.0013147976    5.9161237e-05     -0.014164032   -0.00045041155     0.0094177974     0.0049912743    9.1093825e-31   -1.6021766e-19    -9.156439e-20    2.4568996e-19             1728                1
    -0.0067028734    6.0198196e-05    -0.0032420454     0.0011366633   -0.00023036383    0.00097627955    9.1093825e-31   -1.6021766e-19    -9.156439e-20    2.4568996e-19              984                0
    0.00045582574    5.2125386e-05    0.00022583168   -0.00072246802     0.0051535005    0.00019111842    9.1093825e-31   -1.6021766e-19    -9.156439e-20    2.4568996e-19             1727                1
    -0.0016016734    9.5880328e-05     -0.011189541     0.0051174541      0.011368288    -0.0024578827    9.1093825e-31   -1.6021766e-19    -9.156439e-20    2.4568996e-19             1658                1
     0.0052608489    5.3461023e-05     0.0064449427      0.001084628    -0.0022090813   -0.00040072191    9.1093825e-31   -1.6021766e-19    -9.156439e-20    2.4568996e-19              580                0
    -0.0024467714    1.8153376e-05    -0.0021629203    -0.0040042987     0.0048578284     0.0021278979    9.1093825e-31   -1.6021766e-19    -9.156439e-20    2.4568996e-19             1790                1
       0.00845512    3.3845728e-05     -0.012753661    -0.0022364808    0.00089002313     0.0022225212    9.1093825e-31   -1.6021766e-19    -9.156439e-20    2.4568996e-19              586                0
     0.0015529969    7.2043986e-05     -0.012934115    -0.0003702348      0.010301852   -0.00054885831    9.1093825e-31   -1.6021766e-19    -9.156439e-20    2.4568996e-19             1698                1
    -0.0050871433     4.103165e-05    -0.0051634451     0.0010553673   -0.00049963314   -0.00094710221    9.1093825e-31   -1.6021766e-19    -9.156439e-20    2.4568996e-19              660                0
     0.0089370599    6.8442168e-05     0.0048167878   -0.00079589797    0.00075642864     0.0014982522    9.1093825e-31   -1.6021766e-19    -9.156439e-20    2.4568996e-19             1080                1
    -0.0077912197     4.235236e-05       0.01093809    0.00063059118   -0.00036653373     0.0015231803    9.1093825e-31   -1.6021766e-19    -9.156439e-20    2.4568996e-19              652                0
     0.0020832475    3.9904604e-05      0.014634881    -0.0023017484     -0.010596322   -3.2688375e-05    9.1093825e-31   -1.6021766e-19    -9.156439e-20    2.4568996e-19             1760                1
     0.0012444932    7.3192477e-06     0.0025511305     -0.010759833    0.00017175043     0.0015329426    9.1093825e-31   -1.6021766e-19    -9.156439e-20    2.4568996e-19             1764                1
    -0.0089948485    1.4395929e-05     0.0015195598    -0.0022060887   -0.00068418466    0.00013334941    9.1093825e-31   -1.6021766e-19    -9.156439e-20    2.4568996e-19              760                0
     0.0018491127    5.2587446e-05      0.012038592   -0.00054801349     -0.006995732   -0.00022142933    9.1093825e-31   -1.6021766e-19    -9.156439e-20    2.4568996e-19             1691                1
    -0.0045237425    5.4511424e-05     0.0065456466    -0.0014027691    -0.0076924292   -0.00073444418    9.1093825e-31   -1.6021766e-19    -9.156439e-20    2.4568996e-19             1746                1
     0.0024097541    5.1999996e-05    -0.0092615634    -0.0011098839     0.0078966534    -0.0040426929    9.1093825e-31   -1.6021766e-19    -9.156439e-20    2.4568996e-19             1694                1
      0.005858737    6.9090078e-05    -0.0074642175   -0.00013599447    0.00081278046   -0.00093664788    9.1093825e-31   -1.6021766e-19    -9.156439e-20    2.4568996e-19              840                0
     0.0030242952      3.61079e-05    -0.0056402548    -0.0017359199   -0.00091944198    1.1760759e-05    9.1093825e-31   -1.6021766e-19    -9.156439e-20    2.4568996e-19              860                0
    -0.0039098938    4.7968069e-06    -0.0020519458   -6.5605409e-06    -0.0025904602   -0.00049934693    9.1093825e-31   -1.6021766e-19    -9.156439e-20    2.4568996e-19              880                0
    -0.0032281752    3.2934753e-05     -0.012463565   -0.00084859907     0.0021571799    -0.0015402891    9.1093825e-31   -1.6021766e-19    -9.156439e-20    2.4568996e-19              900                0
    -0.0065463628    1.7849903e-05    -0.0087420605    0.00093482772    0.00049957534    -0.0013282034    9.1093825e-31   -1.6021766e-19    -9.156439e-20    2.4568996e-19              132                0
     0.0018120769    7.7699806e-06      0.010660063     0.0020617275     -0.012319189     0.0072904471    9.1093825e-31   -1.6021766e-19    -9.156439e-20    2.4568996e-19             1709                1
    -0.0072994777    3.5936308e-05    -0.0026962596    0.00063445809    -0.0001552739    0.00067802751    9.1093825e-31   -1.6021766e-19    -9.156439e-20    2.4568996e-19             1012                1
    -0.0037053223    3.4627741e-05    0.00037250458     -0.001319036    -0.0030223948     0.0026043802    9.1093825e-31   -1.6021766e-19    -9.156439e-20    2.4568996e-19              893                0
     0.0075353901    3.7089751e-05     -0.012950564     0.0023659687     0.0010232355    -0.0017000389    9.1093825e-31   -1.6021766e-19    -9.156439e-20    2.4568996e-19              311                0
    -0.0069435192    2.6000493e-05    -0.0077855634    -0.0012780697   -0.00015064511    0.00055268017    9.1093825e-31   -1.6021766e-19    -9.156439e-20    2.4568996e-19              791                0
    -0.0041025206    6.3071595e-05    -0.0096400511     0.0010484239     0.0091053136     0.0053928825    9.1093825e-31   -1.6021766e-19    -9.156439e-20    2.4568996e-19             1712                1
    -0.0030270882    1.4753819e-05     0.0050930385   -0.00023989839    -0.0031094132    -0.0012192008    9.1093825e-31   -1.6021766e-19    -9.156439e-20    2.4568996e-19              110                0
     0.0023104292    3.2940748e-05   -5.6777782e-05     0.0017073945     0.0060179136   -0.00050331932    9.1093825e-31   -1.6021766e-19    -9.156439e-20    2.4568996e-19             1779                1
     0.0011580487    7.4076444e-05    -0.0067276098     0.0011008262     0.0075740619     0.0022850074    9.1093825e-31   -1.6021766e-19    -9.156439e-20    2.4568996e-19             1649                1
    -0.0062062666    1.8673234e-05     0.0028822105    4.4048742e-05    -0.0019156189   -0.00011795574    9.1093825e-31   -1.6021766e-19    -9.156439e-20    2.4568996e-19              677                0
    0.00063725642    4.1329975e-05     0.0097761434     0.0041759345     -0.010491712     0.0055546714    9.1093825e-31   -1.6021766e-19    -9.156439e-20    2.4568996e-19             1752                1
    -0.0084758792    5.6132376e-05    -0.0047903988    0.00033535968    0.00021564421   -0.00011258467    9.1093825e-31   -1.6021766e-19    -9.156439e-20    2.4568996e-19              210                0
    -0.0010274417     2.726552e-05    -0.0058896048     0.0057784151     0.0052888109     0.0052252393    9.1093825e-31   -1.6021766e-19    -9.156439e-20    2.4568996e-19             1738                1
      0.007922342    5.8604433e-05     0.0084109567   -0.00032305409   -0.00056067941     0.0012621784    9.1093825e-31   -1.6021766e-19    -9.156439e-20    2.4568996e-19              254                0
     0.0059035448    6.9295085e-05     0.0044773039   -0.00064430822    -0.0020298855    -0.0008800475    9.1093825e-31   -1.6021766e-19    -9.156439e-20    2.4568996e-19              270                0
     0.0092840614    8.2092731e-05      0.012583568     0.0010816731    0.00070250896   -0.00051263231    9.1093825e-31   -1.6021766e-19    -9.156439e-20    2.4568996e-19              812                0
     0.0089174146    2.4542518e-05     -0.013921768   -0.00069717318   -0.00051443232    0.00016453244    9.1093825e-31   -1.6021766e-19    -9.156439e-20    2.4568996e-19              310                0
       0.00783257    1.2164443e-05     -0.011322726    0.00020488397   -0.00043884819    0.00046783438    9.1093825e-31   -1.6021766e-19    -9.156439e-20    2.4568996e-19              407                0
    -0.0037273478    4.6802648e-05    -0.0015393553       0.00365032     0.0061406819     0.0010124473    9.1093825e-31   -1.6021766e-19    -9.156439e-20    2.4568996e-19             1747                1
    -0.0075279064    4.0940726e-05     -0.012131411    -0.0011414154     0.0013900383     -0.001203857    9.1093825e-31   -1.6021766e-19    -9.156439e-20    2.4568996e-19              673                0
      0.008943595    7.6672048e-05     0.0060926345    -0.0014446985    0.00048808765    0.00046888689    9.1093825e-31   -1.6021766e-19    -9.156439e-20    2.4568996e-19              390                0
      0.008521406    2.1655691e-05      0.010218731    0.00026013155   -0.00037707045   -9.2325463e-05    9.1093825e-31   -1.6021766e-19    -9.156439e-20    2.4568996e-19              410                0
     0.0022908591    4.5128872e-05   -5.3197251e-05    -0.0018238697     0.0082140081    0.00014264631    9.1093825e-31   -1.6021766e-19    -9.156439e-20    2.4568996e-19             1778                1
    -0.0013606969    8.9992165e-05      -0.01255691     0.0068787499      0.010542071    -0.0075897253    9.1093825e-31   -1.6021766e-19    -9.156439e-20    2.4568996e-19             1648                1
   -3.5447039e-05    8.5001404e-05      0.014562299   -5.6261779e-05     0.0043804762    0.00013854477    9.1093825e-31   -1.6021766e-19    -9.156439e-20    2.4568996e-19             1500                1
     0.0044488958     4.395725e-05     -0.013480257    0.00049273908    0.00015851727   -6.9494068e-05    9.1093825e-31   -1.6021766e-19    -9.156439e-20    2.4568996e-19             1596                1
    -0.0087395636    8.2463208e-05     0.0050106603    -0.0012680924     0.0003961348     0.0016877311    9.1093825e-31   -1.6021766e-19    -9.156439e-20    2.4568996e-19              510                0
    -0.0094353147    9.0549787e-05    -0.0066611539    0.00040267195    1.8448263e-05    0.00041476375    9.1093825e-31   -1.6021766e-19    -9.156439e-20    2.4568996e-19              192                0
    -0.0042070393    4.2258886e-05    -0.0097989412     0.0011293311     0.0061909668   -0.00078857341    9.1093825e-31   -1.6021766e-19    -9.156439e-20    2.4568996e-19             1664                1
     0.0090609677     1.460573e-05     -0.012576269    -0.0025037129   -0.00060006592    -0.0020288201    9.1093825e-31   -1.6021766e-19    -9.156439e-20    2.4568996e-19              747                0
     0.0033080017    6.1320956e-05     0.0092489263    -0.0024451918    -0.0084752124   -0.00044681705    9.1093825e-31   -1.6021766e-19    -9.156439e-20    2.4568996e-19             1775                1
     0.0034678802    3.7371312e-05      0.003273322     0.0011651891    -0.0030935048     0.0021996656    9.1093825e-31   -1.6021766e-19    -9.156439e-20    2.4568996e-19              991                0
    -0.0019197891    5.1575113e-05     0.0045767478    -0.0013090692    -0.0037711139    -0.0013468454    9.1093825e-31   -1.6021766e-19    -9.156439e-20    2.4568996e-19              630                0
    -0.0092220912    2.7339845e-05    -0.0018901931      0.001180948   -0.00040955585   -0.00095274631    9.1093825e-31   -1.6021766e-19    -9.156439e-20    2.4568996e-19              212                0
     0.0084274514     2.290731e-05      0.001598977     0.0002179679   -0.00077759934   -0.00082988868    9.1093825e-31   -1.6021766e-19    -9.156439e-20    2.4568996e-19              525                0
     0.0092105726    1.0382817e-05    -0.0091319643     0.0011342161    9.8193392e-05    -0.0014044188    9.1093825e-31   -1.6021766e-19    -9.156439e-20    2.4568996e-19              690                0
    -0.0011740391    5.4220447e-05     0.0066923141    -0.0043258062    -0.0076348791     0.0049914466    9.1093825e-31   -1.6021766e-19    -9.156439e-20    2.4568996e-19             1674                1
    -0.0014701816    7.2667004e-05    -0.0066864602   -0.00091474329     0.0011706994    -0.0012320335    9.1093825e-31   -1.6021766e-19    -9.156439e-20    2.4568996e-19             1170                1
    -0.0087475162    6.6324967e-05     -0.001248816    0.00091490598   -0.00069082616    0.00099274958    9.1093825e-31   -1.6021766e-19    -9.156439e-20    2.4568996e-19              750                0
    -0.0016409511     9.075959e-07     0.0084013278     0.0011914928    -0.0035987042    -0.0016420444    9.1093825e-31   -1.6021766e-19    -9.156439e-20    2.4568996e-19             1655                1
    -0.0089197643     1.357693e-05      0.010364947     0.0017803086    -0.0024990099   -0.00055958726    9.1093825e-31   -1.6021766e-19    -9.156439e-20    2.4568996e-19             1370                1
    -0.0040058638    4.0024162e-05     0.0052176872    0.00021572929     -0.009213673    -0.0024397073    9.1093825e-31   -1.6021766e-19    -9.156439e-20    2.4568996e-19             1741                1
    -0.0075186696    5.7601934e-05    -0.0013593683     0.0028683369    -0.0003864656    -0.0008514158    9.1093825e-31   -1.6021766e-19    -9.156439e-20    2.4568996e-19              257                0
      -0.00562223    4.4478569e-05      0.005798711    -0.0010981023    -0.0017419165      0.001029151    9.1093825e-31   -1.6021766e-19    -9.156439e-20    2.4568996e-19              220                0
     0.0067369221    7.9749989e-05     0.0091509428    -0.0016392063    0.00013736427     0.0013759074    9.1093825e-31   -1.6021766e-19    -9.156439e-20    2.4568996e-19              870                0
     0.0064563025    2.4224217e-05    -0.0084732054    -0.0027514065      0.000593287   -0.00053967419    9.1093825e-31   -1.6021766e-19    -9.156439e-20    2.4568996e-19              931                0
    -0.0026578107    2.1239914e-05    -0.0081050657    0.00016217431    0.00021150029    0.00086897076    9.1093825e-31   -1.6021766e-19    -9.156439e-20    2.4568996e-19              217                0
     0.0041652941    9.7825236e-05     -0.014884788    -0.0013343759     0.0033875399    -0.0022156113    9.1093825e-31   -1.6021766e-19    -9.156439e-20    2.4568996e-19              833                0
    -0.0076571614    8.2459146e-06     0.0045441962   -0.00040931636     -0.001858593      0.001364758    9.1093825e-31   -1.6021766e-19    -9.156439e-20    2.4568996e-19              633                0
    -0.0011987146    3.5948669e-05     0.0066099167   -0.00077228784      0.010854215     0.0013500658    9.1093825e-31   -1.6021766e-19    -9.156439e-20    2.4568996e-19             1802                1
     0.0048367716    4.0618368e-05     0.0071382988    0.00021458624    -0.0025209778     0.0030162979    9.1093825e-31   -1.6021766e-19    -9.156439e-20    2.4568996e-19               18                0
     0.0059644612     7.007573e-06    -0.0029023639    -0.0011318559    -0.0010822888     -0.002277168    9.1093825e-31   -1.6021766e-19    -9.156439e-20    2.4568996e-19              256                0
    -0.0017193832    2.4978403e-05     0.0017922103    0.00068750966     -0.009449712     0.0023366008    9.1093825e-31   -1.6021766e-19    -9.156439e-20    2.4568996e-19             1710                1
    -0.0036125144    8.0827567e-06     -0.014341074    -0.0023542775      0.002425859    0.00044127417    9.1093825e-31   -1.6021766e-19    -9.156439e-20    2.4568996e-19              567                0
     0.0033613583    5.5898847e-05      0.012696533   -0.00038794777    -0.0067972569   -0.00071268174    9.1093825e-31   -1.6021766e-19    -9.156439e-20    2.4568996e-19             1715                1
    -0.0015898128    7.7586548e-05     -0.011194848     0.0060680434     0.0099041518    -0.0028871498    9.1093825e-31   -1.6021766e-19    -9.156439e-20    2.4568996e-19             1659                1
    -0.0026209955    7.8525067e-05     -0.013945146     0.0042540212      0.011659311      0.001407118    9.1093825e-31   -1.6021766e-19    -9.156439e-20    2.4568996e-19             1733                1
    -0.0090471245    9.4853269e-05      0.012490443    -0.0017080047    0.00089704094    1.9984267e-05    9.1093825e-31   -1.6021766e-19    -9.156439e-20    2.4568996e-19              865                0
     0.0092318701    5.7316458e-05    0.00092049327      0.001407118   -0.00067813881   -0.00017839746    9.1093825e-31   -1.6021766e-19    -9.156439e-20    2.4568996e-19              637                0
     0.0011953969    6.2027924e-05      0.013633923    -0.0010544457    -0.0063072592    -0.0010409596    9.1093825e-31   -1.6021766e-19    -9.156439e-20    2.4568996e-19             1723                1
    -0.0030474088    7.2896313e-05     -0.010437894     0.0044410699     0.0096553238    0.00023437374    9.1093825e-31   -1.6021766e-19    -9.156439e-20    2.4568996e-19             1683                1
     0.0047426154    6.2407787e-05     0.0021215794   -0.00073061709    -0.0022499205     0.0011536245    9.1093825e-31   -1.6021766e-19    -9.156439e-20    2.4568996e-19              229                0
    -0.0028760671    3.4384016e-06    -0.0056677861    0.00042807474    -0.0012025471    -0.0028076121    9.1093825e-31   -1.6021766e-19    -9.156439e-20    2.4568996e-19              507                0
    -0.0085882675    6.6496039e-05    -0.0014460912    0.00081608508   -0.00072470662   -0.00040293639    9.1093825e-31   -1.6021766e-19    -9.156439e-20    2.4568996e-19              894                0
    -0.0027596734    1.5473036e-06    -0.0089003034    0.00068503054    -0.0025846146    -0.0015800382    9.1093825e-31   -1.6021766e-19    -9.156439e-20    2.4568996e-19             1482                1
     0.0078492528    6.3674728e-05    -0.0032210748     0.0016470072   -0.00089286524     0.0023102588    9.1093825e-31   -1.6021766e-19    -9.156439e-20    2.4568996e-19              309                0
    -0.0089354329    5.2847685e-05      0.011239705    -0.0002250023    3.9556751e-05   -0.00060472975    9.1093825e-31   -1.6021766e-19    -9.156439e-20    2.4568996e-19              329                0
     0.0076946425    5.8715748e-05     -0.014118892    -0.0028996444     0.0017590791     0.0013584677    9.1093825e-31   -1.6021766e-19    -9.156439e-20    2.4568996e-19              349                0
     0.0090807183    6.1762898e-05     0.0078877471    -0.0010168159   -0.00025506518     0.0016580684    9.1093825e-31   -1.6021766e-19    -9.156439e-20    2.4568996e-19              369                0
     -0.002883408     8.934427e-05    -0.0069521181    -0.0019246216     0.0030268701   -0.00044552851    9.1093825e-31   -1.6021766e-19    -9.156439e-20    2.4568996e-19             1453                1
    0.00032543769    8.1536724e-05      0.012606237    -0.0028989739     0.0031637533     -0.007394779    9.1093825e-31   -1.6021766e-19    -9.156439e-20    2.4568996e-19             1507                1
    -0.0022794043    5.3365835e-05     0.0071894052     0.0020485271    -0.0020398407    0.00015843028    9.1093825e-31   -1.6021766e-19    -9.156439e-20    2.4568996e-19              632                0
     0.0055357246    1.1799829e-05     0.0035397434    -0.0014162753    -0.0026167247    -0.0002424525    9.1093825e-31   -1.6021766e-19    -9.156439e-20    2.4568996e-19              251                0
    -0.0089793038    9.3408387e-05    0.00046502723     0.0010522096    -1.735094e-05    0.00012336593    9.1093825e-31   -1.6021766e-19    -9.156439e-20    2.4568996e-19              469                0
      0.002218669    4.9776296e-05      0.013324684     0.0015978237     -0.011011112     0.0014812479    9.1093825e-31   -1.6021766e-19    -9.156439e-20    2.4568996e-19             1783                1
     0.0015457389    6.2981242e-05       0.01147973    -0.0014092611    -0.0062024095    -0.0015271207    9.1093825e-31   -1.6021766e-19    -9.156439e-20    2.4568996e-19             1689                1
     0.0073785754    2.9637426e-05     0.0008987672    -0.0015527611   -0.00084157742   -0.00085178216    9.1093825e-31   -1.6021766e-19    -9.156439e-20    2.4568996e-19              476                0
    -0.0049668797    2.4188796e-05     -0.012694308     0.0013638964     0.0021245088    -0.0016445161    9.1093825e-31   -1.6021766e-19    -9.156439e-20    2.4568996e-19              549                0
    -0.0011070815     9.406195e-05      0.010163463     0.0026313551    -0.0012314274    0.00071608112    9.1093825e-31   -1.6021766e-19    -9.156439e-20    2.4568996e-19              569                0
     0.0017182612    7.9574747e-05     0.0071462253    -0.0052779438    0.00027456039     0.0046235556    9.1093825e-31   -1.6021766e-19    -9.156439e-20    2.4568996e-19             1467                1
     0.0013502947    8.9527595e-05    -0.0088369166     -0.001742284      0.010062957   -6.2765073e-05    9.1093825e-31   -1.6021766e-19    -9.156439e-20    2.4568996e-19             1654                1
     0.0095003173    6.9855967e-05     -0.014569103   -9.7197088e-05      0.000683102     0.0020946288    9.1093825e-31   -1.6021766e-19    -9.156439e-20    2.4568996e-19              922                0
     -0.001097096    2.5774876e-05     -0.012398533    -0.0023311831     0.0023409661   -0.00037976477    9.1093825e-31   -1.6021766e-19    -9.156439e-20    2.4568996e-19              649                0
    -0.0078549022    5.3976466e-05     0.0038340795     0.0011911693   -0.00098975271    0.00098707399    9.1093825e-31   -1.6021766e-19    -9.156439e-20    2.4568996e-19              934                0
    -0.0035630274    1.8039635e-05     0.0026548582   -0.00053299923     -0.010425188    0.00097049726    9.1093825e-31   -1.6021766e-19    -9.156439e-20    2.4568996e-19             1714                1
    -0.0079330746    8.3373547e-05     0.0023834708    7.8138211e-05   -0.00018289809   -6.3718981e-05    9.1093825e-31   -1.6021766e-19    -9.156439e-20    2.4568996e-19              709                0
     0.0029790306    1.9791834e-05   -0.00089642254   -0.00057325687    -0.0063512209    0.00028532595    9.1093825e-31   -1.6021766e-19    -9.156439e-20    2.4568996e-19             1549                1
     0.0031028271    1.5422573e-05     -0.004359846     0.0022964217     0.0038130309     -0.001390079    9.1093825e-31   -1.6021766e-19    -9.156439e-20    2.4568996e-19             1770                1
   -0.00089164218    3.8626727e-05    -0.0057692784    -0.0050558602     0.0067604179      0.001882264    9.1093825e-31   -1.6021766e-19    -9.156439e-20    2.4568996e-19             1744                1
     0.0016539374    9.0345638e-06     0.0036452282   -0.00079812424    -0.0040447158    0.00053530186    9.1093825e-31   -1.6021766e-19    -9.156439e-20    2.4568996e-19              754                0
     0.0053893258    4.2515454e-05     0.0019486371    0.00055461889    -0.0023661219     0.0025740801    9.1093825e-31   -1.6021766e-19    -9.156439e-20    2.4568996e-19               20                0
   -0.00076389441    2.6086291e-05    -0.0083524724    -0.0036640272      0.005814075    -0.0062296945    9.1093825e-31   -1.6021766e-19    -9.156439e-20    2.4568996e-19             1734                1
    -0.0088718152     8.121859e-05    -0.0046020392   -0.00061055535    0.00020741373    0.00089874596    9.1093825e-31   -1.6021766e-19    -9.156439e-20    2.4568996e-19              849                0
     0.0079060551    3.2807988e-05     0.0028262122    -0.0011077513    -0.0016172692    1.8312838e-05    9.1093825e-31   -1.6021766e-19    -9.156439e-20    2.4568996e-19              869                0
     0.0086701047    6.0031907e-05     0.0040349257   -0.00072015857    0.00014162774    -0.0011708665    9.1093825e-31   -1.6021766e-19    -9.156439e-20    2.4568996e-19               36                0
     0.0077627627      1.29954e-06     0.0017089151     0.0013023639    -0.0015642658     0.0016553355    9.1093825e-31   -1.6021766e-19    -9.156439e-20    2.4568996e-19              977                0
    -0.0082049388    9.7578872e-05    -0.0084046554    9.3591167e-05     0.0014917006     0.0020295989    9.1093825e-31   -1.6021766e-19    -9.156439e-20    2.4568996e-19              443                0
     0.0015669456    9.4802796e-05     -0.012893479    0.00016941469    -0.0073585263     -0.000169123    9.1093825e-31   -1.6021766e-19    -9.156439e-20    2.4568996e-19             1819                1
     0.0060592345    7.8138219e-05      0.011843995   -0.00069182611    -0.0002262593     0.0020717501    9.1093825e-31   -1.6021766e-19    -9.156439e-20    2.4568996e-19              280                0
    -0.0046957005    3.2324424e-05    -0.0082756719    -0.0014357425   -8.2071718e-05     0.0017509538    9.1093825e-31   -1.6021766e-19    -9.156439e-20    2.4568996e-19              591                0
    -0.0093700355    7.0491442e-05     0.0025650857    0.00081411347    6.0538991e-05    0.00012257129    9.1093825e-31   -1.6021766e-19    -9.156439e-20    2.4568996e-19               44                0
     0.0048512407    2.1424887e-06    -0.0017520386    -0.0011907917     0.0036945064    -8.950675e-05    9.1093825e-31   -1.6021766e-19    -9.156439e-20    2.4568996e-19             1820                1
       0.00329561     6.316982e-05    -0.0075872587      0.002176655     0.0085864412    -0.0059466748    9.1093825e-31   -1.6021766e-19    -9.156439e-20    2.4568996e-19             1703                1
     0.0028402479    5.9079735e-05     0.0099455258    0.00034747197      -0.00108997   -0.00023675674    9.1093825e-31   -1.6021766e-19    -9.156439e-20    2.4568996e-19              177                0
    0.00040188746    8.1801802e-05    -0.0087841405   -0.00056749082      0.013494236    2.9821731e-05    9.1093825e-31   -1.6021766e-19    -9.156439e-20    2.4568996e-19             1754                1
     0.0011734338    6.0800296e-05    -0.0095792906    -0.0041566589     0.0084788483     0.0052523026    9.1093825e-31   -1.6021766e-19    -9.156439e-20    2.4568996e-19             1665                1
    -0.0062666456    5.1759827e-05    -0.0027660541     0.0053539751    -0.0035829197     0.0043189116    9.1093825e-31   -1.6021766e-19    -9.156439e-20    2.4568996e-19             1629                1
    -0.0083693778    5.5844346e-05     0.0037704904    0.00098015834   -0.00097520335    -0.0031896625    9.1093825e-31   -1.6021766e-19    -9.156439e-20    2.4568996e-19              184                0
      0.001382559    6.8884161e-05      0.011335433    -0.0021998661    -0.0071180277     -0.001669741    9.1093825e-31   -1.6021766e-19    -9.156439e-20    2.4568996e-19             1762                1
      -0.00427562    9.3131923e-05    -0.0073478678    -0.0015594342      0.010574097   -0.00015624696    9.1093825e-31   -1.6021766e-19    -9.156439e-20    2.4568996e-19             1688                1
      -0.00604246    8.3869549e-05    -0.0093243662   -0.00013078017     0.0033261708    -5.711204e-05    9.1093825e-31   -1.6021766e-19    -9.156439e-20    2.4568996e-19             1436                1
    -0.0086431103    5.0026796e-05     0.0021134133    0.00044280075   -0.00066425453   -0.00017239274    9.1093825e-31   -1.6021766e-19    -9.156439e-20    2.4568996e-19              264                0
     0.0050815796    5.4690903e-05     0.0003386148      0.000211344    -0.0023813979    -0.0012740535    9.1093825e-31   -1.6021766e-19    -9.156439e-20    2.4568996e-19              284                0
    -0.0056021577    2.3713541e-05     0.0056005884    0.00084114645    -0.0022020144   -0.00045342115    9.1093825e-31   -1.6021766e-19    -9.156439e-20    2.4568996e-19              906                0
   -0.00089954818    7.6317274e-06    -0.0063833767    0.00014178996    -0.0041768937     -0.003156682    9.1093825e-31   -1.6021766e-19    -9.156439e-20    2.4568996e-19             1581                1
    -0.0040703453    8.7932931e-05     -0.012671188     -0.001669967     0.0027517073     0.0003559766    9.1093825e-31   -1.6021766e-19    -9.156439e-20    2.4568996e-19              344                0
    0.00098692707    3.1763273e-05     0.0060018073    -0.0023898401    -0.0099956095     0.0043378798    9.1093825e-31   -1.6021766e-19    -9.156439e-20    2.4568996e-19             1701                1
   -0.00098658388    2.8751145e-05    -0.0021127202   -6.5782035e-05    -0.0025897082    0.00019133383    9.1093825e-31   -1.6021766e-19    -9.156439e-20    2.4568996e-19              384                0
     0.0017652442    5.7071255e-05     0.0068965238    -0.0040953578    -0.0089652129     0.0016395925    9.1093825e-31   -1.6021766e-19    -9.156439e-20    2.4568996e-19             1767                1
    -0.0013203262    6.4897133e-05    -0.0081254859     0.0034740856      0.010357458     0.0016662416    9.1093825e-31   -1.6021766e-19    -9.156439e-20    2.4568996e-19             1737                1
    -0.0092218723     6.320369e-05   -0.00047432998    2.3224751e-05   -0.00043775674     0.0006707781    9.1093825e-31   -1.6021766e-19    -9.156439e-20    2.4568996e-19              444                0
    -0.0059445673    6.1337842e-06     -0.001923169    0.00022962604    -0.0013400676    -0.0010527101    9.1093825e-31   -1.6021766e-19    -9.156439e-20    2.4568996e-19              464                0
     0.0045819739    2.6954172e-05     0.0040800069     0.0036387139    -0.0088756625    -0.0028279605    9.1093825e-31   -1.6021766e-19    -9.156439e-20    2.4568996e-19             1686                1
     0.0054801158    3.7280708e-05     0.0092056599     0.0015561752   -0.00054926815     0.0017076066    9.1093825e-31   -1.6021766e-19    -9.156439e-20    2.4568996e-19             1322                1
     0.0024185299    6.1122017e-05      0.010128638   -0.00011133714    0.00087795511    0.00071915251    9.1093825e-31   -1.6021766e-19    -9.156439e-20    2.4568996e-19             1621                1
     0.0033455782    2.3349063e-05   -0.00098028162    0.00040705886    -0.0030203573     0.0010110349    9.1093825e-31   -1.6021766e-19    -9.156439e-20    2.4568996e-19              666                0
     0.0084538972    2.4133957e-05    -0.0039014593   -0.00066460052   -1.9750025e-05    0.00088328141    9.1093825e-31   -1.6021766e-19    -9.156439e-20    2.4568996e-19              564                0
    -0.0039918749     1.378296e-05     0.0093960222    0.00095973711     0.0039678132    1.1635832e-05    9.1093825e-31   -1.6021766e-19    -9.156439e-20    2.4568996e-19             1803                1
    -0.0072626122     2.224239e-05      0.011907369    -0.0013737973    -0.0010458599   -0.00018871219    9.1093825e-31   -1.6021766e-19    -9.156439e-20    2.4568996e-19              604                0
    -0.0067137065    8.6093176e-05     0.0020219146   -6.1573664e-05   -1.5030707e-05    2.6680998e-05    9.1093825e-31   -1.6021766e-19    -9.156439e-20    2.4568996e-19             1113                1
     0.0012030723    6.7051449e-05      0.013642413    -0.0001928119    -0.0057405247    -8.896245e-05    9.1093825e-31   -1.6021766e-19    -9.156439e-20    2.4568996e-19             1722                1
    -0.0068456596    5.1829506e-05    0.00082610769    0.00024432249    -0.0010600614    -8.836545e-05    9.1093825e-31   -1.6021766e-19    -9.156439e-20    2.4568996e-19              664                0
    -0.0077285208    4.0717525e-05     -0.014914558    0.00080107333    0.00026312421    0.00073480967    9.1093825e-31   -1.6021766e-19    -9.156439e-20    2.4568996e-19              684                0
     0.0034051901    4.4342134e-05     0.0048101139   -0.00022800875    -0.0026279148    -0.0018758858    9.1093825e-31   -1.6021766e-19    -9.156439e-20    2.4568996e-19              704                0
    -0.0026231511    6.6195746e-05     -0.014312051    -0.0014528083     0.0032373772    0.00011590829    9.1093825e-31   -1.6021766e-19    -9.156439e-20    2.4568996e-19              494                0
    -0.0066537815     5.281753e-05      0.009347517     0.0010581306   -0.00026940717     0.0016267227    9.1093825e-31   -1.6021766e-19    -9.156439e-20    2.4568996e-19              871                0
     0.0090765441    1.5103741e-05       0.00280565    -0.0017186569    -0.0010817406    -0.0011408506    9.1093825e-31   -1.6021766e-19    -9.156439e-20    2.4568996e-19              831                0
    -0.0067108721    7.8251054e-05       -0.0109618     0.0010045003    0.00080676505    0.00099920714    9.1093825e-31   -1.6021766e-19    -9.156439e-20    2.4568996e-19              125                0
    -0.0051313639    6.1099665e-05      0.013355521    0.00097655843    0.00064997253    0.00043379952    9.1093825e-31   -1.6021766e-19    -9.156439e-20    2.4568996e-19              804                0
     0.0040035993      3.31462e-05     -0.012619996    0.00033865686     0.0016870192    -0.0025105192    9.1093825e-31   -1.6021766e-19    -9.156439e-20    2.4568996e-19              266                0
    8.1402468e-05    5.0705421e-05     -0.012013613    0.00032212827     0.0030392422     0.0031163567    9.1093825e-31   -1.6021766e-19    -9.156439e-20    2.4568996e-19              483                0
   -0.00045936269    2.7235103e-05    -0.0025829237     0.0019988604     0.0072314055    -0.0030548591    9.1093825e-31   -1.6021766e-19    -9.156439e-20    2.4568996e-19             1793                1
    -0.0028152661    5.2739499e-05    -0.0089733945     0.0011698994     0.0013934224     0.0011446691    9.1093825e-31   -1.6021766e-19    -9.156439e-20    2.4568996e-19              360                0
     0.0048603979    6.9573485e-05     0.0069934833     -0.003246421     0.0011164781    -0.0010522848    9.1093825e-31   -1.6021766e-19    -9.156439e-20    2.4568996e-19             1613                1
     0.0033229049    1.5340307e-05    -0.0014392752    -0.0011020034    -0.0029500339   -0.00047377526    9.1093825e-31   -1.6021766e-19    -9.156439e-20    2.4568996e-19              711                0
     0.0011241254    2.5914582e-05     0.0028125911    0.00030408797    -0.0084827915     0.0025216562    9.1093825e-31   -1.6021766e-19    -9.156439e-20    2.4568996e-19             1624                1
    0.00053892133    3.4081182e-05     -0.011877621    3.2019554e-05      0.002809301    0.00023208244    9.1093825e-31   -1.6021766e-19    -9.156439e-20    2.4568996e-19              958                0
     0.0033114858    6.1911873e-05    -0.0074791401    3.3083641e-05      0.009242163     0.0030561625    9.1093825e-31   -1.6021766e-19    -9.156439e-20    2.4568996e-19             1725                1
     -0.006796767    6.8677917e-05      0.012216653    0.00035148166    0.00013674397    0.00066824723    9.1093825e-31   -1.6021766e-19    -9.156439e-20    2.4568996e-19              988                0
     0.0075556287     3.052568e-05     0.0087170647    -0.0013901362    -0.0011765945   -0.00062300719    9.1093825e-31   -1.6021766e-19    -9.156439e-20    2.4568996e-19              867                0
     0.0075983154    3.8604952e-07     0.0058994088     0.0012898728    -0.0015730554   -0.00017507396    9.1093825e-31   -1.6021766e-19    -9.156439e-20    2.4568996e-19               15                0
     0.0046667331    6.3093767e-06     0.0021107295      -0.00022821    -0.0032400396   -0.00016256509    9.1093825e-31   -1.6021766e-19    -9.156439e-20    2.4568996e-19               25                0
    -0.0013046494    8.5293599e-05      0.010641279    7.8700381e-05    -0.0068582217   -0.00044507941    9.1093825e-31   -1.6021766e-19    -9.156439e-20    2.4568996e-19             1805                1
     0.0024740626    7.9450227e-05    -0.0091517866    0.00050463621     0.0097106155    0.00014704173    9.1093825e-31   -1.6021766e-19    -9.156439e-20    2.4568996e-19             1666                1
    0.00010473456     2.799132e-05    -0.0012174285   -0.00025977456     0.0065266695    -0.0024965552    9.1093825e-31   -1.6021766e-19    -9.156439e-20    2.4568996e-19             1788                1
    -0.0052829315    3.1928292e-05     0.0067927255     0.0023955288    -0.0023322273     0.0021949285    9.1093825e-31   -1.6021766e-19    -9.156439e-20    2.4568996e-19              982                0
    -0.0054730792    9.7923066e-06     -0.014745501     0.0017603274     0.0014762356   -0.00097403518    9.1093825e-31   -1.6021766e-19    -9.156439e-20    2.4568996e-19              152                0
     0.0070198486    4.2174641e-05    0.00094345823    -0.0024457658     -0.002689153     0.0038778142    9.1093825e-31   -1.6021766e-19    -9.156439e-20    2.4568996e-19             1374                1
    -0.0026129168    5.3348198e-05     0.0061210659     0.0013306919    -0.0029838749    0.00040708249    9.1093825e-31   -1.6021766e-19    -9.156439e-20    2.4568996e-19              485                0
       0.00420943    4.9908114e-05     -0.008617756    0.00049500831     0.0079771411   -0.00020252263    9.1093825e-31   -1.6021766e-19    -9.156439e-20    2.4568996e-19             1731                1
     0.0033856365    4.6800105e-05      0.012699543      0.002220154    -0.0077721872   -0.00038782461    9.1093825e-31   -1.6021766e-19    -9.156439e-20    2.4568996e-19             1716                1
     0.0058934954    5.9057875e-05    -0.0049045831    -0.0013039645    -0.0024050684    -0.0021860679    9.1093825e-31   -1.6021766e-19    -9.156439e-20    2.4568996e-19             1641                1
     0.0041856319    5.2139203e-05    -0.0086823786     0.0017983734     0.0072730803     0.0016119381    9.1093825e-31   -1.6021766e-19    -9.156439e-20    2.4568996e-19             1693                1
        0.0089328    1.0476427e-05      0.013203149     -0.001734577   -0.00097989722     -0.001605386    9.1093825e-31   -1.6021766e-19    -9.156439e-20    2.4568996e-19              262                0
     0.0021665383    9.9912671e-05     -0.014764079    -0.0052087684      0.012165393     0.0042045494    9.1093825e-31   -1.6021766e-19    -9.156439e-20    2.4568996e-19             1687                1
     0.0014930416    2.6753951e-05    -0.0051258532   -7.6818353e-05     0.0051530446    9.5738942e-05    9.1093825e-31   -1.6021766e-19    -9.156439e-20    2.4568996e-19             1749                1
      -0.00711087    9.0189729e-05     0.0070604789     0.0013289173   -0.00044546751   -0.00086144736    9.1093825e-31   -1.6021766e-19    -9.156439e-20    2.4568996e-19              322                0
     0.0014926385    4.2868654e-05    -0.0051249983    -0.0001291629     0.0072132559    0.00020753717    9.1093825e-31   -1.6021766e-19    -9.156439e-20    2.4568996e-19             1748                1
    -0.0013893099    6.2973246e-05     -0.012392372    -0.0011390268     0.0097706392   -0.00097159494    9.1093825e-31   -1.6021766e-19    -9.156439e-20    2.4568996e-19             1711                1
     0.0059147524    1.8407409e-05       0.00909313     0.0014107744    -0.0020265277    0.00081453263    9.1093825e-31   -1.6021766e-19    -9.156439e-20    2.4568996e-19               77                0
     -0.005721157    9.4338007e-05    -0.0075287377     0.0016732329     0.0011647616   -0.00084426545    9.1093825e-31   -1.6021766e-19    -9.156439e-20    2.4568996e-19              117                0
    -0.0029357735    5.1410265e-05      -0.01441713    4.0808345e-06     0.0027476063    -0.0013806876    9.1093825e-31   -1.6021766e-19    -9.156439e-20    2.4568996e-19              422                0
     0.0011267591    3.6612768e-05     -0.013278446    -0.0013465547     0.0067793741    -0.0011354163    9.1093825e-31   -1.6021766e-19    -9.156439e-20    2.4568996e-19             1660                1
    -0.0012523485    9.5019488e-05     -0.014209397    0.00094279763    -0.0039919941    0.00060396496    9.1093825e-31   -1.6021766e-19    -9.156439e-20    2.4568996e-19             1812                1
       -0.0031911    2.5779152e-06     0.0061411532   -0.00052410888     -0.011311633      0.002147469    9.1093825e-31   -1.6021766e-19    -9.156439e-20    2.4568996e-19             1661                1
    -0.0041646478    6.5488501e-05      0.010305024    -0.0028548809   -0.00064247817     0.0010072686    9.1093825e-31   -1.6021766e-19    -9.156439e-20    2.4568996e-19              687                0
     0.0010263524    1.3908204e-05     0.0059659616    -0.0006705728     0.0084384419     0.0058496655    9.1093825e-31   -1.6021766e-19    -9.156439e-20    2.4568996e-19             1809                1
   -0.00040221747    9.2699724e-05    -0.0077340361    0.00012997621    -0.0029435458     0.0015899977    9.1093825e-31   -1.6021766e-19    -9.156439e-20    2.4568996e-19             1808                1
    -0.0010462218    2.2863507e-05     0.0060404181   -0.00022934451    -0.0095473174    0.00055653503    9.1093825e-31   -1.6021766e-19    -9.156439e-20    2.4568996e-19             1644                1
     0.0053494028    5.9712675e-05     0.0033311895    0.00020266787    -0.0023738609   -0.00070353335    9.1093825e-31   -1.6021766e-19    -9.156439e-20    2.4568996e-19              581                0
    -0.0039632535    4.4733657e-05     -0.013358338     0.0021996812     0.0075906073    -0.0012051146    9.1093825e-31   -1.6021766e-19    -9.156439e-20    2.4568996e-19             1742                1
    -0.0027106907    1.9024617e-06    0.00082214444     0.0052370126   -7.5081317e-08    -0.0046041473    9.1093825e-31   -1.6021766e-19    -9.156439e-20    2.4568996e-19             1768                1
     0.0013978758    5.1708012e-05     0.0017405505   -0.00010808328    -0.0031524519    -0.0016332701    9.1093825e-31   -1.6021766e-19    -9.156439e-20    2.4568996e-19              641                0
   -0.00018375355    2.8322734e-06     0.0035399622     0.0056070439      0.003527222    0.00074005307    9.1093825e-31   -1.6021766e-19    -9.156439e-20    2.4568996e-19             1818                1
     0.0013106011    3.5831072e-05     0.0025327276   -0.00032694117     0.0046780091    -0.0013747758    9.1093825e-31   -1.6021766e-19    -9.156439e-20    2.4568996e-19             1765                1
    0.00015763684    1.6868581e-06     -0.001146687   -0.00058549858     0.0085428962   -0.00018021431    9.1093825e-31   -1.6021766e-19    -9.156439e-20    2.4568996e-19             1823                1
    -0.0068873577    2.8344275e-05     -0.014221536    -0.0017938334    0.00086570246   -0.00014487961    9.1093825e-31   -1.6021766e-19    -9.156439e-20    2.4568996e-19              394                0
   -0.00011122589    2.9677187e-05      0.003615923     0.0052939006    -0.0092637176     0.0027254925    9.1093825e-31   -1.6021766e-19    -9.156439e-20    2.4568996e-19             1675                1
    -0.0022734872    1.4772216e-05     0.0029020468     0.0029436382     0.0031764104    -0.0050512692    9.1093825e-31   -1.6021766e-19    -9.156439e-20    2.4568996e-19             1794                1
    -0.0011786078    1.9304913e-05     0.0056003295     0.0040513584     0.0047143367    -0.0059107919    9.1093825e-31   -1.6021766e-19    -9.156439e-20    2.4568996e-19             1798                1
     0.0018836354    5.2991309e-05      0.010570625    0.00024101078     -0.007541135    -0.0037557385    9.1093825e-31   -1.6021766e-19    -9.156439e-20    2.4568996e-19             1699                1
     0.0093675349    7.1068978e-05    -0.0042896667    0.00046508925   -0.00039675148     0.0016114385    9.1093825e-31   -1.6021766e-19    -9.156439e-20    2.4568996e-19              821                0
     0.0074767102    8.0061101e-05     0.0080082687    0.00013137267   -9.5229307e-06    0.00043216278    9.1093825e-31   -1.6021766e-19    -9.156439e-20    2.4568996e-19              131                0
      0.001312556    1.7047569e-05    -0.0033595087     0.0039150524     0.0028863803    4.3963668e-05    9.1093825e-31   -1.6021766e-19    -9.156439e-20    2.4568996e-19             1724                1
   -0.00032584218    4.0857121e-05    0.00034411662     -0.002987395     0.0070283469   -0.00078852026    9.1093825e-31   -1.6021766e-19    -9.156439e-20    2.4568996e-19             1777                1
     0.0003944333    8.1022721e-05      0.012813237    -0.0019288533    -0.0052046455     0.0015756626    9.1093825e-31   -1.6021766e-19    -9.156439e-20    2.4568996e-19             1776                1
     0.0055401069     7.604884e-05      0.011528753   -0.00032080119    -0.0080903489   -0.00069774193    9.1093825e-31   -1.6021766e-19    -9.156439e-20    2.4568996e-19             1800                1
     -0.009213333    3.3360775e-05      0.012198339     0.0008050598   -0.00065541262   -0.00012304596    9.1093825e-31   -1.6021766e-19    -9.156439e-20    2.4568996e-19              938                0
    -0.0001657104    1.9185225e-05    -0.0075918492       -0.0019473     0.0055072322     0.0030620908    9.1093825e-31   -1.6021766e-19    -9.156439e-20    2.4568996e-19             1782                1
   -0.00020700949    1.1202177e-05    -0.0035130468    -0.0019412894    -0.0054914551     0.0019427832    9.1093825e-31   -1.6021766e-19    -9.156439e-20    2.4568996e-19             1517                1
     0.0055031683    3.6767764e-05      0.010677248    2.3019053e-05    -0.0017170187   -5.2708241e-05    9.1093825e-31   -1.6021766e-19    -9.156439e-20    2.4568996e-19             1001                1
    -0.0077116368    4.0414063e-05     0.0092004258     0.0030251883    -0.0021982193   -0.00070086058    9.1093825e-31   -1.6021766e-19    -9.156439e-20    2.4568996e-19             1337                1
    -0.0084085008    1.3916276e-05     0.0085031101    0.00073557766   -0.00052000518   -0.00013103092    9.1093825e-31   -1.6021766e-19    -9.156439e-20    2.4568996e-19               58                0
     0.0029899648    3.6136775e-05     0.0017270572    -0.0015185085    -0.0072426028    0.00092948554    9.1093825e-31   -1.6021766e-19    -9.156439e-20    2.4568996e-19             1640                1
      -0.00307426    6.7265544e-05    -0.0016581388    -0.0009366353    0.00020410068    -0.0018698067    9.1093825e-31   -1.6021766e-19    -9.156439e-20    2.4568996e-19             1502                1
     0.0041771047    6.2634601e-05      0.001172008    -0.0015780963    -0.0029041134    -0.0015076488    9.1093825e-31   -1.6021766e-19    -9.156439e-20    2.4568996e-19              118                0
     0.0062542963    7.6582051e-05     -0.011462546     0.0020645775     0.0014961757    0.00039834352    9.1093825e-31   -1.6021766e-19    -9.156439e-20    2.4568996e-19               51                0
     -0.009453835    2.1239184e-05    -0.0036555361     0.0005279645   -9.9497274e-06    0.00042812011    9.1093825e-31   -1.6021766e-19    -9.156439e-20    2.4568996e-19              158                0
    0.00025895538    1.2744525e-05    -0.0037859024     0.0059264302       0.00587118    -0.0024859335    9.1093825e-31   -1.6021766e-19    -9.156439e-20    2.4568996e-19             1806                1
    0.00019159111    6.3878826e-05    -0.0059545925     0.0042804587     0.0091339657     0.0019718006    9.1093825e-31   -1.6021766e-19    -9.156439e-20    2.4568996e-19             1719                1
    -0.0067785182    7.0982271e-05     0.0026107747    0.00035691122    -0.0043053003    0.00012885868    9.1093825e-31   -1.6021766e-19    -9.156439e-20    2.4568996e-19             1745                1
     0.0015757794    7.9287274e-06    -0.0030351807     0.0011170154     0.0043505789     0.0007669676    9.1093825e-31   -1.6021766e-19    -9.156439e-20    2.4568996e-19             1807                1
     0.0068997997    4.1271742e-05     -0.013602576    -0.0004883231     0.0015938191    0.00094256434    9.1093825e-31   -1.6021766e-19    -9.156439e-20    2.4568996e-19              213                0
     0.0040114992    9.1738264e-05     -0.011721414    -0.0012521622       0.01179889    0.00058616628    9.1093825e-31   -1.6021766e-19    -9.156439e-20    2.4568996e-19             1704                1
      0.002559911    6.4977998e-05       0.01223915   -0.00071855797     0.0019893686    0.00010936453    9.1093825e-31   -1.6021766e-19    -9.156439e-20    2.4568996e-19             1468                1
    -0.0061505595    7.4488707e-05    -0.0030269194     0.0021538697   -0.00060499995   -0.00071926799    9.1093825e-31   -1.6021766e-19    -9.156439e-20    2.4568996e-19              318                0
    -0.0090567674      7.57405e-05    -0.0043627704    -0.0027701294    0.00021637762    0.00050312193    9.1093825e-31   -1.6021766e-19    -9.156439e-20    2.4568996e-19              723                0
    -0.0024168929    1.6702043e-05    -0.0021552108   -0.00095190137     0.0040824874    -0.0014293767    9.1093825e-31   -1.6021766e-19    -9.156439e-20    2.4568996e-19             1785                1
     0.0017685137    8.7802211e-05     0.0028409176    -0.0011371931    -0.0025832918     0.0010039246    9.1093825e-31   -1.6021766e-19    -9.156439e-20    2.4568996e-19              774                0
      0.004588156    2.3556848e-05     0.0041159028   -9.3609226e-05    -0.0034591104     0.0041192975    9.1093825e-31   -1.6021766e-19    -9.156439e-20    2.4568996e-19              562                0
    -0.0012732358    8.5349136e-05      0.006221612     0.0022464565    -0.0025473547    -0.0016033514    9.1093825e-31   -1.6021766e-19    -9.156439e-20    2.4568996e-19              876                0
   -0.00072428695    6.2917257e-05    -0.0083007012    0.00098860823      0.010123767   -0.00014065724    9.1093825e-31   -1.6021766e-19    -9.156439e-20    2.4568996e-19             1735                1
    0.00089973747    4.0985997e-05     0.0077682845     0.0032859289    -0.0097891372     0.0011492217    9.1093825e-31   -1.6021766e-19    -9.156439e-20    2.4568996e-19             1729                1
    -0.0089821909    1.2745681e-05      0.013774219     0.0013417529   -0.00010835563   -0.00050244201    9.1093825e-31   -1.6021766e-19    -9.156439e-20    2.4568996e-19              503                0
    -0.0055271848    5.2973701e-05      -0.01424118     0.0012115069     0.0070480951     -0.001692627    9.1093825e-31   -1.6021766e-19    -9.156439e-20    2.4568996e-19             1696                1
    -0.0089182295    6.3111562e-05    -0.0011755736    0.00077869301    0.00023477647    -0.0017877324    9.1093825e-31   -1.6021766e-19    -9.156439e-20    2.4568996e-19              518                0
     0.0039165434    9.7911616e-05     -0.001630439    -0.0026001923     0.0017625088    0.00066014531    9.1093825e-31   -1.6021766e-19    -9.156439e-20    2.4568996e-19             1525                1
     0.0033184411     7.311513e-05     0.0079655619   -0.00075264892    -0.0018280303   -0.00054218795    9.1093825e-31   -1.6021766e-19    -9.156439e-20    2.4568996e-19              903                0
    -0.0085415253    3.3848799e-05      0.010126233     0.0010033766   -3.1352045e-07    0.00071630004    9.1093825e-31   -1.6021766e-19    -9.156439e-20    2.4568996e-19              578                0
     0.0081555536    3.7638235e-06     -0.013399605     0.0023093522   -0.00017927276    0.00041527936    9.1093825e-31   -1.6021766e-19    -9.156439e-20    2.4568996e-19              598                0
     0.0081693754    3.3026623e-05     0.0095994882      0.001723395    -0.0002875349    0.00014748618    9.1093825e-31   -1.6021766e-19    -9.156439e-20    2.4568996e-19              618                0
      0.002849581    4.9867842e-05    -0.0070260926    7.8123085e-05     0.0092670489   -0.00029075341    9.1093825e-31   -1.6021766e-19    -9.156439e-20    2.4568996e-19             1759                1
    -0.0074263699    8.2659399e-06    -0.0089596417     0.0022144569    0.00021493582   -0.00017597948    9.1093825e-31   -1.6021766e-19    -9.156439e-20    2.4568996e-19              725                0
     0.0024851754    7.9462581e-05      0.012126683     0.0012992923    -0.0061830003    0.00066921406    9.1093825e-31   -1.6021766e-19    -9.156439e-20    2.4568996e-19             1792                1
      0.001496035     5.876099e-05    -0.0089468379     0.0027759988     0.0083639389    -0.0020977608    9.1093825e-31   -1.6021766e-19    -9.156439e-20    2.4568996e-19             1678                1
     0.0004436918    2.3369574e-05     0.0002121494    -0.0020990693     0.0018934024    -0.0013600116    9.1093825e-31   -1.6021766e-19    -9.156439e-20    2.4568996e-19             1726                1
    -0.0092287054    9.0707457e-05     0.0017952694    -0.0005288003    0.00071722525     0.0032430757    9.1093825e-31   -1.6021766e-19    -9.156439e-20    2.4568996e-19              738                0
    -0.0040541068    2.5239456e-06       0.01467202   -5.1641269e-05     0.0020341747    0.00026003667    9.1093825e-31   -1.6021766e-19    -9.156439e-20    2.4568996e-19             1813                1
    -0.0038175327    8.4724843e-06     0.0050149909     2.594031e-05    -0.0031023032    0.00099855545    9.1093825e-31   -1.6021766e-19    -9.156439e-20    2.4568996e-19              636                0
      0.000787344     1.917501e-05     0.0011157651    8.3063722e-05     0.0018797299    5.0303217e-05    9.1093825e-31   -1.6021766e-19    -9.156439e-20    2.4568996e-19             1757                1
    0.00068877393    5.0955514e-05    -0.0040718736   -0.00097058021     0.0082501806    0.00012283436    9.1093825e-31   -1.6021766e-19    -9.156439e-20    2.4568996e-19             1755                1
    -0.0066557042    3.9979215e-05     0.0050310474   -0.00043270443    -0.0016076352     0.0010696347    9.1093825e-31   -1.6021766e-19    -9.156439e-20    2.4568996e-19              573                0
     0.0066315546    5.8944748e-05     -0.011521176    -0.0001564546      0.001574173    0.00042394418    9.1093825e-31   -1.6021766e-19    -9.156439e-20    2.4568996e-19              274                0
    -0.0056294962    9.5756994e-05     0.0079111606    -0.0008143133    -0.0012824521   -0.00073170481    9.1093825e-31   -1.6021766e-19    -9.156439e-20    2.4568996e-19              878                0
    -0.0052323551    6.3669249e-05       0.01370476    -0.0020087827    -0.0071946369     0.0035892394    9.1093825e-31   -1.6021766e-19    -9.156439e-20    2.4568996e-19             1771                1
   -2.3375799e-07    9.1806032e-06     0.0038471725     0.0010055946     -0.004156189   -0.00085961423    9.1093825e-31   -1.6021766e-19    -9.156439e-20    2.4568996e-19              608                0
     0.0045070266    3.2142932e-05    -0.0020030576     0.0021259864     0.0047508776    0.00076939975    9.1093825e-31   -1.6021766e-19    -9.156439e-20    2.4568996e-19             1756                1
    -0.0010103912    4.7854166e-05     0.0060773054   -0.00055470481     -0.007894326     0.0022732061    9.1093825e-31   -1.6021766e-19    -9.156439e-20    2.4568996e-19             1652                1
     0.0058838809    2.3421383e-06    -0.0038737741      0.003216173    -0.0016012521   -0.00025675909    9.1093825e-31   -1.6021766e-19    -9.156439e-20    2.4568996e-19              807                0
    -0.0062785372    3.8881568e-05     0.0055089099   -0.00081423839    -0.0017186921    -0.0027873984    9.1093825e-31   -1.6021766e-19    -9.156439e-20    2.4568996e-19              985                0
     0.0081396913    9.9676174e-05   -3.4999011e-05   -0.00049101061     0.0029342843    0.00050844351    9.1093825e-31   -1.6021766e-19    -9.156439e-20    2.4568996e-19             1487                1
     0.0076630572    7.0876005e-05    0.00062873017   -0.00056789565    -0.0010374682     0.0012069303    9.1093825e-31   -1.6021766e-19    -9.156439e-20    2.4568996e-19              614                0
     0.0027219041    3.4749569e-06    -0.0039526629   -0.00019782814     -0.006171891     0.0028120743    9.1093825e-31   -1.6021766e-19    -9.156439e-20    2.4568996e-19             1620                1
     0.0019295171    7.6066091e-05       0.01068237     0.0046981662    -0.0052635572     0.0070929988    9.1093825e-31   -1.6021766e-19    -9.156439e-20    2.4568996e-19             1700                1
    9.5706637e-05    4.5187811e-05     -0.013357649   -7.9620047e-05     0.0027556755    0.00029415963    9.1093825e-31   -1.6021766e-19    -9.156439e-20    2.4568996e-19               79                0
   -0.00076014234    6.4965679e-05     -0.008055876   -0.00016419252      0.010225439     0.0095660426    9.1093825e-31   -1.6021766e-19    -9.156439e-20    2.4568996e-19             1732                1
    -0.0060522142    9.0433889e-05     0.0029086503    0.00086204498    -0.0017984165    -0.0011012601    9.1093825e-31   -1.6021766e-19    -9.156439e-20    2.4568996e-19              990                0
    -0.0071665095    1.9400654e-08    -0.0037161899   -0.00059803668   -0.00087544095   -0.00069078413    9.1093825e-31   -1.6021766e-19    -9.156439e-20    2.4568996e-19              717                0
     0.0033132855    8.4563049e-05      0.014380649    9.4860741e-05    -0.0050404905    4.6057619e-05    9.1093825e-31   -1.6021766e-19    -9.156439e-20    2.4568996e-19             1797                1
     0.0031139217    2.0689442e-06    -0.0024423355    -0.0032390044     0.0016456901     0.0041344585    9.1093825e-31   -1.6021766e-19    -9.156439e-20    2.4568996e-19             1810                1
     -0.001484508    8.8381748e-05     -0.011331258    2.2854119e-05      0.012220131    6.4908992e-05    9.1093825e-31   -1.6021766e-19    -9.156439e-20    2.4568996e-19             1706                1
     0.0076862592    7.9987949e-05     0.0051662941    -0.0010307309   -0.00084453623     0.0030266086    9.1093825e-31   -1.6021766e-19    -9.156439e-20    2.4568996e-19              219                0
     0.0016191546    3.5214114e-05     0.0074226707    3.2499662e-05    -0.0081420187       0.00165504    9.1093825e-31   -1.6021766e-19    -9.156439e-20    2.4568996e-19             1634                1
    -0.0010079221    1.3981517e-05     0.0060269525   -0.00038148902     0.0018745397    0.00090307812    9.1093825e-31   -1.6021766e-19    -9.156439e-20    2.4568996e-19             1789                1
   -0.00064189895    9.8997822e-05    -0.0082377605     -0.002385966    -0.0032970512    -0.0018766653    9.1093825e-31   -1.6021766e-19    -9.156439e-20    2.4568996e-19             1822                1
    -0.0027061196    9.0611058e-05     0.0069996505    -0.0018016024     -0.001854455   -0.00051462214    9.1093825e-31   -1.6021766e-19    -9.156439e-20    2.4568996e-19              299                0
     0.0077616135    3.1294455e-06     0.0037228048   -0.00090788043    -0.0018784942    0.00034699106    9.1093825e-31   -1.6021766e-19    -9.156439e-20    2.4568996e-19              731                0
     0.0018295362    5.9046401e-05      0.012042697    -0.0040614158    -0.0066801836      0.002322596    9.1093825e-31   -1.6021766e-19    -9.156439e-20    2.4568996e-19             1705                1
    -0.0091004241    3.9211314e-05     0.0022660464    -0.0022321932    3.2983735e-05    -0.0018363405    9.1093825e-31   -1.6021766e-19    -9.156439e-20    2.4568996e-19              978                0
    -0.0042880601    9.2436741e-05      -0.01222186     0.0032872651      0.010783941   -0.00085814251    9.1093825e-31   -1.6021766e-19    -9.156439e-20    2.4568996e-19             1672                1
     0.0081114117    3.3297692e-05      0.014898063    -0.0007001441   -0.00010998748     0.0010855458    9.1093825e-31   -1.6021766e-19    -9.156439e-20    2.4568996e-19              986                0
    -0.0090419007    6.1354527e-05     0.0023441098   -0.00065685122    -0.0007775604     0.0014008229    9.1093825e-31   -1.6021766e-19    -9.156439e-20    2.4568996e-19              874                0
   -0.00089361379    5.9543963e-05     -0.008378421    -0.0030954527     0.0083215628    -0.0012250663    9.1093825e-31   -1.6021766e-19    -9.156439e-20    2.4568996e-19             1679                1
   -0.00088014035    6.8997004e-05     -0.008346349    -0.0018908666     0.0091547789     0.0016436478    9.1093825e-31   -1.6021766e-19    -9.156439e-20    2.4568996e-19             1680                1
     0.0050209025    2.1235013e-05    0.00017585883     0.0013579803    -0.0083559677    -0.0034047465    9.1093825e-31   -1.6021766e-19    -9.156439e-20    2.4568996e-19             1697                1
     0.0075955619    5.3034291e-06    -0.0052100848     0.0001863934   -0.00098616374   -0.00083202706    9.1093825e-31   -1.6021766e-19    -9.156439e-20    2.4568996e-19              374                0
   -0.00066754897    2.8415556e-05     -0.007797183     0.0011116118     0.0061979629     0.0046866094    9.1093825e-31   -1.6021766e-19    -9.156439e-20    2.4568996e-19             1750                1
    -0.0034458893    1.0493246e-06    -0.0050049815   -0.00014964362    -0.0019544039    2.7262236e-05    9.1093825e-31   -1.6021766e-19    -9.156439e-20    2.4568996e-19              746                0
   -0.00055098004    3.7025835e-05    -0.0025412014    0.00012429866     0.0075578378     0.0023175788    9.1093825e-31   -1.6021766e-19    -9.156439e-20    2.4568996e-19             1780                1
     0.0011407383    3.0943688e-06     0.0028039983     0.0042544375     0.0038911381    -0.0003892142    9.1093825e-31   -1.6021766e-19    -9.156439e-20    2.4568996e-19             1817                1
    -0.0024365718    3.9224058e-05    -0.0021639725    -0.0016608131      0.009694905      0.001888713    9.1093825e-31   -1.6021766e-19    -9.156439e-20    2.4568996e-19             1791                1
    -0.0015638386    6.3258216e-05      0.010694578    -0.0010127727    -0.0071050473    -0.0041244859    9.1093825e-31   -1.6021766e-19    -9.156439e-20    2.4568996e-19             1740                1
     0.0094729997    1.3067383e-05     -0.001058556    0.00052904483    -0.0013234993     0.0010621393    9.1093825e-31   -1.6021766e-19    -9.156439e-20    2.4568996e-19              328                0
     0.0040767114    3.0660685e-05    -0.0069420892   -0.00016386744     0.0061046695    -0.0022641376    9.1093825e-31   -1.6021766e-19    -9.156439e-20    2.4568996e-19             1758                1
   -0.00017084903    1.5494179e-05     0.0035437406    -0.0022844211     0.0023294808    -0.0018780892    9.1093825e-31   -1.6021766e-19    -9.156439e-20    2.4568996e-19             1786                1
    -0.0017974719    7.1368348e-05     0.0039671217    -0.0013861278    -0.0031479786    9.4816191e-05    9.1093825e-31   -1.6021766e-19    -9.156439e-20    2.4568996e-19              699                0
    -0.0082886312    4.6401256e-05      0.014597577    7.4480988e-05    0.00053055066     0.0012158717    9.1093825e-31   -1.6021766e-19    -9.156439e-20    2.4568996e-19              719                0
     0.0073095476    8.1305465e-05     0.0058807526   -0.00063557713    -0.0011213185     0.0019554659    9.1093825e-31   -1.6021766e-19    -9.156439e-20    2.4568996e-19              828                0
      0.004022751    1.0825359e-05     0.0028121173    -0.0007250256    -0.0029754755   -0.00081655523    9.1093825e-31   -1.6021766e-19    -9.156439e-20    2.4568996e-19              885                0
   -0.00087716908    2.7684002e-05     0.0068688872    0.00018106919    -0.0089879334   -0.00077598746    9.1093825e-31   -1.6021766e-19    -9.156439e-20    2.4568996e-19             1639                1
     0.0022572179    5.5128232e-05      0.013353421      0.003353046    -0.0097468793    -0.0025283666    9.1093825e-31   -1.6021766e-19    -9.156439e-20    2.4568996e-19             1781                1
    -0.0024109078    4.9632356e-05     -0.014847431    -0.0012033314     0.0028980533    0.00063236593    9.1093825e-31   -1.6021766e-19    -9.156439e-20    2.4568996e-19               27                0
    -0.0050400626    7.8172852e-05     -0.014854882   -0.00028990302     0.0025446368    -0.0025972731    9.1093825e-31   -1.6021766e-19    -9.156439e-20    2.4568996e-19              839                0
     0.0018381417    1.6965427e-05    -0.0019423222     0.0011956429     0.0027188954    0.00054006552    9.1093825e-31   -1.6021766e-19    -9.156439e-20    2.4568996e-19             1751                1
     0.0075508901    2.1977152e-05    -0.0099491859    0.00041379599   -6.4242959e-05   -0.00089859596    9.1093825e-31   -1.6021766e-19    -9.156439e-20    2.4568996e-19              786                0
    -0.0010141743    2.7626387e-05     0.0057923631      0.003231192    -0.0098166149     -0.002438508    9.1093825e-31   -1.6021766e-19    -9.156439e-20    2.4568996e-19             1671                1
     0.0068550757     8.962235e-05      -0.01438738     0.0018015329     0.0025256339      0.003432824    9.1093825e-31   -1.6021766e-19    -9.156439e-20    2.4568996e-19              918                0
     0.0076932777    6.2199128e-05    -0.0079671759   -8.1933322e-06     0.0020661897    -0.0028930015    9.1093825e-31   -1.6021766e-19    -9.156439e-20    2.4568996e-19             1401                1
     0.0053815045     2.176931e-06     -0.011647246    0.00075998978    0.00097128685     0.0026441822    9.1093825e-31   -1.6021766e-19    -9.156439e-20    2.4568996e-19              954                0
       0.00116674    1.8134642e-06    -0.0066324538    0.00042555702     0.0021789693    -0.0028995024    9.1093825e-31   -1.6021766e-19    -9.156439e-20    2.4568996e-19             1814                1
    -0.0033963025    6.2530358e-05    -0.0098993303    6.1519095e-05     0.0095637031    0.00012957898    9.1093825e-31   -1.6021766e-19    -9.156439e-20    2.4568996e-19             1721                1
     0.0049076211    5.3621889e-06    0.00026077236   -0.00086134032    -0.0023728241    0.00037791443    9.1093825e-31   -1.6021766e-19    -9.156439e-20    2.4568996e-19               63                0
     0.0024767797    2.8862425e-05     -0.009140715    0.00073563214     0.0054486422     0.0010699965    9.1093825e-31   -1.6021766e-19    -9.156439e-20    2.4568996e-19             1667                1
    0.00040763573    6.3414358e-05    -0.0087833721    0.00019662669      0.011049675     0.0001274589    9.1093825e-31   -1.6021766e-19    -9.156439e-20    2.4568996e-19             1753                1
     0.0017930927     3.294781e-05      0.010652976    0.00012538093    -0.0097536286      0.006561806    9.1093825e-31   -1.6021766e-19    -9.156439e-20    2.4568996e-19             1708                1
     0.0017454237    6.4222579e-05      -0.01441728     -0.002997889     0.0035506245   -0.00041083098    9.1093825e-31   -1.6021766e-19    -9.156439e-20    2.4568996e-19              983                0
     0.0026029751    1.8691546e-05    -0.0077115949    -0.0040717009     0.0049134269    -0.0050124326    9.1093825e-31   -1.6021766e-19    -9.156439e-20    2.4568996e-19             1761                1
     0.0078425566    4.3802262e-05     -0.014144512     0.0012030095    -0.0023433995    0.00011229351    9.1093825e-31   -1.6021766e-19    -9.156439e-20    2.4568996e-19             1627                1
   -0.00054889504    8.6681048e-06     0.0094681317    0.00027510547     -0.012973652    -0.0042606108    9.1093825e-31   -1.6021766e-19    -9.156439e-20    2.4568996e-19             1717                1
   -0.00081055373    1.7459361e-05    -0.0027152165    -0.0041351477     0.0051406934    -0.0048021511    9.1093825e-31   -1.6021766e-19    -9.156439e-20    2.4568996e-19             1795                1
    -0.0075352397    4.5156979e-05    -0.0048842998    -0.0028488985   -0.00087081356     0.0003456148    9.1093825e-31   -1.6021766e-19    -9.156439e-20    2.4568996e-19              243                0
   -6.6275323e-05    4.0596049e-05       0.01383492     0.0037709032     -0.011474559   -0.00063102163    9.1093825e-31   -1.6021766e-19    -9.156439e-20    2.4568996e-19             1769                1
    -0.0031069147    1.5440906e-05     0.0023109799    -0.0010490166     -0.003078582     0.0022474604    9.1093825e-31   -1.6021766e-19    -9.156439e-20    2.4568996e-19              512                0
    -0.0028818026    1.6735787e-05    0.00022779615    -0.0029368862    -0.0029433984    -0.0029511862    9.1093825e-31   -1.6021766e-19    -9.156439e-20    2.4568996e-19              303                0
   -0.00079757645    6.7902598e-05    4.9940867e-05   -3.1313037e-05    -0.0052163233   -0.00091059256    9.1093825e-31   -1.6021766e-19    -9.156439e-20    2.4568996e-19             1766                1
    -0.0015460822    5.8770405e-05    -0.0086984327    -0.0037588184     0.0092913089     0.0027322501    9.1093825e-31   -1.6021766e-19    -9.156439e-20    2.4568996e-19             1720                1
    -0.0012370265    4.9356204e-06     0.0066290232   -8.8104216e-06     0.0060624271       0.00125161    9.1093825e-31   -1.6021766e-19    -9.156439e-20    2.4568996e-19             1815                1
    -0.0010986339    5.5827236e-06     0.0056931772     0.0025253661     0.0069120601    -0.0024005238    9.1093825e-31   -1.6021766e-19    -9.156439e-20    2.4568996e-19             1816                1
   -0.00064115145    9.7661286e-05    -0.0082368031    0.00013077847    -0.0077975434     0.0013465453    9.1093825e-31   -1.6021766e-19    -9.156439e-20    2.4568996e-19             1821                1
     0.0014672243    7.0008377e-07     0.0025524616     0.0017091715     0.0070717535      0.001885223    9.1093825e-31   -1.6021766e-19    -9.156439e-20    2.4568996e-19             1824                1
