%  ASCII export : 
%
%  Momentum is normalized to the product of particle's mass and speed of light.
%  All other quantities are in SI units.
%
%            posX             posY             posZ             momX             momY             momZ             mass           charge     macro-charge             time       particleID         sourceID

    -0.0012363251    8.0982158e-05     0.0066251783   -8.1355742e-05    -0.0067243981    0.00031138703    9.1093825e-31   -1.6021766e-19    -9.156439e-20    2.1365782e-19             1657                1
     0.0035194431    7.4601368e-05     -0.013926773     0.0014718396    -0.0022443084   -0.00017435411    9.1093825e-31   -1.6021766e-19    -9.156439e-20    2.1365782e-19                3                0
    -0.0090141036    4.1094918e-05     -0.008858568     0.0015420045    -0.0011916499   -0.00056486396    9.1093825e-31   -1.6021766e-19    -9.156439e-20    2.1365782e-19                5                0
    -0.0025893506    6.1101135e-05     9.677808e-05   -0.00027514494    0.00022867353   -0.00056382309    9.1093825e-31   -1.6021766e-19    -9.156439e-20    2.1365782e-19              348                0
    -0.0093266275    5.5099586e-05    -0.0044859368     0.0020786482   -0.00091973151    0.00086001871    9.1093825e-31   -1.6021766e-19    -9.156439e-20    2.1365782e-19             1002                1
     0.0033659865      3.58941e-05     0.0078413393     -0.000701999     0.0005734447     0.0028015675    9.1093825e-31   -1.6021766e-19    -9.156439e-20    2.1365782e-19             1435                1
      0.001242529    9.6397278e-05     0.0025663164    -0.0015437326     0.0065015145     0.0017866924    9.1093825e-31   -1.6021766e-19    -9.156439e-20    2.1365782e-19             1470                1
   -0.00067879417    5.6840363e-05     -0.012118961     0.0004338357    -0.0035923235    -0.0011807308    9.1093825e-31   -1.6021766e-19    -9.156439e-20    2.1365782e-19               55                0
     0.0063780658    1.3432268e-05      0.014261205   -0.00056713697    0.00085389457    0.00091638102    9.1093825e-31   -1.6021766e-19    -9.156439e-20    2.1365782e-19              171                0
     0.0078407545    9.0472153e-05      0.013951315    -0.0028941336     0.0018114655    0.00065426074    9.1093825e-31   -1.6021766e-19    -9.156439e-20    2.1365782e-19              940                0
     0.0044576707    4.6827485e-05     0.0052847769    -0.0005864625     0.0020846417   -0.00038355388    9.1093825e-31   -1.6021766e-19    -9.156439e-20    2.1365782e-19              154                0
     0.0065012733    6.3638414e-05     -0.013417227     0.0014054873    -0.0014387867     0.0013952154    9.1093825e-31   -1.6021766e-19    -9.156439e-20    2.1365782e-19              488                0
     0.0070200139    8.0195532e-05        0.0136346     0.0026798225     0.0021645864    0.00019298613    9.1093825e-31   -1.6021766e-19    -9.156439e-20    2.1365782e-19              405                0
    0.00043415074     8.126883e-05      0.012885947    -0.0038577879    -0.0068397163    -0.0063223583    9.1093825e-31   -1.6021766e-19    -9.156439e-20    2.1365782e-19             1663                1
     0.0033258181    6.8773319e-05     0.0092471838   -0.00096153386      0.008681654     0.0011959114    9.1093825e-31   -1.6021766e-19    -9.156439e-20    2.1365782e-19             1576                1
     0.0082538696    2.5030518e-05   -0.00070818124    3.7679732e-05      -0.00107576    -0.0015467799    9.1093825e-31   -1.6021766e-19    -9.156439e-20    2.1365782e-19              193                0
     0.0079000536    8.2020473e-05     0.0077225617    0.00046518067      0.001668251    -0.0015600815    9.1093825e-31   -1.6021766e-19    -9.156439e-20    2.1365782e-19              235                0
     0.0080776941    2.7674891e-05     0.0086043421    -0.0021821377    0.00041651877   -0.00020146517    9.1093825e-31   -1.6021766e-19    -9.156439e-20    2.1365782e-19              961                0
     0.0086498475    2.9463088e-05    0.00016561455      0.002078881   -0.00017425868    0.00017313997    9.1093825e-31   -1.6021766e-19    -9.156439e-20    2.1365782e-19              386                0
    -0.0030902908     3.143851e-06     -0.010440814     0.0042722002     0.0020243889   -0.00034235607    9.1093825e-31   -1.6021766e-19    -9.156439e-20    2.1365782e-19             1682                1
    -0.0051480588    1.6430438e-05     -0.014014398     -0.002122425    -0.0028119271    -0.0013908999    9.1093825e-31   -1.6021766e-19    -9.156439e-20    2.1365782e-19              293                0
    -0.0039317487    6.7404806e-05     -0.013155323   -0.00037582935    -0.0017486833    -0.0020538538    9.1093825e-31   -1.6021766e-19    -9.156439e-20    2.1365782e-19              645                0
    -0.0052865166    7.2928648e-05     0.0089679174     0.0014965115     0.0020109683   -0.00043794824    9.1093825e-31   -1.6021766e-19    -9.156439e-20    2.1365782e-19              355                0
     0.0077015748    4.7345275e-05     -0.011920983   -0.00083896046    -0.0013086407    0.00070967252    9.1093825e-31   -1.6021766e-19    -9.156439e-20    2.1365782e-19              451                0
    -0.0067827045    1.1806402e-05      0.011570859     0.0022878314     0.0011681002    -0.0018209289    9.1093825e-31   -1.6021766e-19    -9.156439e-20    2.1365782e-19              716                0
    -0.0064162784    4.6219127e-05    -0.0020633792   -0.00010353712   -0.00032871493    0.00093312765    9.1093825e-31   -1.6021766e-19    -9.156439e-20    2.1365782e-19               32                0
     0.0055430406    5.1764109e-05      0.011531685   -0.00031153933     0.0076920963   -0.00010202468    9.1093825e-31   -1.6021766e-19    -9.156439e-20    2.1365782e-19             1607                1
     0.0083235689    3.8246464e-05    0.00066061312     -0.001666673    8.0393344e-05   -0.00062185107    9.1093825e-31   -1.6021766e-19    -9.156439e-20    2.1365782e-19              455                0
       0.00588095    3.6378875e-05     0.0030107312   -0.00041466791     0.0006059694   -6.0135721e-06    9.1093825e-31   -1.6021766e-19    -9.156439e-20    2.1365782e-19              475                0
    -0.0034791732     8.581431e-05    -0.0064255656    -0.0015673715     0.0011788479   -0.00019463895    9.1093825e-31   -1.6021766e-19    -9.156439e-20    2.1365782e-19             1466                1
     0.0033646321    9.7614109e-05      0.012703448     0.0013861135      0.010914717   -0.00095487048    9.1093825e-31   -1.6021766e-19    -9.156439e-20    2.1365782e-19             1545                1
     0.0051430226     4.945093e-05    -0.0021763539      0.000816399    -0.0011514584     0.0019318735    9.1093825e-31   -1.6021766e-19    -9.156439e-20    2.1365782e-19              535                0
     0.0013930969    6.7987596e-05       0.01133759     0.0010603655      0.009759862     0.0026497147    9.1093825e-31   -1.6021766e-19    -9.156439e-20    2.1365782e-19             1585                1
    -0.0014593286    5.5725559e-05    -0.0085833874     0.0020433085    -0.0075714076     0.0034844822    9.1093825e-31   -1.6021766e-19    -9.156439e-20    2.1365782e-19             1601                1
   -0.00067725277      2.02108e-05    -0.0078293318    0.00064944592     -0.010366484    -0.0018521739    9.1093825e-31   -1.6021766e-19    -9.156439e-20    2.1365782e-19             1560                1
    -0.0026524975     8.204398e-06     -0.013960249    -0.0047528474    -0.0084155509     0.0032666947    9.1093825e-31   -1.6021766e-19    -9.156439e-20    2.1365782e-19             1532                1
    8.9320987e-05     1.992826e-05     0.0033212982     0.0024717122     0.0014261293     -0.001023723    9.1093825e-31   -1.6021766e-19    -9.156439e-20    2.1365782e-19              173                0
     0.0064329724    3.3936415e-06     0.0073545715    -0.0021342556   -0.00014627921    -0.0021078854    9.1093825e-31   -1.6021766e-19    -9.156439e-20    2.1365782e-19             1126                1
     -0.005076983    8.4487598e-05    -0.0018079076    0.00082204939     0.0013227952    -0.0020136288    9.1093825e-31   -1.6021766e-19    -9.156439e-20    2.1365782e-19             1206                1
    -0.0067529632    3.5646248e-05     0.0039861393     0.0031008287     0.0010144737    -0.0015919964    9.1093825e-31   -1.6021766e-19    -9.156439e-20    2.1365782e-19              695                0
     0.0017907894    7.3785508e-05     0.0068917163   -0.00011928671     0.0083846832    -0.0015251972    9.1093825e-31   -1.6021766e-19    -9.156439e-20    2.1365782e-19             1566                1
     0.0050613862    8.3935411e-05     0.0071260477   -0.00022604414     0.0032012495     0.0036293247    9.1093825e-31   -1.6021766e-19    -9.156439e-20    2.1365782e-19              847                0
    0.00015311236    6.3336165e-06    -0.0059723342    -0.0011318472     -0.013917094   -0.00024696608    9.1093825e-31   -1.6021766e-19    -9.156439e-20    2.1365782e-19             1606                1
    -0.0010043638    6.1191095e-05     0.0060368609   -0.00036352465     -0.010486241    -0.0027265237    9.1093825e-31   -1.6021766e-19    -9.156439e-20    2.1365782e-19             1651                1
    -0.0044526933    3.8646962e-05      0.012079506    0.00011112539      0.003243295   -0.00014401475    9.1093825e-31   -1.6021766e-19    -9.156439e-20    2.1365782e-19             1316                1
    -0.0061342134    2.8359023e-05     -0.011984456    1.8158624e-05    -0.0021278271    -0.0013658704    9.1093825e-31   -1.6021766e-19    -9.156439e-20    2.1365782e-19              385                0
     0.0037826472    1.4301117e-05    -0.0099124722    -0.0010543078    -0.0039475444    0.00075608032    9.1093825e-31   -1.6021766e-19    -9.156439e-20    2.1365782e-19              835                0
    -0.0053062062    2.2055952e-05     0.0049291216    -0.0010772547    0.00045711087   -0.00049498631    9.1093825e-31   -1.6021766e-19    -9.156439e-20    2.1365782e-19              248                0
    -0.0012133695    4.4773198e-05     0.0046173339     0.0014589037     0.0021160769     0.0014642684    9.1093825e-31   -1.6021766e-19    -9.156439e-20    2.1365782e-19              968                0
    -0.0050942963    7.4200296e-05     0.0060768784    -0.0010632852     0.0024827833      0.001250405    9.1093825e-31   -1.6021766e-19    -9.156439e-20    2.1365782e-19              895                0
     0.0010120325    9.5304043e-05     0.0059580854     0.0019402732    -0.0095457686   -0.00019492273    9.1093825e-31   -1.6021766e-19    -9.156439e-20    2.1365782e-19             1702                1
     0.0061639789       3.0944e-05     0.0048062815    -0.0011230684     0.0015338081    0.00066415069    9.1093825e-31   -1.6021766e-19    -9.156439e-20    2.1365782e-19              751                0
     0.0075224438    1.8505843e-05    -0.0091358079   -0.00071356987    -0.0014304459    0.00033228708    9.1093825e-31   -1.6021766e-19    -9.156439e-20    2.1365782e-19               10                0
    -0.0059376694    2.3052304e-05     0.0018154525     4.517769e-05   -0.00021110424     0.0019840221    9.1093825e-31   -1.6021766e-19    -9.156439e-20    2.1365782e-19              832                0
    -0.0045120064    8.5537984e-05     0.0065463521   -0.00039588497      0.009003846     0.0031467115    9.1093825e-31   -1.6021766e-19    -9.156439e-20    2.1365782e-19             1579                1
    -0.0073364633    7.7323362e-05    -0.0069639357    -0.0011503305    -0.0011150193    -0.0026718874    9.1093825e-31   -1.6021766e-19    -9.156439e-20    2.1365782e-19              532                0
     0.0011323947    1.0665106e-05     -0.009232386    -0.0024157632     -0.011640826     -0.001134029    9.1093825e-31   -1.6021766e-19    -9.156439e-20    2.1365782e-19             1587                1
     -0.004574344    9.6220829e-05     0.0036577089    1.9908961e-05    -0.0027968055   -0.00056608504    9.1093825e-31   -1.6021766e-19    -9.156439e-20    2.1365782e-19             1681                1
    -0.0091565568     9.841475e-07    -0.0031173106    0.00061069534    -0.0008965875    0.00017094755    9.1093825e-31   -1.6021766e-19    -9.156439e-20    2.1365782e-19              625                0
      0.005190596    1.5862268e-05    -0.0076957759   -2.2583577e-05    -0.0031208023   -0.00016379205    9.1093825e-31   -1.6021766e-19    -9.156439e-20    2.1365782e-19              565                0
     0.0033538928    8.8923851e-05      0.012747555   -0.00016264638    -0.0071263029    -0.0026173624    9.1093825e-31   -1.6021766e-19    -9.156439e-20    2.1365782e-19             1684                1
    -0.0012727095    2.7591384e-05     0.0027839593    -0.0016782042      0.001462884   -0.00063131581    9.1093825e-31   -1.6021766e-19    -9.156439e-20    2.1365782e-19               96                0
     0.0018580043    9.7351076e-05      0.012040497     0.0028052055    -0.0022072776   -0.00052255084    9.1093825e-31   -1.6021766e-19    -9.156439e-20    2.1365782e-19             1692                1
     0.0035671648    8.5681393e-05     0.0012169417    0.00090786314     0.0019701258    -0.0002559183    9.1093825e-31   -1.6021766e-19    -9.156439e-20    2.1365782e-19              201                0
    -0.0010475535    9.2661605e-05      0.005824198     0.0021588893    -0.0035910348     0.0013260638    9.1093825e-31   -1.6021766e-19    -9.156439e-20    2.1365782e-19             1670                1
     -0.001354432    1.2261189e-05    -0.0081443386      0.004173209     -0.010299428     0.0042424225    9.1093825e-31   -1.6021766e-19    -9.156439e-20    2.1365782e-19             1535                1
     0.0061430335    5.2132895e-05     -0.014185608     0.0010216516   -0.00087584794   -0.00096879585    9.1093825e-31   -1.6021766e-19    -9.156439e-20    2.1365782e-19              365                0
    -0.0012239339    7.3116695e-05     0.0066185864     0.0042352797     -0.009464643    -0.0019844531    9.1093825e-31   -1.6021766e-19    -9.156439e-20    2.1365782e-19             1656                1
    -0.0086356653    1.4667646e-05     -0.012876489   -0.00016715728    -0.0010291573    -0.0017663195    9.1093825e-31   -1.6021766e-19    -9.156439e-20    2.1365782e-19              301                0
    -0.0050446587    1.9864563e-05     0.0089277886    -0.0021671844     0.0016402924    1.3807389e-07    9.1093825e-31   -1.6021766e-19    -9.156439e-20    2.1365782e-19              662                0
    -0.0075638597    4.5156477e-05     0.0008719241      0.001477671     0.0020613798    0.00068125979    9.1093825e-31   -1.6021766e-19    -9.156439e-20    2.1365782e-19             1389                1
    -0.0041124923    7.5529101e-07    -0.0096913232     0.0003982333     -0.010719575      0.002050156    9.1093825e-31   -1.6021766e-19    -9.156439e-20    2.1365782e-19             1555                1
     0.0013592128    9.5988456e-05      0.011345822    -0.0039360006    -0.0043501114      0.003371625    9.1093825e-31   -1.6021766e-19    -9.156439e-20    2.1365782e-19             1695                1
     -0.004324425    6.9087917e-05     0.0060595432     0.0016065221     0.0024078633   -0.00078238366    9.1093825e-31   -1.6021766e-19    -9.156439e-20    2.1365782e-19              628                0
      0.006570966    5.7176741e-05     0.0057171583    0.00043299096    0.00081648113   -0.00062827842    9.1093825e-31   -1.6021766e-19    -9.156439e-20    2.1365782e-19              420                0
     0.0014651529    4.2982988e-06    -0.0089227082    0.00011849493     0.0024665045    0.00031708056    9.1093825e-31   -1.6021766e-19    -9.156439e-20    2.1365782e-19             1677                1
   -0.00065589411    1.1270554e-05    -0.0082458332    0.00095793972     0.0047100033    -0.0068364213    9.1093825e-31   -1.6021766e-19    -9.156439e-20    2.1365782e-19             1668                1
    0.00040452354    6.6246052e-05      0.012802825    0.00025579703     0.0082136486     0.0003600232    9.1093825e-31   -1.6021766e-19    -9.156439e-20    2.1365782e-19             1508                1
     0.0042056162    1.0535954e-05    -0.0086168284   -0.00052983529     -0.011658294     0.0010062932    9.1093825e-31   -1.6021766e-19    -9.156439e-20    2.1365782e-19             1595                1
    -0.0067138029    6.5978616e-05     -0.003251422     0.0011392875    0.00014610685    0.00097627059    9.1093825e-31   -1.6021766e-19    -9.156439e-20    2.1365782e-19              984                0
    -0.0021634274    4.2464209e-05      0.013725235    0.00025019396     0.0077835135   -0.00034280337    9.1093825e-31   -1.6021766e-19    -9.156439e-20    2.1365782e-19             1608                1
    -0.0016508164    1.7511024e-05      -0.01116574     0.0051147584     0.0059066336    -0.0024906672    9.1093825e-31   -1.6021766e-19    -9.156439e-20    2.1365782e-19             1658                1
      0.005250447    5.4756802e-05     0.0064488016     0.0010817227     0.0017803726   -0.00040132442    9.1093825e-31   -1.6021766e-19    -9.156439e-20    2.1365782e-19              580                0
     -0.002279239    7.3411691e-05      0.002902258    -0.0011197662     -0.011321651     0.0036472408    9.1093825e-31   -1.6021766e-19    -9.156439e-20    2.1365782e-19             1662                1
     0.0084766038    3.0719733e-05     -0.012775002    -0.0022372527   -0.00016916941     0.0022222551    9.1093825e-31   -1.6021766e-19    -9.156439e-20    2.1365782e-19              586                0
     0.0015565684    2.9852883e-06     -0.012928673   -0.00037053268     0.0043688444   -0.00057936611    9.1093825e-31   -1.6021766e-19    -9.156439e-20    2.1365782e-19             1698                1
    -0.0050973026    5.7122787e-05    -0.0051543592     0.0010611601    -0.0012139088   -0.00094666809    9.1093825e-31   -1.6021766e-19    -9.156439e-20    2.1365782e-19              660                0
     0.0089446949     5.818918e-05     0.0048023984   -0.00079588703     0.0014217882     0.0014987583    9.1093825e-31   -1.6021766e-19    -9.156439e-20    2.1365782e-19             1080                1
    -0.0077972817    3.7816433e-05      0.010923463    0.00063293224    0.00079255848     0.0015233536    9.1093825e-31   -1.6021766e-19    -9.156439e-20    2.1365782e-19              652                0
     0.0026339674    2.9794741e-05    -0.0076893321    -0.0014430019     -0.009443312     0.0034456034    9.1093825e-31   -1.6021766e-19    -9.156439e-20    2.1365782e-19             1569                1
    -0.0027425499    4.4377775e-05    0.00085047726   -8.3724917e-05     -0.011752554   -3.2562966e-05    9.1093825e-31   -1.6021766e-19    -9.156439e-20    2.1365782e-19             1636                1
    -0.0089736767     1.930536e-05     0.0015182798    -0.0022042687   -0.00016142495    0.00013319192    9.1093825e-31   -1.6021766e-19    -9.156439e-20    2.1365782e-19              760                0
     0.0018543575    9.5464784e-05      0.012040812   -0.00054350059     -0.003939209   -0.00023311556    9.1093825e-31   -1.6021766e-19    -9.156439e-20    2.1365782e-19             1691                1
     0.0018290245    8.1329536e-06     -0.001950538   -3.5964895e-06    -0.0035159229     0.0021443095    9.1093825e-31   -1.6021766e-19    -9.156439e-20    2.1365782e-19             1334                1
        0.0024204    3.7442344e-06    -0.0092226248    -0.0011053762     0.0036692279    -0.0040597878    9.1093825e-31   -1.6021766e-19    -9.156439e-20    2.1365782e-19             1694                1
     0.0058600521    7.5779673e-05    -0.0074552237   -0.00013915267     -0.001010082   -0.00093652151    9.1093825e-31   -1.6021766e-19    -9.156439e-20    2.1365782e-19              840                0
     0.0030409885    6.1574683e-05    -0.0056403899    -0.0017417825    -0.0022729528    1.3272362e-05    9.1093825e-31   -1.6021766e-19    -9.156439e-20    2.1365782e-19              860                0
    -0.0039098733     3.120186e-05    -0.0020471546    9.0201621e-07   -0.00098761951    -0.0005013402    9.1093825e-31   -1.6021766e-19    -9.156439e-20    2.1365782e-19              880                0
    -0.0032200355    3.9322305e-05     -0.012448769   -0.00084569526    -0.0030686385    -0.0015386356    9.1093825e-31   -1.6021766e-19    -9.156439e-20    2.1365782e-19              900                0
     -0.006555351    2.6715647e-05    -0.0087293088    0.00093879912    -0.0014987836    -0.0013275041    9.1093825e-31   -1.6021766e-19    -9.156439e-20    2.1365782e-19              132                0
     0.0033902172     5.549167e-05      0.012735241    0.00069812144     0.0067753568   -0.00024213453    9.1093825e-31   -1.6021766e-19    -9.156439e-20    2.1365782e-19             1499                1
    -0.0073055797    3.9284256e-05    -0.0027027715    0.00063612644    0.00033629162    0.00067805941    9.1093825e-31   -1.6021766e-19    -9.156439e-20    2.1365782e-19             1012                1
    -0.0036926924    5.5236924e-05    0.00034750608    -0.0013135843    0.00030826125     0.0026012149    9.1093825e-31   -1.6021766e-19    -9.156439e-20    2.1365782e-19              893                0
     0.0075126775    3.7259881e-05     -0.012934236     0.0023641158   -0.00097039761     -0.001700079    9.1093825e-31   -1.6021766e-19    -9.156439e-20    2.1365782e-19              311                0
    -0.0069312621    3.8415234e-05    -0.0077908775    -0.0012728617    -0.0015970103    0.00055356341    9.1093825e-31   -1.6021766e-19    -9.156439e-20    2.1365782e-19              791                0
     0.0076637189    9.9575431e-05       0.01060547   -0.00096829172     0.0018785531   -0.00055164093    9.1093825e-31   -1.6021766e-19    -9.156439e-20    2.1365782e-19              552                0
    -0.0030247995    1.9850151e-05     0.0051047681   -0.00023726994     0.0023057885    -0.0012207261    9.1093825e-31   -1.6021766e-19    -9.156439e-20    2.1365782e-19              110                0
   -0.00015827215    4.1342497e-05    -0.0075846692     0.0007113872    -0.0095309839    -0.0056296308    9.1093825e-31   -1.6021766e-19    -9.156439e-20    2.1365782e-19             1602                1
     0.0011474626    2.4065035e-05    -0.0067494535     0.0011045071     0.0050434475     0.0022738175    9.1093825e-31   -1.6021766e-19    -9.156439e-20    2.1365782e-19             1649                1
    -0.0062067132    2.5977253e-05     0.0028833509    4.7510395e-05    0.00098814745    -0.0001188968    9.1093825e-31   -1.6021766e-19    -9.156439e-20    2.1365782e-19              677                0
    -0.0080037136    3.9690317e-06      0.002663854    -0.0011357906    -0.0016115893    0.00064602034    9.1093825e-31   -1.6021766e-19    -9.156439e-20    2.1365782e-19             1168                1
    -0.0084791016     5.669556e-05    -0.0047893175    0.00033572133    9.4393668e-05   -0.00011259768    9.1093825e-31   -1.6021766e-19    -9.156439e-20    2.1365782e-19              210                0
    -0.0057341373    5.7100797e-06    -0.0019892328    -0.0021541512      -0.00170543    0.00099909597    9.1093825e-31   -1.6021766e-19    -9.156439e-20    2.1365782e-19              196                0
     0.0079254489    5.5668588e-05     0.0083988355   -0.00032491822    0.00090741401     0.0012623562    9.1093825e-31   -1.6021766e-19    -9.156439e-20    2.1365782e-19              254                0
     0.0059097516    7.3794399e-05     0.0044857641   -0.00064737705     0.0013940689   -0.00088080298    9.1093825e-31   -1.6021766e-19    -9.156439e-20    2.1365782e-19              270                0
     0.0092736883    7.2753632e-05      0.012588489     0.0010776032     0.0010031678   -0.00051245675    9.1093825e-31   -1.6021766e-19    -9.156439e-20    2.1365782e-19              812                0
     0.0089241052     3.266153e-05     -0.013923351     -0.000697774    -0.0011862569    0.00016493132    9.1093825e-31   -1.6021766e-19    -9.156439e-20    2.1365782e-19              310                0
     0.0078306077    2.5161942e-05     -0.011327225    0.00020120066    -0.0020139804    0.00046918233    9.1093825e-31   -1.6021766e-19    -9.156439e-20    2.1365782e-19              407                0
     0.0014925465    1.6716273e-05    -0.0051259799    0.00063823943    -0.0093417875   -0.00034645613    9.1093825e-31   -1.6021766e-19    -9.156439e-20    2.1365782e-19             1524                1
    -0.0075169532     3.788653e-05     -0.012119845    -0.0011400116   -0.00055634737    -0.0012044241    9.1093825e-31   -1.6021766e-19    -9.156439e-20    2.1365782e-19              673                0
     0.0089574652    6.8701251e-05     0.0060881302    -0.0014456033     0.0011580158    0.00046927252    9.1093825e-31   -1.6021766e-19    -9.156439e-20    2.1365782e-19              390                0
      0.008518911    2.0345533e-05      0.010219618    0.00025913271    0.00038277244   -9.2324175e-05    9.1093825e-31   -1.6021766e-19    -9.156439e-20    2.1365782e-19              410                0
     0.0094903614    8.1057136e-05     -0.010801389    0.00026659001     0.0041493489      0.000645319    9.1093825e-31   -1.6021766e-19    -9.156439e-20    2.1365782e-19             1490                1
      -0.00142676    1.9544583e-05     -0.012483853     0.0068784524     0.0045915321    -0.0076209214    9.1093825e-31   -1.6021766e-19    -9.156439e-20    2.1365782e-19             1648                1
   -3.4907371e-05    2.6945099e-05      0.014560905   -5.6122401e-05      0.005236085    0.00014235849    9.1093825e-31   -1.6021766e-19    -9.156439e-20    2.1365782e-19             1500                1
      0.004444167    6.4779459e-05     -0.013479613    0.00048935454    -0.0044396939   -6.2631363e-05    9.1093825e-31   -1.6021766e-19    -9.156439e-20    2.1365782e-19             1596                1
    -0.0087273819    7.5027921e-05     0.0049944511    -0.0012676836      0.001199547       0.00168818    9.1093825e-31   -1.6021766e-19    -9.156439e-20    2.1365782e-19              510                0
    -0.0094391862    9.2852832e-05    -0.0066651367     0.0004038082   -0.00025235853    0.00041478625    9.1093825e-31   -1.6021766e-19    -9.156439e-20    2.1365782e-19              192                0
    -0.0042178761    6.5438844e-06    -0.0097912932     0.0011249613     0.0023788484   -0.00079992495    9.1093825e-31   -1.6021766e-19    -9.156439e-20    2.1365782e-19             1664                1
     0.0090850098    2.3772915e-05     -0.012556789    -0.0025052079    -0.0012566841    -0.0020283931    9.1093825e-31   -1.6021766e-19    -9.156439e-20    2.1365782e-19              747                0
    -0.0003102381    3.3936241e-05    0.00036107653    0.00040668223    -0.0073592155      -0.00326667    9.1093825e-31   -1.6021766e-19    -9.156439e-20    2.1365782e-19             1568                1
     0.0034567143    4.7921276e-05     0.0032522189     0.0011617892     0.0017430597     0.0021973897    9.1093825e-31   -1.6021766e-19    -9.156439e-20    2.1365782e-19              991                0
    -0.0019072313    6.2135936e-05     0.0045897141     -0.001307049     0.0020480822    -0.0013503288    9.1093825e-31   -1.6021766e-19    -9.156439e-20    2.1365782e-19              630                0
    -0.0092334412    3.1362742e-05    -0.0018810439     0.0011828293    -0.0001703782   -0.00095279299    9.1093825e-31   -1.6021766e-19    -9.156439e-20    2.1365782e-19              212                0
     0.0084253708    2.7485512e-05     0.0016069474    0.00021599358    0.00010845743   -0.00083009602    9.1093825e-31   -1.6021766e-19    -9.156439e-20    2.1365782e-19              525                0
     0.0091996836    1.2657187e-05    -0.0091184787     0.0011331086   -0.00039238506    -0.0014043691    9.1093825e-31   -1.6021766e-19    -9.156439e-20    2.1365782e-19              690                0
    -0.0011325089     9.714593e-05     0.0066445004    -0.0043252851    -0.0016328247     0.0049718828    9.1093825e-31   -1.6021766e-19    -9.156439e-20    2.1365782e-19             1674                1
    -0.0014614019    8.3757521e-05     -0.006674632   -0.00091327907     -0.001283814    -0.0012319385    9.1093825e-31   -1.6021766e-19    -9.156439e-20    2.1365782e-19             1170                1
      -0.00875632    7.2664901e-05    -0.0012583493    0.00091771636   -0.00034163581    0.00099262479    9.1093825e-31   -1.6021766e-19    -9.156439e-20    2.1365782e-19              750                0
    -0.0016523977    4.7482899e-06     0.0084171295     0.0011926213     0.0018200818    -0.0016453925    9.1093825e-31   -1.6021766e-19    -9.156439e-20    2.1365782e-19             1655                1
    -0.0089368438    3.4366218e-05      0.010370326     0.0017741161     -0.002014641   -0.00056036189    9.1093825e-31   -1.6021766e-19    -9.156439e-20    2.1365782e-19             1370                1
    -0.0040214946     7.644303e-05      0.009411253     0.0039818971     -0.010620418     -0.002275805    9.1093825e-31   -1.6021766e-19    -9.156439e-20    2.1365782e-19             1669                1
    -0.0075462251       6.0733e-05    -0.0013511924     0.0028700323    0.00047273043   -0.00085138646    9.1093825e-31   -1.6021766e-19    -9.156439e-20    2.1365782e-19              257                0
    -0.0056116981    4.3323576e-05     0.0057888334    -0.0010951608     0.0019934969     0.0010294763    9.1093825e-31   -1.6021766e-19    -9.156439e-20    2.1365782e-19              220                0
     0.0067526745    6.4555774e-05     0.0091377199    -0.0016443615     0.0024604327     0.0013780352    9.1093825e-31   -1.6021766e-19    -9.156439e-20    2.1365782e-19              870                0
     0.0064827348    3.2251191e-05    -0.0084680254    -0.0027551393    -0.0013580464   -0.00053914869    9.1093825e-31   -1.6021766e-19    -9.156439e-20    2.1365782e-19              931                0
    -0.0010538338    8.8074157e-05     0.0056900075    -0.0053624273    -0.0072912453    0.00056272838    9.1093825e-31   -1.6021766e-19    -9.156439e-20    2.1365782e-19             1676                1
     0.0041781319    8.6284417e-05     -0.014863487     -0.001337858    -0.0013558045    -0.0022186635    9.1093825e-31   -1.6021766e-19    -9.156439e-20    2.1365782e-19              833                0
    -0.0076532513    1.7912202e-05     0.0045310976   -0.00040682286    4.0944942e-06     0.0013635553    9.1093825e-31   -1.6021766e-19    -9.156439e-20    2.1365782e-19              633                0
   -0.00016894059    1.2369295e-05     -0.003541634    0.00056583504   -0.00026864625     -0.003055837    9.1093825e-31   -1.6021766e-19    -9.156439e-20    2.1365782e-19             1630                1
     0.0048347232    4.2855849e-05     0.0071093487    0.00021184559     0.0016940818     0.0030150837    9.1093825e-31   -1.6021766e-19    -9.156439e-20    2.1365782e-19               18                0
     0.0059753605    2.0813412e-05    -0.0028804997    -0.0011374149   -0.00042892343    -0.0022775095    9.1093825e-31   -1.6021766e-19    -9.156439e-20    2.1365782e-19              256                0
    -0.0013107143    7.0084993e-06     -0.014205503    -0.0002001699    -0.0081313336    -0.0021331387    9.1093825e-31   -1.6021766e-19    -9.156439e-20    2.1365782e-19             1493                1
    -0.0035899198    8.2344077e-06     -0.014345299    -0.0023514961    -0.0026854053    0.00044173576    9.1093825e-31   -1.6021766e-19    -9.156439e-20    2.1365782e-19              567                0
     0.0019576983    3.3412769e-06     -0.012605013   -0.00055676338     -0.010380424    -0.0002310155    9.1093825e-31   -1.6021766e-19    -9.156439e-20    2.1365782e-19             1570                1
    -0.0016480844    1.3296914e-05     -0.011166957     0.0060660793     0.0044386261    -0.0029143828    9.1093825e-31   -1.6021766e-19    -9.156439e-20    2.1365782e-19             1659                1
     -0.001073438     1.130901e-05    -0.0059327702    -0.0022496511    -0.0093854154   -0.00064960337    9.1093825e-31   -1.6021766e-19    -9.156439e-20    2.1365782e-19             1504                1
    -0.0090307407    8.3587613e-05      0.012490249    -0.0017031664     0.0012111363    2.0208921e-05    9.1093825e-31   -1.6021766e-19    -9.156439e-20    2.1365782e-19              865                0
     0.0092183715    6.2456616e-05    0.00092220691     0.0014051073   -0.00019806788   -0.00017854631    9.1093825e-31   -1.6021766e-19    -9.156439e-20    2.1365782e-19              637                0
     0.0033120888    8.3175537e-06    -0.0075067179     -0.001264048     -0.011126424     0.0010267729    9.1093825e-31   -1.6021766e-19    -9.156439e-20    2.1365782e-19             1572                1
    -0.0030900494    7.6115421e-06     -0.010439993     0.0044354135      0.005032992     0.0002104992    9.1093825e-31   -1.6021766e-19    -9.156439e-20    2.1365782e-19             1683                1
     0.0047496571    7.1059003e-05     0.0021105106    -0.0007343507     0.0014439218     0.0011525875    9.1093825e-31   -1.6021766e-19    -9.156439e-20    2.1365782e-19              229                0
    -0.0028802031    3.1982439e-05    -0.0056408509    0.00043427941    -0.0025923634    -0.0028057783    9.1093825e-31   -1.6021766e-19    -9.156439e-20    2.1365782e-19              507                0
    -0.0085961213    7.3258212e-05    -0.0014422218    0.00081912201   -0.00033088756    -0.0004030804    9.1093825e-31   -1.6021766e-19    -9.156439e-20    2.1365782e-19              894                0
    -0.0027662755    5.2658412e-05    -0.0088852094     0.0006937455    -0.0064912196    -0.0015676365    9.1093825e-31   -1.6021766e-19    -9.156439e-20    2.1365782e-19             1482                1
     0.0078334622    7.4432486e-05    -0.0032432615     0.0016420702   -0.00066453748     0.0023101291    9.1093825e-31   -1.6021766e-19    -9.156439e-20    2.1365782e-19              309                0
    -0.0089332769    4.9439721e-05      0.011245512   -0.00022347065    0.00046165468   -0.00060465635    9.1093825e-31   -1.6021766e-19    -9.156439e-20    2.1365782e-19              329                0
      0.007722504    5.0385839e-05     -0.014131931    -0.0029015299   -6.9554029e-05     0.0013573894    9.1093825e-31   -1.6021766e-19    -9.156439e-20    2.1365782e-19              349                0
     0.0090904851    6.0776692e-05     0.0078718252    -0.0010175609    0.00037120734     0.0016580946    9.1093825e-31   -1.6021766e-19    -9.156439e-20    2.1365782e-19              369                0
     -0.002864921    8.1590173e-05     -0.006947814    -0.0019253952    0.00055686361   -0.00044861366    9.1093825e-31   -1.6021766e-19    -9.156439e-20    2.1365782e-19             1453                1
    0.00035328013    2.7471346e-05       0.01267717    -0.0029003464     0.0058526658     -0.007386371    9.1093825e-31   -1.6021766e-19    -9.156439e-20    2.1365782e-19             1507                1
    -0.0022990832    4.3570923e-05     0.0071878834     0.0020509306     0.0035707525    0.00016141926    9.1093825e-31   -1.6021766e-19    -9.156439e-20    2.1365782e-19              632                0
     0.0055493531    2.2421013e-05     0.0035420863    -0.0014201964    0.00095200998   -0.00024452311    9.1093825e-31   -1.6021766e-19    -9.156439e-20    2.1365782e-19              251                0
    -0.0089894077    9.2379065e-05    0.00046384244     0.0010521782     0.0004375648    0.00012343255    9.1093825e-31   -1.6021766e-19    -9.156439e-20    2.1365782e-19              469                0
     0.0063557811    1.9387977e-05    -0.0093913507       0.00231747    -0.0028903596   -0.00017750975    9.1093825e-31   -1.6021766e-19    -9.156439e-20    2.1365782e-19             1004                1
     0.0015592626    9.6273136e-05      0.011494478    -0.0014067459    -0.0026483096    -0.0015381114    9.1093825e-31   -1.6021766e-19    -9.156439e-20    2.1365782e-19             1689                1
     0.0073935012    3.3243639e-05    0.00090694788    -0.0015549368    0.00070490444   -0.00085185369    9.1093825e-31   -1.6021766e-19    -9.156439e-20    2.1365782e-19              476                0
    -0.0049799895    2.5067729e-05     -0.012678505     0.0013669049    -0.0020347685    -0.0016446429    9.1093825e-31   -1.6021766e-19    -9.156439e-20    2.1365782e-19              549                0
    -0.0011323545     7.635833e-05      0.010156571     0.0026330226     0.0033386245    0.00071945117    9.1093825e-31   -1.6021766e-19    -9.156439e-20    2.1365782e-19              569                0
     0.0012094532    9.1703529e-05      0.013640016    -0.0070979041      0.012391344     0.0049267742    9.1093825e-31   -1.6021766e-19    -9.156439e-20    2.1365782e-19             1589                1
     0.0013670125    2.1342757e-05    -0.0088361502    -0.0017379464     0.0058572371   -8.6179694e-05    9.1093825e-31   -1.6021766e-19    -9.156439e-20    2.1365782e-19             1654                1
     0.0095012588    6.6306704e-05     -0.014589218   -9.8043398e-05    1.6750009e-05     0.0020946027    9.1093825e-31   -1.6021766e-19    -9.156439e-20    2.1365782e-19              922                0
    -0.0010747133    3.4366301e-05     -0.012394882    -0.0023299998    -0.0036277184   -0.00037709859    9.1093825e-31   -1.6021766e-19    -9.156439e-20    2.1365782e-19              649                0
    -0.0078663537    5.6765843e-05     0.0038246028     0.0011929889    0.00062001287    0.00098686642    9.1093825e-31   -1.6021766e-19    -9.156439e-20    2.1365782e-19              934                0
   -0.00055156165    9.7889359e-05     0.0095080184    0.00052958314      0.010193531   -7.1106544e-05    9.1093825e-31   -1.6021766e-19    -9.156439e-20    2.1365782e-19             1505                1
    -0.0079338262    8.0092002e-05     0.0023840819    7.8555262e-05       0.00120886   -6.3219282e-05    9.1093825e-31   -1.6021766e-19    -9.156439e-20    2.1365782e-19              709                0
     0.0029846057    7.7249868e-05   -0.00089915039   -0.00058494566    -0.0036683455    0.00027595536    9.1093825e-31   -1.6021766e-19    -9.156439e-20    2.1365782e-19             1549                1
    -0.0021441267    7.1939394e-05     0.0061817286    0.00038267885     0.0086198943     0.0020956839    9.1093825e-31   -1.6021766e-19    -9.156439e-20    2.1365782e-19             1599                1
     -0.006778569    9.1511691e-05     0.0026103763    -0.0019214432     0.0059445589   -0.00041582482    9.1093825e-31   -1.6021766e-19    -9.156439e-20    2.1365782e-19             1501                1
     0.0016616161    2.4733574e-05     0.0036401232   -0.00080017006     0.0016039348    0.00053047761    9.1093825e-31   -1.6021766e-19    -9.156439e-20    2.1365782e-19              754                0
    -0.0050506578    9.9719902e-05       0.01007569    0.00087359431     0.0035800633   -9.5872936e-05    9.1093825e-31   -1.6021766e-19    -9.156439e-20    2.1365782e-19              577                0
    -0.0015495035    8.6533459e-05       0.01072856    -0.0051267715      0.011768298     0.0007155604    9.1093825e-31   -1.6021766e-19    -9.156439e-20    2.1365782e-19             1592                1
    -0.0088659506    8.0815269e-05    -0.0046106703   -0.00061067718    0.00014743148    0.00089873862    9.1093825e-31   -1.6021766e-19    -9.156439e-20    2.1365782e-19              849                0
     0.0079167178    4.2763251e-05     0.0028260408    -0.0011109767   -0.00015329444    1.7408211e-05    9.1093825e-31   -1.6021766e-19    -9.156439e-20    2.1365782e-19              869                0
     0.0086770179    5.5118839e-05     0.0040461686   -0.00072036148    0.00097877323    -0.0011705379    9.1093825e-31   -1.6021766e-19    -9.156439e-20    2.1365782e-19               36                0
     0.0077502835    1.1594112e-05     0.0016930226     0.0012985189   -0.00013301864     0.0016544837    9.1093825e-31   -1.6021766e-19    -9.156439e-20    2.1365782e-19              977                0
    -0.0058613764    1.9156334e-05   -0.00025266956    0.00021073686   -0.00077613746   -0.00033424134    9.1093825e-31   -1.6021766e-19    -9.156439e-20    2.1365782e-19              622                0
      0.004829159    7.4385018e-05     -0.001754639     0.0025338489    -0.0066968161    0.00028761668    9.1093825e-31   -1.6021766e-19    -9.156439e-20    2.1365782e-19             1643                1
      0.006065893    6.6252207e-05      0.011824094     -0.000696723     0.0015944908     0.0020726279    9.1093825e-31   -1.6021766e-19    -9.156439e-20    2.1365782e-19              280                0
    -0.0046819327    5.2992382e-05    -0.0082925046    -0.0014291308    -0.0028630712     0.0017538046    9.1093825e-31   -1.6021766e-19    -9.156439e-20    2.1365782e-19              591                0
    -0.0093778502    6.7712725e-05      0.002563908    0.00081401371    0.00065324921    0.00012271976    9.1093825e-31   -1.6021766e-19    -9.156439e-20    2.1365782e-19               44                0
   -8.2887636e-05    6.6300541e-05    -0.0072474801    -0.0033687234    -0.0075492137   -0.00018688761    9.1093825e-31   -1.6021766e-19    -9.156439e-20    2.1365782e-19             1632                1
     0.0032746668    2.8885315e-06    -0.0075300438     0.0021878725     0.0057605947    -0.0059607867    9.1093825e-31   -1.6021766e-19    -9.156439e-20    2.1365782e-19             1703                1
     0.0028369208     4.235559e-05     0.0099477861    0.00034367378     0.0031948276   -0.00023361725    9.1093825e-31   -1.6021766e-19    -9.156439e-20    2.1365782e-19              177                0
     0.0011269921    7.2671799e-05     0.0027858047     0.0011820672    -0.0051824227     0.0020927207    9.1093825e-31   -1.6021766e-19    -9.156439e-20    2.1365782e-19             1623                1
     0.0012133438    9.2537348e-06    -0.0096295895    -0.0041544591     0.0037471419     0.0052320603    9.1093825e-31   -1.6021766e-19    -9.156439e-20    2.1365782e-19             1665                1
    -0.0063181357    8.8940258e-05    -0.0028075352     0.0053687785    -0.0029219568     0.0043174564    9.1093825e-31   -1.6021766e-19    -9.156439e-20    2.1365782e-19             1629                1
    -0.0083788028    6.0551421e-05     0.0038011225    0.00098183157    0.00014530162    -0.0031899866    9.1093825e-31   -1.6021766e-19    -9.156439e-20    2.1365782e-19              184                0
     0.0022958107    4.6508208e-05   -6.1877821e-05     0.0012833842     -0.010160347     0.0019618215    9.1093825e-31   -1.6021766e-19    -9.156439e-20    2.1365782e-19             1625                1
    -0.0042605693    1.0833945e-05    -0.0073462417    -0.0015797344     0.0081918873   -0.00017180624    9.1093825e-31   -1.6021766e-19    -9.156439e-20    2.1365782e-19             1688                1
     -0.006041198    6.8194073e-05    -0.0093237916   -0.00013313194    0.00081152044   -6.0754715e-05    9.1093825e-31   -1.6021766e-19    -9.156439e-20    2.1365782e-19             1436                1
    -0.0086473729    5.3745745e-05     0.0021150697    0.00044436118    9.3251561e-05   -0.00017254296    9.1093825e-31   -1.6021766e-19    -9.156439e-20    2.1365782e-19              264                0
      0.005079587    7.0742259e-05    0.00035085643     0.0002057698    0.00033398697     -0.001275993    9.1093825e-31   -1.6021766e-19    -9.156439e-20    2.1365782e-19              284                0
    -0.0056102513    2.7162672e-05      0.005604954    0.00084408477     0.0015360892   -0.00045428742    9.1093825e-31   -1.6021766e-19    -9.156439e-20    2.1365782e-19              906                0
   -0.00090092554    6.9328904e-05    -0.0063531464    0.00014589768    -0.0063853492    -0.0031485162    9.1093825e-31   -1.6021766e-19    -9.156439e-20    2.1365782e-19             1581                1
    -0.0040543219    8.6015418e-05     -0.012674589    -0.0016671865    -0.0020410377    0.00035478495    9.1093825e-31   -1.6021766e-19    -9.156439e-20    2.1365782e-19              344                0
    -0.0037817908    9.9556426e-05      0.011561297   -0.00038858288      0.010808502    0.00035570591    9.1093825e-31   -1.6021766e-19    -9.156439e-20    2.1365782e-19             1544                1
   -0.00098596397    5.5815981e-05    -0.0021145637   -6.3694722e-05   -0.00068004767     0.0001891611    9.1093825e-31   -1.6021766e-19    -9.156439e-20    2.1365782e-19              384                0
   -0.00055130332    4.1002259e-05    -0.0025517016   -8.8928129e-05    -0.0087725231   -0.00058486953    9.1093825e-31   -1.6021766e-19    -9.156439e-20    2.1365782e-19             1590                1
     0.0070004119    8.5522242e-06     0.0080873836    -0.0022401924    -0.0025256749    0.00074853463    9.1093825e-31   -1.6021766e-19    -9.156439e-20    2.1365782e-19             1447                1
    -0.0092221061    6.6740358e-05   -0.00048077133     2.483018e-05   -6.7503606e-05    0.00067071291    9.1093825e-31   -1.6021766e-19    -9.156439e-20    2.1365782e-19              444                0
    -0.0059468034    1.9690286e-05    -0.0019130612    0.00023508252   -0.00015898136    -0.0010533246    9.1093825e-31   -1.6021766e-19    -9.156439e-20    2.1365782e-19              464                0
    -0.0011726405    5.7842499e-05     -0.004146927    -0.0034967733    -0.0091083599     0.0029430313    9.1093825e-31   -1.6021766e-19    -9.156439e-20    2.1365782e-19             1628                1
     0.0054651839    2.3196675e-05     0.0091892518     0.0015512372     0.0026873681     0.0017100329    9.1093825e-31   -1.6021766e-19    -9.156439e-20    2.1365782e-19             1322                1
     0.0047902917    4.4417789e-05    -0.0034249611    -0.0042882664    -0.0087576471    -0.0014896786    9.1093825e-31   -1.6021766e-19    -9.156439e-20    2.1365782e-19             1610                1
     0.0033417079    4.9330967e-05   -0.00098998717    0.00040073265   -0.00050079089     0.0010079336    9.1093825e-31   -1.6021766e-19    -9.156439e-20    2.1365782e-19              666                0
     0.0084602851    2.6267871e-05    -0.0039099418   -0.00066566479    1.2197796e-05    0.00088328181    9.1093825e-31   -1.6021766e-19    -9.156439e-20    2.1365782e-19              564                0
    -0.0081149004    8.9294816e-05     -0.009835206    1.5167687e-05     0.0013784748    0.00045797467    9.1093825e-31   -1.6021766e-19    -9.156439e-20    2.1365782e-19             1219                1
      -0.00724942    2.2800281e-05      0.011909183    -0.0013732525    0.00017228068    -0.0001890854    9.1093825e-31   -1.6021766e-19    -9.156439e-20    2.1365782e-19              604                0
    -0.0067131124    7.8197125e-05      0.002021654   -6.1649705e-05     0.0023075379    2.8532839e-05    9.1093825e-31   -1.6021766e-19    -9.156439e-20    2.1365782e-19             1113                1
    -0.0056340913     9.726885e-05    -0.0032482725    -0.0028839924     0.0035182354     0.0025809784    9.1093825e-31   -1.6021766e-19    -9.156439e-20    2.1365782e-19             1464                1
    -0.0068480247    5.6645313e-05    0.00082695787    0.00024701023    0.00083061936   -8.8516434e-05    9.1093825e-31   -1.6021766e-19    -9.156439e-20    2.1365782e-19              664                0
    -0.0077362154    4.6092777e-05     -0.014921617    0.00080231461     -0.001526714    0.00073554442    9.1093825e-31   -1.6021766e-19    -9.156439e-20    2.1365782e-19              684                0
     0.0034073945    4.6274316e-05     0.0048281415   -0.00023077018     0.0025681257    -0.0018759944    9.1093825e-31   -1.6021766e-19    -9.156439e-20    2.1365782e-19              704                0
    -0.0026092133    6.0994538e-05      -0.01431314    -0.0014504405     -0.002391234    0.00011423383    9.1093825e-31   -1.6021766e-19    -9.156439e-20    2.1365782e-19              494                0
    -0.0066639534    4.1189978e-05     0.0093318895     0.0010625877     0.0020778107     0.0016282143    9.1093825e-31   -1.6021766e-19    -9.156439e-20    2.1365782e-19              871                0
     0.0090930648    2.3183486e-05      0.002816607    -0.0017208505   -0.00047722587    -0.0011411776    9.1093825e-31   -1.6021766e-19    -9.156439e-20    2.1365782e-19              831                0
    -0.0067205266    8.4761872e-05     -0.010971396      0.001007729    -0.0016869233    0.00099997374    9.1093825e-31   -1.6021766e-19    -9.156439e-20    2.1365782e-19              125                0
    -0.0051407688    4.0967367e-05       0.01335134    0.00098371296     0.0019904224    0.00043504339    9.1093825e-31   -1.6021766e-19    -9.156439e-20    2.1365782e-19              804                0
     0.0040003569    4.1768602e-05     -0.012595888    0.00033530634    -0.0031443567    -0.0025080685    9.1093825e-31   -1.6021766e-19    -9.156439e-20    2.1365782e-19              266                0
    0.00044762794    3.8796643e-05      0.012874765   -0.00036661219     0.0072147464   -0.00017790415    9.1093825e-31   -1.6021766e-19    -9.156439e-20    2.1365782e-19             1588                1
     0.0017398488    4.3158911e-06       0.01156303    -0.0013952944   -0.00095080794     0.0020712358    9.1093825e-31   -1.6021766e-19    -9.156439e-20    2.1365782e-19             1479                1
    -0.0028265093    6.5605964e-05    -0.0089843925     0.0011731329      -0.00254042     0.0011462555    9.1093825e-31   -1.6021766e-19    -9.156439e-20    2.1365782e-19              360                0
     0.0048915753    3.7068767e-05     0.0070035481    -0.0032516716     0.0053205173    -0.0010428474    9.1093825e-31   -1.6021766e-19    -9.156439e-20    2.1365782e-19             1613                1
     0.0033335269    4.2611431e-05    -0.0014347257    -0.0011086437   -0.00077045086   -0.00047661373    9.1093825e-31   -1.6021766e-19    -9.156439e-20    2.1365782e-19              711                0
     0.0011212307    8.6716202e-05     0.0027884734    0.00030089429    -0.0030319248     0.0024996407    9.1093825e-31   -1.6021766e-19    -9.156439e-20    2.1365782e-19             1624                1
    0.00053861568    3.8628204e-05     -0.011879836    3.1466407e-05    -0.0030497282    0.00023257505    9.1093825e-31   -1.6021766e-19    -9.156439e-20    2.1365782e-19              958                0
    -0.0086057251    9.9431796e-05     0.0093909176   -3.4302615e-05    0.00064104609    -0.0010539066    9.1093825e-31   -1.6021766e-19    -9.156439e-20    2.1365782e-19               91                0
    -0.0068001598    5.6469438e-05      0.012210229    0.00035667536     0.0014714773    0.00066899747    9.1093825e-31   -1.6021766e-19    -9.156439e-20    2.1365782e-19              988                0
     0.0075689829     3.171324e-05     0.0087230513    -0.0013913768    0.00056694215   -0.00062337675    9.1093825e-31   -1.6021766e-19    -9.156439e-20    2.1365782e-19              867                0
     0.0075859413    6.0837206e-06     0.0059010959     0.0012881357    0.00038115794   -0.00017588519    9.1093825e-31   -1.6021766e-19    -9.156439e-20    2.1365782e-19               15                0
     0.0046689631    2.4322087e-05     0.0021123092   -0.00023357313     0.0005005346   -0.00016613441    9.1093825e-31   -1.6021766e-19    -9.156439e-20    2.1365782e-19               25                0
     0.0031085005    6.9067049e-05    -0.0024295629     0.0013258634    -0.0069592223    -0.0024493078    9.1093825e-31   -1.6021766e-19    -9.156439e-20    2.1365782e-19             1631                1
     0.0024691981    1.3460415e-05    -0.0091530466    0.00051159249     0.0055592954    0.00012478219    9.1093825e-31   -1.6021766e-19    -9.156439e-20    2.1365782e-19             1666                1
    -0.0059844144    8.1595517e-06      0.001312008    0.00018383695   -0.00055339199     0.0019654816    9.1093825e-31   -1.6021766e-19    -9.156439e-20    2.1365782e-19              486                0
    -0.0053059487    3.4248049e-05     0.0067716609     0.0023982958     0.0015973732     0.0021939222    9.1093825e-31   -1.6021766e-19    -9.156439e-20    2.1365782e-19              982                0
    -0.0054899957    1.2625917e-05     -0.014736144     0.0017630714    -0.0023286573   -0.00097316271    9.1093825e-31   -1.6021766e-19    -9.156439e-20    2.1365782e-19              152                0
     0.0070433845    6.2771418e-05    0.00090622768    -0.0024530625   -0.00089827756     0.0038755774    9.1093825e-31   -1.6021766e-19    -9.156439e-20    2.1365782e-19             1374                1
    -0.0026257061    5.4398297e-05     0.0061171763     0.0013329868     0.0026572356    0.00040643991    9.1093825e-31   -1.6021766e-19    -9.156439e-20    2.1365782e-19              485                0
   -0.00073302601    1.2989667e-05    -0.0082938792    0.00032340942     -0.012619084    -0.0053956639    9.1093825e-31   -1.6021766e-19    -9.156439e-20    2.1365782e-19             1604                1
    -0.0051960885    9.8543096e-05    0.00060496537    -0.0020463835     0.0047803433    -0.0021999183    9.1093825e-31   -1.6021766e-19    -9.156439e-20    2.1365782e-19             1430                1
     0.0059060724    9.1007845e-05    -0.0048836088    -0.0013163949    -0.0028580204     -0.002185222    9.1093825e-31   -1.6021766e-19    -9.156439e-20    2.1365782e-19             1641                1
     0.0041683349    4.5292227e-06    -0.0086977668     0.0018071322     0.0040284717     0.0015991463    9.1093825e-31   -1.6021766e-19    -9.156439e-20    2.1365782e-19             1693                1
     0.0089494446    1.7586412e-05      0.013218566    -0.0017316416   -0.00075349188     -0.001605527    9.1093825e-31   -1.6021766e-19    -9.156439e-20    2.1365782e-19              262                0
     0.0022166038    8.6000819e-06     -0.014804274    -0.0052129598     0.0064417669      0.004169079    9.1093825e-31   -1.6021766e-19    -9.156439e-20    2.1365782e-19             1687                1
     0.0064365612    9.5972115e-05     0.0056931251   -0.00033455514     0.0024420989    -0.0012899751    9.1093825e-31   -1.6021766e-19    -9.156439e-20    2.1365782e-19              957                0
     -0.007123637    8.2258768e-05     0.0070687481     0.0013317772     0.0019011451   -0.00086025608    9.1093825e-31   -1.6021766e-19    -9.156439e-20    2.1365782e-19              322                0
    -0.0075635305    2.4225144e-06     0.0026390348    -0.0015665321    -0.0010024098    0.00045278276    9.1093825e-31   -1.6021766e-19    -9.156439e-20    2.1365782e-19              342                0
     0.0039436244    9.9609068e-05     0.0081633534     0.0016239271     0.0040706079    0.00058874971    9.1093825e-31   -1.6021766e-19    -9.156439e-20    2.1365782e-19              111                0
     0.0059012114    2.0314839e-05      0.009085319     0.0014090139    0.00093121128    0.00081339281    9.1093825e-31   -1.6021766e-19    -9.156439e-20    2.1365782e-19               77                0
    -0.0057372306    9.8219069e-05    -0.0075206277     0.0016754827    -0.0007456601   -0.00084454211    9.1093825e-31   -1.6021766e-19    -9.156439e-20    2.1365782e-19              117                0
    -0.0029358256    4.9987586e-05     -0.014403855    6.5845234e-06    -0.0027150703    -0.0013807974    9.1093825e-31   -1.6021766e-19    -9.156439e-20    2.1365782e-19              422                0
     0.0011396994    1.4292619e-06     -0.013267446    -0.0013473831    0.00070600916    -0.0011513128    9.1093825e-31   -1.6021766e-19    -9.156439e-20    2.1365782e-19             1660                1
    -0.0053410288    2.1050204e-05    -0.0057076742    0.00019844643    -0.0027601409   -0.00032656628    9.1093825e-31   -1.6021766e-19    -9.156439e-20    2.1365782e-19              461                0
    -0.0031861092    8.5059488e-05     0.0061207041   -0.00052289671    -0.0059709908     0.0021152049    9.1093825e-31   -1.6021766e-19    -9.156439e-20    2.1365782e-19             1661                1
    -0.0041372459    4.8585789e-05      0.010295338     -0.002849787     0.0028897857     0.0010100419    9.1093825e-31   -1.6021766e-19    -9.156439e-20    2.1365782e-19              687                0
     0.0088385055    8.7227181e-06      -0.00758912    -0.0003531648    -0.0011046828    0.00040105643    9.1093825e-31   -1.6021766e-19    -9.156439e-20    2.1365782e-19               52                0
    -0.0070509193    1.7596542e-05     0.0095351562    0.00076889549    -0.0018040524    -0.0013013618    9.1093825e-31   -1.6021766e-19    -9.156439e-20    2.1365782e-19             1407                1
    -0.0010440323    8.4813211e-05     0.0060352269   -0.00022860753    -0.0034378765    0.00052887911    9.1093825e-31   -1.6021766e-19    -9.156439e-20    2.1365782e-19             1644                1
     0.0053474824    6.7809742e-05     0.0033379574    0.00019899348     0.0013136419   -0.00070489361    9.1093825e-31   -1.6021766e-19    -9.156439e-20    2.1365782e-19              581                0
   -0.00084971316    1.8932289e-05    -0.0057856413   -0.00060969172     -0.012757554    0.00079280906    9.1093825e-31   -1.6021766e-19    -9.156439e-20    2.1365782e-19             1611                1
      0.003087345    3.5586458e-05     -0.004353974    0.00044865755    -0.0091463113     0.0007094795    9.1093825e-31   -1.6021766e-19    -9.156439e-20    2.1365782e-19             1586                1
     0.0013989261    6.5657921e-05     0.0017562526   -0.00010986659     0.0017434538    -0.0016356704    9.1093825e-31   -1.6021766e-19    -9.156439e-20    2.1365782e-19              641                0
     0.0015639558    2.2779772e-05     -0.012890227    0.00032464814     0.0060942536   -0.00036655428    9.1093825e-31   -1.6021766e-19    -9.156439e-20    2.1365782e-19             1650                1
    -0.0007863472    8.9701629e-05     4.759524e-05    -0.0033268142     0.0044268239     0.0024216517    9.1093825e-31   -1.6021766e-19    -9.156439e-20    2.1365782e-19             1442                1
     0.0014832562    7.8507815e-05     0.0025625918    -0.0017100115    -0.0050564855    -0.0011044136    9.1093825e-31   -1.6021766e-19    -9.156439e-20    2.1365782e-19             1637                1
    -0.0068701394    3.2125929e-05     -0.014220146    -0.0017916147    -0.0017521761   -0.00014406878    9.1093825e-31   -1.6021766e-19    -9.156439e-20    2.1365782e-19              394                0
   -0.00016206366    9.4680348e-05     0.0035898741     0.0052941903    -0.0033989458     0.0026994876    9.1093825e-31   -1.6021766e-19    -9.156439e-20    2.1365782e-19             1675                1
     0.0023281549    8.1869184e-05     0.0087369028    -0.0010099411     0.0040284479     0.0015732406    9.1093825e-31   -1.6021766e-19    -9.156439e-20    2.1365782e-19              761                0
    -0.0050250539    4.8090722e-05    -0.0071150512      0.001223247    -0.0074921134    -0.0033241259    9.1093825e-31   -1.6021766e-19    -9.156439e-20    2.1365782e-19             1591                1
     0.0018813106      9.75843e-05      0.010606803    0.00024452456     -0.003401842    -0.0037715738    9.1093825e-31   -1.6021766e-19    -9.156439e-20    2.1365782e-19             1699                1
     0.0093630804    7.6297438e-05    -0.0043051415    0.00046260786   -0.00042247598      0.001611445    9.1093825e-31   -1.6021766e-19    -9.156439e-20    2.1365782e-19              821                0
     0.0074754548    6.9598296e-05     0.0080041131    0.00012801029     0.0019038263    0.00043343258    9.1093825e-31   -1.6021766e-19    -9.156439e-20    2.1365782e-19              131                0
    0.00046199947    8.6971941e-06    0.00022503738    0.00024925117     -0.011425992    -0.0012453481    9.1093825e-31   -1.6021766e-19    -9.156439e-20    2.1365782e-19             1594                1
     0.0012535451    6.3762236e-05      0.010894027     0.0020189579     0.0090810722      0.001111328    9.1093825e-31   -1.6021766e-19    -9.156439e-20    2.1365782e-19             1577                1
     0.0022236663    6.1783008e-05      0.013366481     0.0036800194     0.0087443953    0.00024527693    9.1093825e-31   -1.6021766e-19    -9.156439e-20    2.1365782e-19             1561                1
    0.00048038914    4.9137103e-05    -0.0073650093    -0.0034095554    -0.0074824416     0.0013783746    9.1093825e-31   -1.6021766e-19    -9.156439e-20    2.1365782e-19             1513                1
    -0.0092210593    3.6940019e-05      0.012199522    0.00080383068   -0.00032376676   -0.00012315987    9.1093825e-31   -1.6021766e-19    -9.156439e-20    2.1365782e-19              938                0
   -4.5084918e-05    6.9930669e-05     0.0043619452     0.0024037184    -0.0074651386     0.0028214634    9.1093825e-31   -1.6021766e-19    -9.156439e-20    2.1365782e-19             1646                1
   -0.00018837251    7.3231931e-05    -0.0035317428    -0.0019403432    -0.0049345437     0.0019407589    9.1093825e-31   -1.6021766e-19    -9.156439e-20    2.1365782e-19             1517                1
     0.0055029523    3.5365836e-05      0.010677762     2.107301e-05    0.00092442246   -5.3440363e-05    9.1093825e-31   -1.6021766e-19    -9.156439e-20    2.1365782e-19             1001                1
    -0.0077406871    5.2339765e-05     0.0092071667     0.0030236107   -0.00067244464   -0.00070240011    9.1093825e-31   -1.6021766e-19    -9.156439e-20    2.1365782e-19             1337                1
    -0.0084155686    1.3072632e-05     0.0085043684    0.00073666644    0.00050170493   -0.00013103687    9.1093825e-31   -1.6021766e-19    -9.156439e-20    2.1365782e-19               58                0
     0.0030046105    9.1067101e-05     0.0017181907    -0.0015273596    -0.0028485279    0.00091402349    9.1093825e-31   -1.6021766e-19    -9.156439e-20    2.1365782e-19             1640                1
     -0.003065268    6.5199682e-05    -0.0016401852   -0.00093651412     0.0022725172    -0.0018680199    9.1093825e-31   -1.6021766e-19    -9.156439e-20    2.1365782e-19             1502                1
     0.0041922941    7.9603386e-05     0.0011864991    -0.0015831457    0.00068291801    -0.0015104344    9.1093825e-31   -1.6021766e-19    -9.156439e-20    2.1365782e-19              118                0
     0.0062344787    7.8553079e-05     -0.011466367     0.0020619242    -0.0014645744    0.00039830746    9.1093825e-31   -1.6021766e-19    -9.156439e-20    2.1365782e-19               51                0
    -0.0094589079     2.240625e-05    -0.0036596474    0.00052856322    3.8236474e-05    0.00042812081    9.1093825e-31   -1.6021766e-19    -9.156439e-20    2.1365782e-19              158                0
     0.0015966221    6.8762456e-05    -0.0030688902    -0.0031109571    -0.0074945032     0.0042979154    9.1093825e-31   -1.6021766e-19    -9.156439e-20    2.1365782e-19             1635                1
    -0.0033972075    5.6759977e-06    -0.0099003287    0.00069504941     -0.010874199   -7.4998519e-05    9.1093825e-31   -1.6021766e-19    -9.156439e-20    2.1365782e-19             1567                1
    -0.0037592284    1.9746529e-05    -0.0015557255     0.0017996645     -0.011183875     0.0049688094    9.1093825e-31   -1.6021766e-19    -9.156439e-20    2.1365782e-19             1605                1
    -0.0004112013    2.1201437e-05    -0.0077647059     0.0011535124      0.010252639     0.0036403525    9.1093825e-31   -1.6021766e-19    -9.156439e-20    2.1365782e-19             1673                1
     0.0069045019    3.8532507e-05     -0.013611622   -0.00049061031    -0.0010115021    0.00094203663    9.1093825e-31   -1.6021766e-19    -9.156439e-20    2.1365782e-19              213                0
     0.0040235394    3.5485414e-06     -0.011726864    -0.0012465031     0.0071802195    0.00055536337    9.1093825e-31   -1.6021766e-19    -9.156439e-20    2.1365782e-19             1704                1
     0.0025668375    2.3068225e-05      0.012238046   -0.00072621269     0.0047723083    0.00011592758    9.1093825e-31   -1.6021766e-19    -9.156439e-20    2.1365782e-19             1468                1
    -0.0061712642    8.3881409e-05    -0.0030200146     0.0021578122   -4.7892921e-05   -0.00071938959    9.1093825e-31   -1.6021766e-19    -9.156439e-20    2.1365782e-19              318                0
    -0.0024176745    6.1220642e-05    -0.0021668219    -0.0022473489     -0.010242876    -0.0010478829    9.1093825e-31   -1.6021766e-19    -9.156439e-20    2.1365782e-19             1645                1
     0.0055644489      9.85234e-05     0.0067039756    -0.0026499392     0.0024074165     0.0015947029    9.1093825e-31   -1.6021766e-19    -9.156439e-20    2.1365782e-19              358                0
     0.0017794446    9.2385104e-05     0.0028312891    -0.0011388244     0.0027342439     0.0010042087    9.1093825e-31   -1.6021766e-19    -9.156439e-20    2.1365782e-19              774                0
     0.0045890845    3.8300161e-05     0.0040763719   -9.7614749e-05    0.00088504067      0.004115372    9.1093825e-31   -1.6021766e-19    -9.156439e-20    2.1365782e-19              562                0
    -0.0012948131    7.9941412e-05      0.006237017     0.0022477501      0.003513938    -0.0016013046    9.1093825e-31   -1.6021766e-19    -9.156439e-20    2.1365782e-19              876                0
    -0.0054228916    3.3833028e-06     -0.012250764   -0.00052710425    -0.0030547371   -0.00012285809    9.1093825e-31   -1.6021766e-19    -9.156439e-20    2.1365782e-19              438                0
    -0.0007588662    1.0649676e-05    -0.0081369886    0.00015700892     -0.011315404    -0.0012213325    9.1093825e-31   -1.6021766e-19    -9.156439e-20    2.1365782e-19             1565                1
    -0.0030895234    4.7031506e-05     -0.010471378    0.00028936611     -0.007106306     0.0008879255    9.1093825e-31   -1.6021766e-19    -9.156439e-20    2.1365782e-19             1552                1
    -0.0055388743    2.8279467e-06     -0.014224855     0.0012156145     0.0032600916     -0.001706298    9.1093825e-31   -1.6021766e-19    -9.156439e-20    2.1365782e-19             1696                1
    -0.0089257024    6.0555954e-05    -0.0011584061    0.00077782013    0.00054274849    -0.0017876491    9.1093825e-31   -1.6021766e-19    -9.156439e-20    2.1365782e-19              518                0
      0.003941494    8.0772952e-05    -0.0016367802    -0.0025964105     0.0036700477     0.0006637614    9.1093825e-31   -1.6021766e-19    -9.156439e-20    2.1365782e-19             1525                1
     0.0033256777    6.3586085e-05      0.007970769   -0.00075588556     0.0030916918   -0.00054000737    9.1093825e-31   -1.6021766e-19    -9.156439e-20    2.1365782e-19              903                0
    -0.0085511655    2.9002142e-05      0.010119353     0.0010054327    0.00075063313    0.00071649841    9.1093825e-31   -1.6021766e-19    -9.156439e-20    2.1365782e-19              578                0
     0.0081333769    1.2285127e-05     -0.013403596     0.0023077505     -0.001578154    0.00041613539    9.1093825e-31   -1.6021766e-19    -9.156439e-20    2.1365782e-19              598                0
     0.0081528304    2.8893774e-05     0.0095980708      0.001721367    0.00083320792    0.00014769702    9.1093825e-31   -1.6021766e-19    -9.156439e-20    2.1365782e-19              618                0
      0.002096927    6.8365291e-05      0.014640982    0.00054265483       0.01026089    -0.0020297267    9.1093825e-31   -1.6021766e-19    -9.156439e-20    2.1365782e-19             1597                1
    -0.0074476451      1.61279e-05    -0.0089579541     0.0022179494    -0.0012655342   -0.00017542901    9.1093825e-31   -1.6021766e-19    -9.156439e-20    2.1365782e-19              725                0
   -0.00046334224     5.670945e-05    -0.0025709579   -0.00085759297    -0.0090931794    0.00018828294    9.1093825e-31   -1.6021766e-19    -9.156439e-20    2.1365782e-19             1626                1
     0.0014693679    6.9094585e-06     -0.008926562     0.0027793017      0.004115094    -0.0021162974    9.1093825e-31   -1.6021766e-19    -9.156439e-20    2.1365782e-19             1678                1
      0.002767774    1.1418844e-06    -0.0052422658     0.0015777792    -0.0011459418        0.0025442    9.1093825e-31   -1.6021766e-19    -9.156439e-20    2.1365782e-19             1647                1
     -0.009223613    8.1996855e-05     0.0017641252   -0.00053072668     0.0012623633     0.0032434533    9.1093825e-31   -1.6021766e-19    -9.156439e-20    2.1365782e-19              738                0
     0.0011822277    6.5312852e-05    -0.0066266139    -0.0018540767    -0.0074684937   -0.00034620395    9.1093825e-31   -1.6021766e-19    -9.156439e-20    2.1365782e-19             1622                1
    -0.0038178007    1.5596881e-05     0.0050054239    2.8992992e-05     0.0018843323    0.00099642656    9.1093825e-31   -1.6021766e-19    -9.156439e-20    2.1365782e-19              636                0
     0.0040736063    2.4918878e-05    -0.0069255587     0.0016873829    -0.0095907273   -0.00023115746    9.1093825e-31   -1.6021766e-19    -9.156439e-20    2.1365782e-19             1575                1
    0.00079696579    6.4449841e-06     0.0011019403    -0.0046813572    -0.0020731096     0.0061490466    9.1093825e-31   -1.6021766e-19    -9.156439e-20    2.1365782e-19             1345                1
    -0.0066515636    4.2595548e-05     0.0050207814   -0.00043015525     0.0012113235      0.001069242    9.1093825e-31   -1.6021766e-19    -9.156439e-20    2.1365782e-19              573                0
     0.0066330652    5.8465925e-05     -0.011525242   -0.00015858616    -0.0010840558    0.00042348859    9.1093825e-31   -1.6021766e-19    -9.156439e-20    2.1365782e-19              274                0
    -0.0056216856     8.902204e-05     0.0079181865   -0.00081083406     0.0021925725   -0.00073059771    9.1093825e-31   -1.6021766e-19    -9.156439e-20    2.1365782e-19              878                0
   -0.00079339871    4.1177456e-05    -0.0026975956    0.00013998186     -0.010218592   -0.00035784152    9.1093825e-31   -1.6021766e-19    -9.156439e-20    2.1365782e-19             1615                1
   -9.8904493e-06    2.4265364e-05     0.0038554654     0.0010055962     0.0018007335   -0.00086453598    9.1093825e-31   -1.6021766e-19    -9.156439e-20    2.1365782e-19              608                0
    0.00060463516    7.1344507e-06     -0.012562566    0.00044692936    -0.0036167256    0.00070895901    9.1093825e-31   -1.6021766e-19    -9.156439e-20    2.1365782e-19              136                0
    -0.0010050746     9.389691e-05     0.0060555954   -0.00055393879    -0.0017885605     0.0022525594    9.1093825e-31   -1.6021766e-19    -9.156439e-20    2.1365782e-19             1652                1
    -0.0012951654    4.5763849e-05      0.010635782    -0.0013724479      0.008229522    0.00094174378    9.1093825e-31   -1.6021766e-19    -9.156439e-20    2.1365782e-19             1618                1
    -0.0062707323    4.0486702e-05     0.0055356836   -0.00081155036     0.0014494766    -0.0027876971    9.1093825e-31   -1.6021766e-19    -9.156439e-20    2.1365782e-19              985                0
     0.0081443433     6.960897e-05   -3.9885846e-05   -0.00048078608      0.003784853    0.00051044731    9.1093825e-31   -1.6021766e-19    -9.156439e-20    2.1365782e-19             1487                1
      0.007668531     7.732815e-05    0.00061714149   -0.00057086896    0.00025601703     0.0012065797    9.1093825e-31   -1.6021766e-19    -9.156439e-20    2.1365782e-19              614                0
      0.002472108    7.9212899e-05       0.01213332     0.0014125919     0.0036473693     -0.001821319    9.1093825e-31   -1.6021766e-19    -9.156439e-20    2.1365782e-19              693                0
     0.0018843978    9.9122211e-05      0.010614325     0.0046995836     -0.001183338     0.0070837513    9.1093825e-31   -1.6021766e-19    -9.156439e-20    2.1365782e-19             1700                1
    9.6471616e-05    4.9089929e-05     -0.013360462   -7.9720259e-05    -0.0034433943    0.00029564789    9.1093825e-31   -1.6021766e-19    -9.156439e-20    2.1365782e-19               79                0
    -0.0050301743    9.6961354e-05     0.0045412187   -1.1694445e-06     0.0030721508    0.00061736087    9.1093825e-31   -1.6021766e-19    -9.156439e-20    2.1365782e-19              397                0
    -0.0060605141    9.6091084e-05     0.0029192325     0.0008652705     0.0012303636    -0.0011018584    9.1093825e-31   -1.6021766e-19    -9.156439e-20    2.1365782e-19              990                0
    -0.0071607935    1.2325449e-05    -0.0037095593   -0.00059258495   -0.00073747861    -0.0006908637    9.1093825e-31   -1.6021766e-19    -9.156439e-20    2.1365782e-19              717                0
    0.00068247982    6.8270907e-05     0.0053618681    -5.369127e-05     0.0071266494    -0.0006683165    9.1093825e-31   -1.6021766e-19    -9.156439e-20    2.1365782e-19             1563                1
     -0.007481351    8.9346482e-05      0.011597368     0.0016607947     0.0014415478    -0.0012438353    9.1093825e-31   -1.6021766e-19    -9.156439e-20    2.1365782e-19              179                0
    -0.0014847313    1.9801173e-06     -0.011331664    2.0311167e-05     0.0066704708    2.8331973e-05    9.1093825e-31   -1.6021766e-19    -9.156439e-20    2.1365782e-19             1706                1
     0.0076961657    7.9641664e-05     0.0051372307    -0.0010324289    0.00099442282     0.0030267066    9.1093825e-31   -1.6021766e-19    -9.156439e-20    2.1365782e-19              219                0
     0.0016188514    8.2882594e-05     0.0074069062    3.2665848e-05    -0.0023944052     0.0016338874    9.1093825e-31   -1.6021766e-19    -9.156439e-20    2.1365782e-19             1634                1
    -0.0055003846    5.7567559e-05      0.009504471    -0.0011164639     0.0085421251    -0.0021456885    9.1093825e-31   -1.6021766e-19    -9.156439e-20    2.1365782e-19             1614                1
    0.00014893508    7.5008029e-05    -0.0010997229    0.00093886716    -0.0054375385    -0.0050107115    9.1093825e-31   -1.6021766e-19    -9.156439e-20    2.1365782e-19             1612                1
    -0.0026888263    7.9979189e-05     0.0070045898     -0.001798869     0.0036442671   -0.00051119574    9.1093825e-31   -1.6021766e-19    -9.156439e-20    2.1365782e-19              299                0
     0.0077703563    1.4195952e-05     0.0037194791   -0.00091090956    -0.0001906648    0.00034576954    9.1093825e-31   -1.6021766e-19    -9.156439e-20    2.1365782e-19              731                0
     0.0018685211    9.8912169e-05      0.012020481    -0.0040572607    -0.0036216544     0.0023115496    9.1093825e-31   -1.6021766e-19    -9.156439e-20    2.1365782e-19             1705                1
    -0.0090789869    3.6876609e-05     0.0022836803    -0.0022322661    0.00060433923    -0.0018362134    9.1093825e-31   -1.6021766e-19    -9.156439e-20    2.1365782e-19              978                0
    -0.0043196534    1.2895329e-05     -0.012213467     0.0032839398     0.0062301294   -0.00088513183    9.1093825e-31   -1.6021766e-19    -9.156439e-20    2.1365782e-19             1672                1
    -0.0093292799    7.7311529e-07    0.00085170701    -0.0027379345    -0.0011824701    -0.0011597265    9.1093825e-31   -1.6021766e-19    -9.156439e-20    2.1365782e-19              497                0
    -0.0090356059    6.6748427e-05     0.0023306587    -0.0006550824   -0.00020003704     0.0014006244    9.1093825e-31   -1.6021766e-19    -9.156439e-20    2.1365782e-19              874                0
   -0.00086388126    7.4407458e-06    -0.0083665308    -0.0030977086     0.0043990854    -0.0012424112    9.1093825e-31   -1.6021766e-19    -9.156439e-20    2.1365782e-19             1679                1
   -0.00086197391    8.7906401e-06    -0.0083619887     -0.001893532     0.0052516125     0.0016240521    9.1093825e-31   -1.6021766e-19    -9.156439e-20    2.1365782e-19             1680                1
     0.0050079958    9.5112562e-05    0.00020858654     0.0013372821    -0.0056909742    -0.0034178372    9.1093825e-31   -1.6021766e-19    -9.156439e-20    2.1365782e-19             1697                1
     0.0075938003     2.014438e-05    -0.0052020997    0.00017976524    -0.0013374519   -0.00083174132    9.1093825e-31   -1.6021766e-19    -9.156439e-20    2.1365782e-19              374                0
    0.00060512021    7.8275749e-05     0.0097339517    0.00035402898      0.010711753    0.00025893105    9.1093825e-31   -1.6021766e-19    -9.156439e-20    2.1365782e-19             1593                1
    -0.0034444884    3.3479595e-05    -0.0050052693   -0.00014135843    -0.0027291037    2.8534627e-05    9.1093825e-31   -1.6021766e-19    -9.156439e-20    2.1365782e-19              746                0
     0.0022129854    6.1943887e-05      0.013325157   -0.00069227332     0.0084591853    -0.0020025559    9.1093825e-31   -1.6021766e-19    -9.156439e-20    2.1365782e-19             1546                1
   -0.00066100893    1.3170352e-05    -0.0082482742     0.0021501614     0.0085849874     0.0011964809    9.1093825e-31   -1.6021766e-19    -9.156439e-20    2.1365782e-19             1685                1
   -0.00079406047    5.5544286e-05    -0.0026953702     5.411751e-05    -0.0083572753   -7.3043608e-05    9.1093825e-31   -1.6021766e-19    -9.156439e-20    2.1365782e-19             1616                1
    -0.0040074214    9.0048161e-05     0.0052388594   -0.00022820901     0.0082438672   -0.00063640031    9.1093825e-31   -1.6021766e-19    -9.156439e-20    2.1365782e-19             1547                1
     0.0094679501    2.5447096e-05    -0.0010687555    0.00052379491    -0.0010123689     0.0010618829    9.1093825e-31   -1.6021766e-19    -9.156439e-20    2.1365782e-19              328                0
     0.0028310092    2.4702869e-05    -0.0070257918     0.0066026612    -0.0086513897     0.0006429436    9.1093825e-31   -1.6021766e-19    -9.156439e-20    2.1365782e-19             1515                1
     0.0081079267    5.3769363e-06    -0.0081908172    0.00056469574    -0.0010840689    -0.0006141318    9.1093825e-31   -1.6021766e-19    -9.156439e-20    2.1365782e-19              505                0
     -0.001784172    7.7644312e-05     0.0039662323    -0.0013843342     0.0025469849    9.3613555e-05    9.1093825e-31   -1.6021766e-19    -9.156439e-20    2.1365782e-19              699                0
    -0.0082893632    3.8101294e-05      0.014585899    7.8161065e-05    0.00069740048     0.0012159747    9.1093825e-31   -1.6021766e-19    -9.156439e-20    2.1365782e-19              719                0
     0.0073156599    8.1374077e-05     0.0058619766   -0.00063762005     0.0010990568     0.0019554496    9.1093825e-31   -1.6021766e-19    -9.156439e-20    2.1365782e-19              828                0
     0.0040297401    2.2741999e-05     0.0028199765   -0.00072892191     0.0014140257   -0.00081895042    9.1093825e-31   -1.6021766e-19    -9.156439e-20    2.1365782e-19              885                0
   -0.00087891502    8.3105639e-05     0.0068764864    0.00018119773    -0.0029697423   -0.00080110866    9.1093825e-31   -1.6021766e-19    -9.156439e-20    2.1365782e-19             1639                1
     0.0075947228    7.7623481e-06      -0.01193942     0.0017468204    -0.0020903952    0.00084958412    9.1093825e-31   -1.6021766e-19    -9.156439e-20    2.1365782e-19              799                0
    -0.0023993645    4.6853344e-05     -0.014853485      -0.00120114    -0.0027581032     0.0006316771    9.1093825e-31   -1.6021766e-19    -9.156439e-20    2.1365782e-19               27                0
    -0.0050372998    7.2075418e-05     -0.014829926   -0.00028660512    -0.0015934299     -0.002598736    9.1093825e-31   -1.6021766e-19    -9.156439e-20    2.1365782e-19              839                0
    0.00039977784    2.0176196e-05    -0.0087861298     0.0032178031     -0.010025096    0.00097204698    9.1093825e-31   -1.6021766e-19    -9.156439e-20    2.1365782e-19             1548                1
     0.0075469255    3.2538188e-05    -0.0099405618    0.00040978001    -0.0016815815   -0.00089761359    9.1093825e-31   -1.6021766e-19    -9.156439e-20    2.1365782e-19              786                0
    -0.0023999242    4.0253402e-05    -0.0021555645    -0.0026551629    -0.0072646765     0.0016052766    9.1093825e-31   -1.6021766e-19    -9.156439e-20    2.1365782e-19             1550                1
     0.0068377992     7.739351e-05     -0.014420332     0.0017987406   -0.00010964276     0.0034306024    9.1093825e-31   -1.6021766e-19    -9.156439e-20    2.1365782e-19              918                0
     0.0076933438    5.0397939e-05    -0.0079393862   -4.6799591e-06    0.00098630844    -0.0028941543    9.1093825e-31   -1.6021766e-19    -9.156439e-20    2.1365782e-19             1401                1
      0.005374216    1.2929497e-05     -0.011672643    0.00075600599     -0.002710856      0.002646432    9.1093825e-31   -1.6021766e-19    -9.156439e-20    2.1365782e-19              954                0
   -0.00017945471    8.0813857e-05     0.0035764035    -0.0009974821    -0.0060748961    -0.0042439662    9.1093825e-31   -1.6021766e-19    -9.156439e-20    2.1365782e-19             1653                1
      0.001277759    9.8431692e-06    -0.0033593953    -0.0001384535     -0.014346611   -0.00073305803    9.1093825e-31   -1.6021766e-19    -9.156439e-20    2.1365782e-19             1617                1
     0.0049159289    2.1407888e-05    0.00025714998    -0.0008668229    0.00037393824    0.00037599818    9.1093825e-31   -1.6021766e-19    -9.156439e-20    2.1365782e-19               63                0
     0.0024697101    3.7691975e-06    -0.0091509186    0.00073748734     0.0013031843     0.0010601595    9.1093825e-31   -1.6021766e-19    -9.156439e-20    2.1365782e-19             1667                1
    0.00069651526    2.1247635e-05    -0.0040733521   -0.00025662759    -0.0092868637    0.00028682707    9.1093825e-31   -1.6021766e-19    -9.156439e-20    2.1365782e-19             1539                1
     0.0017918727    9.8882585e-05      0.010590121    0.00013084256    -0.0056311917     0.0065394933    9.1093825e-31   -1.6021766e-19    -9.156439e-20    2.1365782e-19             1708                1
     0.0017742226    5.7102214e-05     -0.014413306    -0.0029996219    -0.0023515734   -0.00041336339    9.1093825e-31   -1.6021766e-19    -9.156439e-20    2.1365782e-19              983                0
     0.0012961566    3.5630303e-05     0.0025360961       0.00506703    -0.0097223418     0.0016232155    9.1093825e-31   -1.6021766e-19    -9.156439e-20    2.1365782e-19             1619                1
     0.0078309821    7.4209463e-05     -0.014145607     0.0012020962    -0.0040456541    0.00011610083    9.1093825e-31   -1.6021766e-19    -9.156439e-20    2.1365782e-19             1627                1
   -5.2428499e-05    9.9110672e-05     0.0033992284     0.0010788054     0.0029738629     0.0010962751    9.1093825e-31   -1.6021766e-19    -9.156439e-20    2.1365782e-19              748                0
      0.003342194     3.020592e-06      0.012272051     -0.001316186   -0.00086006371     0.0042984979    9.1093825e-31   -1.6021766e-19    -9.156439e-20    2.1365782e-19             1319                1
    -0.0075079082    5.8663998e-05    -0.0048876228    -0.0028428356    -0.0011390427    0.00034579169    9.1093825e-31   -1.6021766e-19    -9.156439e-20    2.1365782e-19              243                0
    -0.0052316389    6.7812754e-05      0.013682719     0.0032322654     0.0085833808     0.0001090905    9.1093825e-31   -1.6021766e-19    -9.156439e-20    2.1365782e-19             1582                1
    -0.0030968653    2.8443812e-05      0.002289416    -0.0010455614     0.0015418838     0.0022449708    9.1093825e-31   -1.6021766e-19    -9.156439e-20    2.1365782e-19              512                0
    -0.0028536285    3.6400845e-05    0.00025614645    -0.0029325986    0.00060116017    -0.0029540914    9.1093825e-31   -1.6021766e-19    -9.156439e-20    2.1365782e-19              303                0
    0.00022539572    6.7869478e-05    -0.0037715228     0.0026589772    -0.0080218753    -0.0011667947    9.1093825e-31   -1.6021766e-19    -9.156439e-20    2.1365782e-19             1638                1
     0.0067710914    9.8897377e-05      0.014685156    0.00068586355     0.0018069176    -0.0033847862    9.1093825e-31   -1.6021766e-19    -9.156439e-20    2.1365782e-19              197                0
    -0.0012529483    2.7072876e-05     -0.014204693   -6.3292646e-05     0.0059863105   -0.00066378945    9.1093825e-31   -1.6021766e-19    -9.156439e-20    2.1365782e-19             1642                1
    -0.0026593814    4.4074888e-05    -0.0081134336    0.00016674363    -0.0031951237    0.00087252457    9.1093825e-31   -1.6021766e-19    -9.156439e-20    2.1365782e-19              217                0
     0.0044903145    2.1251359e-05    -0.0020097909     0.0004185038    -0.0094397143    0.00048337496    9.1093825e-31   -1.6021766e-19    -9.156439e-20    2.1365782e-19             1584                1
    -0.0090371361    9.6817734e-05    -0.0016564631   -0.00063768431    0.00082004123    0.00069743005    9.1093825e-31   -1.6021766e-19    -9.156439e-20    2.1365782e-19              888                0
    -0.0082058301    8.9364949e-05    -0.0084241405    9.1352784e-05    0.00062542391     0.0020289598    9.1093825e-31   -1.6021766e-19    -9.156439e-20    2.1365782e-19              443                0
    -0.0015104938    5.4874522e-06    -0.0087232376    -0.0032481079     -0.013213562    0.00013818454    9.1093825e-31   -1.6021766e-19    -9.156439e-20    2.1365782e-19             1603                1
    7.8309386e-05    5.3227577e-05     -0.012043521    0.00032204803     -0.002912459     0.0031160899    9.1093825e-31   -1.6021766e-19    -9.156439e-20    2.1365782e-19              483                0
    -0.0089950785    1.1704866e-05      0.013779043     0.0013423037       6.2993e-05   -0.00050244422    9.1093825e-31   -1.6021766e-19    -9.156439e-20    2.1365782e-19              503                0
    -0.0049031964    2.1602857e-06     -0.010775827    -0.0047363103     0.0017850572     0.0012020967    9.1093825e-31   -1.6021766e-19    -9.156439e-20    2.1365782e-19             1690                1
     0.0033912335    8.9169836e-05    -0.0017220001      0.001926144     0.0037795024    -0.0016365913    9.1093825e-31   -1.6021766e-19    -9.156439e-20    2.1365782e-19             1506                1
     0.0058530378    2.3976532e-05    -0.0038713173     0.0032076847    -0.0014908389   -0.00025689762    9.1093825e-31   -1.6021766e-19    -9.156439e-20    2.1365782e-19              807                0
    -9.511564e-05    6.2420215e-05      0.013837188     0.0016858582      0.010358061    0.00049266237    9.1093825e-31   -1.6021766e-19    -9.156439e-20    2.1365782e-19             1609                1
    0.00087261392    9.1312402e-05     0.0077589359    -0.0017951112      0.010480179   -0.00062208436    9.1093825e-31   -1.6021766e-19    -9.156439e-20    2.1365782e-19             1574                1
    -0.0039788573    1.1886435e-05     -0.013344976    -0.0018776418    -0.0091459276    -0.0025411495    9.1093825e-31   -1.6021766e-19    -9.156439e-20    2.1365782e-19             1578                1
    -0.0040458385    1.0625554e-05      0.014714475    -0.0009755402    -0.0020889342    -0.0050704819    9.1093825e-31   -1.6021766e-19    -9.156439e-20    2.1365782e-19             1463                1
    0.00011763479    4.1600932e-05    -0.0011653067    -0.0023744525    -0.0066363285    -0.0082333647    9.1093825e-31   -1.6021766e-19    -9.156439e-20    2.1365782e-19             1543                1
     0.0017689469    4.6754125e-05      0.007101777    -0.0052805608     0.0060607153     0.0046363561    9.1093825e-31   -1.6021766e-19    -9.156439e-20    2.1365782e-19             1467                1
     0.0045471131    9.3652467e-05     0.0041072592     0.0036305436    -0.0045049936    -0.0028484212    9.1093825e-31   -1.6021766e-19    -9.156439e-20    2.1365782e-19             1686                1
    -0.0090301661    7.5172655e-05    -0.0043676021     -0.002770331    0.00017291935     0.0005031164    9.1093825e-31   -1.6021766e-19    -9.156439e-20    2.1365782e-19              723                0
     0.0027238715    7.3045674e-05     -0.003979716   -0.00021196365    -0.0060700639     0.0028116379    9.1093825e-31   -1.6021766e-19    -9.156439e-20    2.1365782e-19             1620                1
     0.0031220634     9.714644e-05      0.014182805   -8.2127808e-05    -0.0095534492   -0.00033292905    9.1093825e-31   -1.6021766e-19    -9.156439e-20    2.1365782e-19             1707                1
     0.0065949336    9.0877329e-05     0.0056097028     0.0017156664       0.00266195     0.0018578876    9.1093825e-31   -1.6021766e-19    -9.156439e-20    2.1365782e-19              782                0
     0.0017922565    9.8373719e-05      0.010590265     0.0020696097    -0.0082015265     0.0072607193    9.1093825e-31   -1.6021766e-19    -9.156439e-20    2.1365782e-19             1709                1
     0.0025663201    2.7092559e-05    0.00047978872     0.0037132667    0.00043289893     0.0012059741    9.1093825e-31   -1.6021766e-19    -9.156439e-20    2.1365782e-19              822                0
     0.0024196135    2.4964182e-05      0.010121679   -0.00011694334     0.0051827962    0.00072827277    9.1093825e-31   -1.6021766e-19    -9.156439e-20    2.1365782e-19             1621                1
    -0.0010452162     9.246941e-05     0.0058159363       0.00323207    -0.0036804345    -0.0024672642    9.1093825e-31   -1.6021766e-19    -9.156439e-20    2.1365782e-19             1671                1
    -0.0026639348    6.9245638e-05     0.0065127728    -0.0017436359     0.0036470473     0.0019427122    9.1093825e-31   -1.6021766e-19    -9.156439e-20    2.1365782e-19              288                0
    -0.0055334056    2.2677092e-05      0.006311628     0.0014804956     0.0018456795     0.0014972909    9.1093825e-31   -1.6021766e-19    -9.156439e-20    2.1365782e-19              902                0
    -0.0035582816    9.8976932e-05     0.0026455475     0.0011476179     0.0068766037     0.0018969529    9.1093825e-31   -1.6021766e-19    -9.156439e-20    2.1365782e-19             1510                1
    -0.0013783827    3.0431869e-18     -0.012382879    -0.0018407881     -0.011147015    0.00077167235    9.1093825e-31   -1.6021766e-19    -9.156439e-20    2.1365782e-19             1583                1
    -0.0011804899    4.3937274e-05     0.0056585604    -0.0019999763    -0.0053701969    -0.0062194765    9.1093825e-31   -1.6021766e-19    -9.156439e-20    2.1365782e-19             1600                1
   -0.00016273362     5.080405e-05     0.0035702512    0.00062868348    -0.0090490244    -0.0037023202    9.1093825e-31   -1.6021766e-19    -9.156439e-20    2.1365782e-19             1633                1
     0.0081181396    3.1019514e-05      0.014887638   -0.00070114143    9.9323879e-06     0.0010855655    9.1093825e-31   -1.6021766e-19    -9.156439e-20    2.1365782e-19              986                0
    -0.0063354415    3.4450146e-05     0.0040022139    7.4043077e-05    0.00097904855    2.9506185e-05    9.1093825e-31   -1.6021766e-19    -9.156439e-20    2.1365782e-19              997                0
     0.0064890054    3.9908482e-05    -0.0076670251     0.0022278028   -0.00099236111     0.0016485973    9.1093825e-31   -1.6021766e-19    -9.156439e-20    2.1365782e-19                4                0
     0.0033143261     7.769389e-05        0.0143617   -0.00024850594     0.0029971411     0.0032772268    9.1093825e-31   -1.6021766e-19    -9.156439e-20    2.1365782e-19                7                0
    -0.0075308764    1.9097199e-05     0.0018917634   -0.00074788177   -0.00053531013    -0.0018024481    9.1093825e-31   -1.6021766e-19    -9.156439e-20    2.1365782e-19               12                0
     0.0053840308    5.4137949e-05     0.0019239286    0.00055016618    0.00087491854     0.0025723958    9.1093825e-31   -1.6021766e-19    -9.156439e-20    2.1365782e-19               20                0
     0.0010098887    9.8106924e-05     0.0059603141    -0.0023905467    -0.0038827297     0.0043082568    9.1093825e-31   -1.6021766e-19    -9.156439e-20    2.1365782e-19             1701                1
    -0.0017260343     9.954194e-05     0.0017698617    0.00069428264    -0.0046269647     0.0023129154    9.1093825e-31   -1.6021766e-19    -9.156439e-20    2.1365782e-19             1710                1
