%  ASCII export : 
%
%  Momentum is normalized to the product of particle's mass and speed of light.
%  All other quantities are in SI units.
%
%            posX             posY             posZ             momX             momY             momZ             mass           charge     macro-charge             time       particleID         sourceID

     0.0010663501    4.7075791e-05    -0.0094639361     0.0024874676     0.0064068632     0.0062259315    9.1093825e-31   -1.6021766e-19    -9.156439e-20     5.138355e-19             2908                1
    -0.0053084386    3.2683867e-05      0.013685244    -0.0011068827     -0.010041919    0.00063856679    9.1093825e-31   -1.6021766e-19    -9.156439e-20     5.138355e-19             3027                1
    -6.129987e-05    1.6451284e-05      0.003897564    0.00056747644       -0.0116446    0.00046337149    9.1093825e-31   -1.6021766e-19    -9.156439e-20     5.138355e-19             2967                1
    -0.0026156299    7.3291044e-06    4.6204772e-05    -0.0003091908    -0.0035586071   -0.00055940053    9.1093825e-31   -1.6021766e-19    -9.156439e-20     5.138355e-19              348                0
     0.0024080891    3.8862996e-05    -0.0091949226      0.003320511      0.010214954     0.0015780411    9.1093825e-31   -1.6021766e-19    -9.156439e-20     5.138355e-19             3092                1
     0.0027263563     5.130249e-05      0.012288748    -0.0018210278     -0.010522721    0.00093048147    9.1093825e-31   -1.6021766e-19    -9.156439e-20     5.138355e-19             3073                1
     0.0012854501      5.69474e-05      0.011358536     0.0022644906    -0.0084358612     0.0009929674    9.1093825e-31   -1.6021766e-19    -9.156439e-20     5.138355e-19             3039                1
   -0.00064018363    2.7911934e-05     -0.012225436    0.00042443929     0.0015370462    -0.0011843871    9.1093825e-31   -1.6021766e-19    -9.156439e-20     5.138355e-19               55                0
   -0.00094227493    3.2047601e-06    -0.0028538529    -0.0002770111    -0.0085221389   -0.00057344924    9.1093825e-31   -1.6021766e-19    -9.156439e-20     5.138355e-19             2876                1
    -0.0010448814    7.1229842e-05      0.006071399     -0.002717982    -0.0067537101     0.0014336006    9.1093825e-31   -1.6021766e-19    -9.156439e-20     5.138355e-19             3054                1
     0.0044068126    3.6376787e-05      0.005250222   -0.00054425595    -0.0020880313   -0.00038356968    9.1093825e-31   -1.6021766e-19    -9.156439e-20     5.138355e-19              154                0
      0.006629379    6.9590453e-05     -0.013291692     0.0014409178     0.0011259649     0.0013949755    9.1093825e-31   -1.6021766e-19    -9.156439e-20     5.138355e-19              488                0
    -0.0025088326    3.2397173e-05     -0.014796474    -0.0012320313     0.0024199223     0.0006365169    9.1093825e-31   -1.6021766e-19    -9.156439e-20     5.138355e-19               27                0
   -0.00055689079    5.3480715e-05    -0.0081529515     -0.008067769     0.0086610829   -0.00034363248    9.1093825e-31   -1.6021766e-19    -9.156439e-20     5.138355e-19             3017                1
     0.0013445427     6.662964e-05     -0.013110201   -0.00091779447     0.0082456712    -0.0057926681    9.1093825e-31   -1.6021766e-19    -9.156439e-20     5.138355e-19             2865                1
    -0.0015013725    5.6643861e-05    -0.0083882688    0.00058262044     0.0081308726     0.0025872444    9.1093825e-31   -1.6021766e-19    -9.156439e-20     5.138355e-19             2978                1
     0.0032165525    8.2465594e-05      0.014069319   -0.00075060898    -0.0074253217   -6.1374245e-05    9.1093825e-31   -1.6021766e-19    -9.156439e-20     5.138355e-19             3120                1
    -0.0014824381    4.9905633e-05     -0.008506258   -0.00048684035      0.011083781   -0.00076591579    9.1093825e-31   -1.6021766e-19    -9.156439e-20     5.138355e-19             3078                1
     0.0088375034    1.7190534e-06     0.0001812015     0.0020909139   -0.00067242212    0.00017330496    9.1093825e-31   -1.6021766e-19    -9.156439e-20     5.138355e-19              386                0
     0.0057919435    9.7861674e-05    -0.0049972702    -0.0012226552     0.0018337097    1.4728042e-05    9.1093825e-31   -1.6021766e-19    -9.156439e-20     5.138355e-19             2458                1
     0.0011235402    9.3375085e-05      0.013670391   -0.00038931475    -0.0055363374    -0.0040762741    9.1093825e-31   -1.6021766e-19    -9.156439e-20     5.138355e-19             3138                1
   -0.00052608695    2.9627188e-05    -0.0082672341   -0.00052478648     0.0052581979   -0.00065283838    9.1093825e-31   -1.6021766e-19    -9.156439e-20     5.138355e-19             2970                1
    -0.0051538381    6.3156636e-05     0.0089284573      0.001453302   -0.00082087563   -0.00043916455    9.1093825e-31   -1.6021766e-19    -9.156439e-20     5.138355e-19              355                0
     0.0076272083    1.7567012e-05     -0.011857153   -0.00081341481    0.00019271503    0.00070907193    9.1093825e-31   -1.6021766e-19    -9.156439e-20     5.138355e-19              451                0
     0.0012397774    2.5562769e-05      0.011452666     0.0020916988    -0.0085501885     0.0045614108    9.1093825e-31   -1.6021766e-19    -9.156439e-20     5.138355e-19             2936                1
    -0.0064273612    2.7291659e-05    -0.0019793618   -0.00014318564    -0.0016252088    0.00093401031    9.1093825e-31   -1.6021766e-19    -9.156439e-20     5.138355e-19               32                0
    -0.0015311943    1.1368846e-05    -0.0066326475      0.003197321     0.0063698762     0.0023782561    9.1093825e-31   -1.6021766e-19    -9.156439e-20     5.138355e-19             3130                1
     0.0081744008    2.4239112e-05    0.00060465996    -0.0016481496   -0.00089098664   -0.00062159885    9.1093825e-31   -1.6021766e-19    -9.156439e-20     5.138355e-19              455                0
     0.0013509474    4.5222887e-06      0.002407816    6.6462017e-05      0.003663884     -0.001477573    9.1093825e-31   -1.6021766e-19    -9.156439e-20     5.138355e-19             3140                1
     0.0008786025    4.1463056e-05     0.0060302569   -1.3698196e-06     -0.009535118    2.6836487e-05    9.1093825e-31   -1.6021766e-19    -9.156439e-20     5.138355e-19             2987                1
   -0.00094936928    3.7147423e-05     0.0058635292   -0.00031287366     -0.010724539   -4.1680698e-05    9.1093825e-31   -1.6021766e-19    -9.156439e-20     5.138355e-19             3019                1
    -0.0039594541      1.18197e-05      0.011612079   -0.00096239406     -0.011569621    -0.0020997967    9.1093825e-31   -1.6021766e-19    -9.156439e-20     5.138355e-19             2991                1
     0.0019292461     3.657557e-05      0.012110498   -0.00071447459    -0.0015638273   -2.4793593e-05    9.1093825e-31   -1.6021766e-19    -9.156439e-20     5.138355e-19             2645                1
     0.0029967159    1.2309778e-05    -0.0044181268    -0.0011020635     0.0072933002    0.00052849785    9.1093825e-31   -1.6021766e-19    -9.156439e-20     5.138355e-19             3132                1
     0.0031551153    7.4223004e-05      0.014076689    -0.0025643471    -0.0047402675    -0.0050437278    9.1093825e-31   -1.6021766e-19    -9.156439e-20     5.138355e-19             3036                1
     0.0012970434    2.2338041e-05      0.002439416    0.00016750877    -0.0086654071    0.00012740682    9.1093825e-31   -1.6021766e-19    -9.156439e-20     5.138355e-19             2832                1
    1.6334689e-05    8.2631877e-06    -0.0013787147    0.00032746713     0.0093653221   -7.3241215e-05    9.1093825e-31   -1.6021766e-19    -9.156439e-20     5.138355e-19             3143                1
    -0.0031451143    3.0077352e-05    -0.0017722801   -0.00081318687    -0.0068111909    0.00074889674    9.1093825e-31   -1.6021766e-19    -9.156439e-20     5.138355e-19             2842                1
     0.0011086224    4.4321438e-05     0.0058649895    0.00082406966    -0.0083080363   -0.00054641988    9.1093825e-31   -1.6021766e-19    -9.156439e-20     5.138355e-19             2911                1
     -0.006475484    2.3442013e-05     0.0038428784     0.0030658317    -0.0015998679    -0.0015915356    9.1093825e-31   -1.6021766e-19    -9.156439e-20     5.138355e-19              695                0
    -0.0010312865    1.8607119e-06      0.006104514     0.0043709832     0.0036380708    -0.0022242819    9.1093825e-31   -1.6021766e-19    -9.156439e-20     5.138355e-19             3150                1
     0.0003057743    3.9644165e-05    -0.0088311788    -0.0042554038      0.006662495   -0.00066577824    9.1093825e-31   -1.6021766e-19    -9.156439e-20     5.138355e-19             2983                1
     0.0066911825    6.9700101e-05      -0.00751865     0.0022643036    9.2875402e-05     0.0016483087    9.1093825e-31   -1.6021766e-19    -9.156439e-20     5.138355e-19                4                0
   -0.00097302755    1.0862464e-05     0.0060162116     0.0033743628     -0.010857007     0.0038900292    9.1093825e-31   -1.6021766e-19    -9.156439e-20     5.138355e-19             2903                1
    -0.0015882992      2.30854e-05     -0.012421972   -0.00015082305     0.0051599843    -0.0021447423    9.1093825e-31   -1.6021766e-19    -9.156439e-20     5.138355e-19             2877                1
     0.0011458718    7.8951249e-05      0.013515511     0.0049251076    -0.0042745518    -0.0039058421    9.1093825e-31   -1.6021766e-19    -9.156439e-20     5.138355e-19             3030                1
     0.0016390727    5.4028974e-06     -0.012853253     0.0061177802    -0.0017536866     0.0031464281    9.1093825e-31   -1.6021766e-19    -9.156439e-20     5.138355e-19             2798                1
    -0.0015137636    4.6096982e-05    -0.0066414513    -0.0035843118     0.0052499161    -0.0035170405    9.1093825e-31   -1.6021766e-19    -9.156439e-20     5.138355e-19             2931                1
     0.0043420605    5.7822737e-05     -0.014752171     0.0012629199     0.0081422366   -0.00061025494    9.1093825e-31   -1.6021766e-19    -9.156439e-20     5.138355e-19             2953                1
   -0.00053838699    4.9035392e-05    -0.0082867844    -0.0017794814     0.0072462694    -0.0026445135    9.1093825e-31   -1.6021766e-19    -9.156439e-20     5.138355e-19             2971                1
    -0.0040665851     3.877137e-05    -0.0096840858   -0.00026291466     0.0065800198    0.00097328675    9.1093825e-31   -1.6021766e-19    -9.156439e-20     5.138355e-19             3007                1
     0.0060646385    3.4156914e-05     0.0048660254    -0.0010846403    -0.0014538985     0.0006640444    9.1093825e-31   -1.6021766e-19    -9.156439e-20     5.138355e-19              751                0
   -0.00098399841    5.6685716e-05    -0.0059260344    -0.0063295788     0.0065177786     0.0013111552    9.1093825e-31   -1.6021766e-19    -9.156439e-20     5.138355e-19             2959                1
     0.0015247535    3.6357855e-05    -0.0051428438     0.0051021432     0.0039639724   -0.00083770457    9.1093825e-31   -1.6021766e-19    -9.156439e-20     5.138355e-19             2949                1
   -0.00085985271    6.5200707e-06    -0.0028794999    3.4300116e-05    0.00053856114   -0.00031533983    9.1093825e-31   -1.6021766e-19    -9.156439e-20     5.138355e-19             2996                1
    -0.0074413843    5.7465793e-05    -0.0072043934    -0.0011810327   -0.00045335712    -0.0026722217    9.1093825e-31   -1.6021766e-19    -9.156439e-20     5.138355e-19              532                0
   -0.00083327258    1.3013095e-05    -0.0027839304    -0.0059227431     0.0023413845      0.004356645    9.1093825e-31   -1.6021766e-19    -9.156439e-20     5.138355e-19             3058                1
     0.0048511368    3.8543662e-06     -0.003351721     0.0012683445    -0.0071080658     0.0015620935    9.1093825e-31   -1.6021766e-19    -9.156439e-20     5.138355e-19             2829                1
    -0.0010586103    1.9497715e-05     0.0061105974    -0.0012297983    -0.0093919411    0.00033556667    9.1093825e-31   -1.6021766e-19    -9.156439e-20     5.138355e-19             2874                1
   -7.0440845e-05    4.6155415e-05      0.013802352    0.00093514257     -0.011291189    -0.0026367875    9.1093825e-31   -1.6021766e-19    -9.156439e-20     5.138355e-19             3074                1
   -5.6829602e-05    3.2068005e-05     0.0034134577     0.0080616875    -0.0098059205     0.0019022051    9.1093825e-31   -1.6021766e-19    -9.156439e-20     5.138355e-19             2958                1
     0.0011779174    1.8550294e-05    -0.0069080275     0.0087509938     0.0043043676    -0.0046711676    9.1093825e-31   -1.6021766e-19    -9.156439e-20     5.138355e-19             3031                1
     0.0010250742    1.1100611e-05     0.0078054015    2.9387413e-05     -0.013360225    0.00018819487    9.1093825e-31   -1.6021766e-19    -9.156439e-20     5.138355e-19             3010                1
     0.0020502119    9.1653266e-05       0.01065914    -0.0012403529     0.0019192499    -0.0012777732    9.1093825e-31   -1.6021766e-19    -9.156439e-20     5.138355e-19             2471                1
     0.0047668023    1.2630085e-06    -0.0033405479     -0.001553574   -0.00011694794     0.0034765922    9.1093825e-31   -1.6021766e-19    -9.156439e-20     5.138355e-19             2961                1
   -0.00091844192     3.238604e-05    -0.0058908397   -2.3733734e-05     0.0041652387     0.0046951622    9.1093825e-31   -1.6021766e-19    -9.156439e-20     5.138355e-19             2960                1
    -0.0021277373    9.0697817e-05     0.0063552745    -0.0025103535     0.0013393008     0.0014010393    9.1093825e-31   -1.6021766e-19    -9.156439e-20     5.138355e-19             2665                1
     0.0015208044    3.6676061e-05    -0.0052351463    -0.0015967032     0.0067846961    -0.0044021383    9.1093825e-31   -1.6021766e-19    -9.156439e-20     5.138355e-19             3053                1
    -0.0033214991    5.7520765e-07      0.006271638    -0.0014948689     -0.011218745     0.0066740154    9.1093825e-31   -1.6021766e-19    -9.156439e-20     5.138355e-19             2906                1
    -0.0082831886    7.0156908e-05      0.014695315    5.9355225e-05    0.00073753111     0.0012158029    9.1093825e-31   -1.6021766e-19    -9.156439e-20     5.138355e-19              719                0
    -0.0090950429    2.9604131e-05     0.0024567083   -0.00066502567    -0.0007659173     0.0014008209    9.1093825e-31   -1.6021766e-19    -9.156439e-20     5.138355e-19              874                0
     0.0032173768    8.8013345e-05      0.012769344   -0.00049110828     0.0058067632   -0.00041472539    9.1093825e-31   -1.6021766e-19    -9.156439e-20     5.138355e-19             2895                1
    -0.0024627598    9.2707684e-05    -0.0020431688    -0.0020699466    0.00052334461      0.001567889    9.1093825e-31   -1.6021766e-19    -9.156439e-20     5.138355e-19             2616                1
    -0.0041817762    7.2179348e-05     0.0059890579     0.0015642196    -0.0018178688   -0.00078328792    9.1093825e-31   -1.6021766e-19    -9.156439e-20     5.138355e-19              628                0
    -0.0030989069    2.4629293e-05     -0.010333913    -0.0072837593     0.0066590616     0.0025595911    9.1093825e-31   -1.6021766e-19    -9.156439e-20     5.138355e-19             3086                1
   -0.00071890582    1.8410758e-05     -0.002612449    -0.0039764685    -0.0077968938    -0.0022525217    9.1093825e-31   -1.6021766e-19    -9.156439e-20     5.138355e-19             2894                1
   -0.00084426039    4.3233096e-05    -0.0084798047    8.9544643e-05     0.0077980212    0.00019506237    9.1093825e-31   -1.6021766e-19    -9.156439e-20     5.138355e-19             3024                1
     0.0024237351    3.4879125e-05    -0.0093134083    -0.0037953223     0.0099711865     0.0025586307    9.1093825e-31   -1.6021766e-19    -9.156439e-20     5.138355e-19             3100                1
     0.0072595938    8.0585109e-05     0.0060379342   -0.00060865283   -0.00087450509     0.0019552843    9.1093825e-31   -1.6021766e-19    -9.156439e-20     5.138355e-19              828                0
     0.0079565411    6.7306588e-05     0.0085747866     0.0012405624     0.0026283397   -0.00072512927    9.1093825e-31   -1.6021766e-19    -9.156439e-20     5.138355e-19             2734                1
    -0.0010329095    1.4526947e-18     0.0058572167    -0.0012771189     -0.010702724    -0.0045478884    9.1093825e-31   -1.6021766e-19    -9.156439e-20     5.138355e-19             2867                1
   -0.00083902699    3.1424705e-05    -0.0083556268    -0.0051018232     0.0070448942   -0.00087825826    9.1093825e-31   -1.6021766e-19    -9.156439e-20     5.138355e-19             3061                1
     0.0053497269    2.8133991e-05     0.0064126658     0.0011236005    -0.0017124641   -0.00040137031    9.1093825e-31   -1.6021766e-19    -9.156439e-20     5.138355e-19              580                0
    -0.0032253417    6.0748167e-05     0.0064384746      -0.00340887     -0.011119268     0.0040025595    9.1093825e-31   -1.6021766e-19    -9.156439e-20     5.138355e-19             3102                1
     0.0082759978    6.5085456e-05     -0.012575012    -0.0022218258    0.00079566444     0.0022224416    9.1093825e-31   -1.6021766e-19    -9.156439e-20     5.138355e-19              586                0
    -0.0022959828    2.4855906e-05      0.002910608    0.00074046658     0.0084581794   -0.00043873719    9.1093825e-31   -1.6021766e-19    -9.156439e-20     5.138355e-19             3117                1
    -0.0050038695    5.5103494e-05    -0.0052395104     0.0010154013     -0.001152774   -0.00094675331    9.1093825e-31   -1.6021766e-19    -9.156439e-20     5.138355e-19              660                0
   -0.00057953654     1.908434e-05    -0.0081783384     0.0039612199     0.0051797978    -0.0033316601    9.1093825e-31   -1.6021766e-19    -9.156439e-20     5.138355e-19             3071                1
    -0.0077414582     3.332226e-05      0.011060546    0.00060811965   -3.6667869e-05     0.0015231236    9.1093825e-31   -1.6021766e-19    -9.156439e-20     5.138355e-19              652                0
    -0.0022828751    5.8275732e-06     0.0029193752      0.002676802     0.0021654109    -0.0071332338    9.1093825e-31   -1.6021766e-19    -9.156439e-20     5.138355e-19             3125                1
    -0.0011375953    7.2207877e-05     0.0059673274     -0.005168247    -0.0055878288    -0.0078660185    9.1093825e-31   -1.6021766e-19    -9.156439e-20     5.138355e-19             2855                1
     0.0023931793    3.2917404e-05    -0.0092024095   -2.6161906e-05     0.0088826325   -0.00010419896    9.1093825e-31   -1.6021766e-19    -9.156439e-20     5.138355e-19             3093                1
    -0.0037013222    6.7285408e-05      0.011588143     0.0038801418    -0.0085560279     0.0014087651    9.1093825e-31   -1.6021766e-19    -9.156439e-20     5.138355e-19             3091                1
    -0.0031191583    1.0759693e-05   -9.5535679e-06    -0.0029696487     -0.003102412    -0.0029507843    9.1093825e-31   -1.6021766e-19    -9.156439e-20     5.138355e-19              303                0
     0.0018013328    6.1689949e-05      0.012140609   -0.00076029217    -0.0049673654    -0.0086342646    9.1093825e-31   -1.6021766e-19    -9.156439e-20     5.138355e-19             2937                1
     0.0011360331    2.7429754e-05    -0.0064936704     0.0019696972     0.0066835941    -0.0013399533    9.1093825e-31   -1.6021766e-19    -9.156439e-20     5.138355e-19             3081                1
     0.0028860278    1.5046261e-05    -0.0056391987    -0.0017025358    -0.0018357987    1.2617213e-05    9.1093825e-31   -1.6021766e-19    -9.156439e-20     5.138355e-19              860                0
   -0.00098875875    2.5934552e-05      0.005583616    5.2967184e-06    -0.0098452624    2.8535431e-05    9.1093825e-31   -1.6021766e-19    -9.156439e-20     5.138355e-19             2912                1
     -0.003297874     1.745655e-05      -0.01258739    -0.0008839466     0.0014888819    -0.0015411263    9.1093825e-31   -1.6021766e-19    -9.156439e-20     5.138355e-19              900                0
    -0.0064726043    2.0177105e-05    -0.0088488003    0.00090084027    1.4139945e-05     -0.001328318    9.1093825e-31   -1.6021766e-19    -9.156439e-20     5.138355e-19              132                0
     0.0013837797    3.2217809e-05     -0.012989719   -0.00036012722     0.0064068809     0.0032163216    9.1093825e-31   -1.6021766e-19    -9.156439e-20     5.138355e-19             2939                1
    -0.0072495919     8.813553e-05    -0.0026417214    0.00060717505   -0.00044387212    0.00067807687    9.1093825e-31   -1.6021766e-19    -9.156439e-20     5.138355e-19             1012                1
    -0.0038127964    7.1657551e-06    0.00058172201    -0.0013559856    -0.0032085716     0.0026048021    9.1093825e-31   -1.6021766e-19    -9.156439e-20     5.138355e-19              893                0
     0.0077265985    4.4697837e-05     -0.013087236     0.0023892766    0.00073310186     -0.001700179    9.1093825e-31   -1.6021766e-19    -9.156439e-20     5.138355e-19              311                0
    0.00076134107    6.7608717e-06     0.0010853537    -0.0034081216     0.0044695567     -0.003601311    9.1093825e-31   -1.6021766e-19    -9.156439e-20     5.138355e-19             3136                1
     0.0024217837    2.5661302e-05    -0.0076865177    -0.0075944294     0.0056310333     0.0044856649    9.1093825e-31   -1.6021766e-19    -9.156439e-20     5.138355e-19             3044                1
    -0.0028349082     6.058806e-05    -0.0068301647     0.0023672467     0.0097694024     0.0037129459    9.1093825e-31   -1.6021766e-19    -9.156439e-20     5.138355e-19             3028                1
    -0.0012501932    4.2559102e-05      0.006621799     0.0012120039     -0.010681699     0.0012927562    9.1093825e-31   -1.6021766e-19    -9.156439e-20     5.138355e-19             3032                1
    -0.0072946372    7.7602759e-05    -0.0014245184      0.002343788    -0.0026313704   -0.00055253308    9.1093825e-31   -1.6021766e-19    -9.156439e-20     5.138355e-19             2944                1
    -0.0062041525    1.1941652e-05     0.0028726698    9.2941154e-06    -0.0018194488   -0.00011808768    9.1093825e-31   -1.6021766e-19    -9.156439e-20     5.138355e-19              677                0
     0.0016717848    6.9417576e-05     -0.012986974     0.0010843329       0.00884494    0.00079533749    9.1093825e-31   -1.6021766e-19    -9.156439e-20     5.138355e-19             2890                1
     -0.008449533    9.0287926e-05    -0.0047994405    0.00032128787    4.2099229e-05   -0.00011260415    9.1093825e-31   -1.6021766e-19    -9.156439e-20     5.138355e-19              210                0
     0.0033807044    6.6394015e-05      0.012653351   -1.4394685e-05    -0.0075449911     0.0011480332    9.1093825e-31   -1.6021766e-19    -9.156439e-20     5.138355e-19             3077                1
     0.0078972373    5.9337857e-05     0.0085124224   -0.00030239273   -0.00030084417     0.0012620959    9.1093825e-31   -1.6021766e-19    -9.156439e-20     5.138355e-19              254                0
     0.0058533028    5.9551679e-05     0.0044064964   -0.00060743198     -0.001804104   -0.00088036817    9.1093825e-31   -1.6021766e-19    -9.156439e-20     5.138355e-19              270                0
    0.00079866243    5.1498628e-05     0.0097287986   -0.00048881478    -0.0074967006    4.0963438e-05    9.1093825e-31   -1.6021766e-19    -9.156439e-20     5.138355e-19             2962                1
     0.0010670958    3.1247957e-05    -0.0066061164    -0.0026685712     0.0032105991    -0.0069278069    9.1093825e-31   -1.6021766e-19    -9.156439e-20     5.138355e-19             2893                1
    -0.0011917594    8.3928069e-05     -0.012507275    0.00049021968       0.01123214    -0.0053438297    9.1093825e-31   -1.6021766e-19    -9.156439e-20     5.138355e-19             2945                1
     0.0015117723    5.3077038e-06    -0.0088185333     0.0009695607    -0.0036837652    0.00059267285    9.1093825e-31   -1.6021766e-19    -9.156439e-20     5.138355e-19             2655                1
     -0.007620764    8.4861793e-05     -0.012228213    -0.0011653573     0.0011023893     -0.001204086    9.1093825e-31   -1.6021766e-19    -9.156439e-20     5.138355e-19              673                0
     0.0014438026    4.7100075e-05     -0.013008759     0.0013461524     0.0079962695    -0.0046151741    9.1093825e-31   -1.6021766e-19    -9.156439e-20     5.138355e-19             2963                1
     0.0085428879    8.2261686e-06       0.01021131    0.00027314594   -0.00020129791   -9.2358066e-05    9.1093825e-31   -1.6021766e-19    -9.156439e-20     5.138355e-19              410                0
    -0.0028926046    7.4394047e-05    -0.0057596825     0.0019364214      0.010527915    -0.0023624948    9.1093825e-31   -1.6021766e-19    -9.156439e-20     5.138355e-19             3020                1
     0.0017859584    2.6077165e-05      0.012170257    -0.0052721943    -0.0087443506   -0.00049097894    9.1093825e-31   -1.6021766e-19    -9.156439e-20     5.138355e-19             2954                1
     0.0024682914    3.1909971e-05   -0.00011949803     0.0040067532    -0.0080160294    -0.0018272963    9.1093825e-31   -1.6021766e-19    -9.156439e-20     5.138355e-19             2915                1
    0.00029655793    5.0008475e-05      0.012345447    0.00079988776    -0.0094849449    -0.0077600684    9.1093825e-31   -1.6021766e-19    -9.156439e-20     5.138355e-19             3050                1
    -0.0031531167    2.6990635e-06    -0.0018215097     0.0041165496     0.0031260001     0.0022450939    9.1093825e-31   -1.6021766e-19    -9.156439e-20     5.138355e-19             3144                1
    -0.0094032995    9.3663562e-05    -0.0066278097    0.00039386272   -9.9606157e-05     0.0004147648    9.1093825e-31   -1.6021766e-19    -9.156439e-20     5.138355e-19              192                0
     0.0012710324    6.0466489e-05      0.011350904    9.0910646e-05    -0.0079078199   -0.00015849397    9.1093825e-31   -1.6021766e-19    -9.156439e-20     5.138355e-19             3040                1
    -0.0024194529    3.1583997e-05    -0.0021040514     -0.001238925     0.0096403686    0.00041184155    9.1093825e-31   -1.6021766e-19    -9.156439e-20     5.138355e-19             3107                1
   -0.00075420004    6.3898333e-05    -0.0084145414   -0.00093464495      0.011793266    7.0469003e-05    9.1093825e-31   -1.6021766e-19    -9.156439e-20     5.138355e-19             3045                1
     0.0035630364    2.7018677e-05     0.0034499981     0.0012012151     -0.002812474     0.0021991285    9.1093825e-31   -1.6021766e-19    -9.156439e-20     5.138355e-19              991                0
     0.0003654928    6.5231186e-05    -0.0087612187   -0.00047127574     0.0090868948   -0.00099200662    9.1093825e-31   -1.6021766e-19    -9.156439e-20     5.138355e-19             2972                1
    -0.0091274707    1.7147466e-05    -0.0019667849     0.0011723302   -0.00047416636   -0.00095273351    9.1093825e-31   -1.6021766e-19    -9.156439e-20     5.138355e-19              212                0
     0.0084455218    1.0465123e-05     0.0015322529    0.00023165481   -0.00077454018   -0.00082988874    9.1093825e-31   -1.6021766e-19    -9.156439e-20     5.138355e-19              525                0
      0.009302102    7.6218153e-06    -0.0092448611     0.0011429687   -1.0772497e-05    -0.0014044151    9.1093825e-31   -1.6021766e-19    -9.156439e-20     5.138355e-19              690                0
    -0.0042491788    7.5694414e-05     -0.012193902    0.00056833215     0.0082849376    0.00022671923    9.1093825e-31   -1.6021766e-19    -9.156439e-20     5.138355e-19             2885                1
     0.0017458975    5.9828748e-05      0.011384763     0.0064182272    -0.0091732936     0.0018855022    9.1093825e-31   -1.6021766e-19    -9.156439e-20     5.138355e-19             3075                1
    -0.0086743282    3.9685219e-05    -0.0011690186    0.00090462761   -0.00079823588    0.00099279883    9.1093825e-31   -1.6021766e-19    -9.156439e-20     5.138355e-19              750                0
   -0.00088762928    3.6580634e-05    -0.0084315399     0.0054276423     0.0076763309     0.0028179064    9.1093825e-31   -1.6021766e-19    -9.156439e-20     5.138355e-19             3051                1
     0.0015454536    1.9553609e-05    -0.0048979395     0.0019411411    -0.0065307994    0.00047342241    9.1093825e-31   -1.6021766e-19    -9.156439e-20     5.138355e-19             2914                1
     0.0012224731    1.5984879e-05      0.011388524    0.00046515002     -0.011996045   -0.00042763259    9.1093825e-31   -1.6021766e-19    -9.156439e-20     5.138355e-19             3011                1
     0.0034031507    9.2215181e-05      0.012683153     0.0022097079    -0.0018663789     0.0022782783    9.1093825e-31   -1.6021766e-19    -9.156439e-20     5.138355e-19             2934                1
    -0.0057121119     5.517793e-05      0.005881418    -0.0011363435    -0.0012988552     0.0010287109    9.1093825e-31   -1.6021766e-19    -9.156439e-20     5.138355e-19              220                0
    -0.0028840594    2.4800542e-05    -0.0056117545      -0.00263519     0.0046943277    0.00030603059    9.1093825e-31   -1.6021766e-19    -9.156439e-20     5.138355e-19             3034                1
     0.0062365807    3.8436749e-05    -0.0085165575    -0.0027160833    6.7529167e-05   -0.00053986273    9.1093825e-31   -1.6021766e-19    -9.156439e-20     5.138355e-19              931                0
    -0.0031010581    2.8547471e-05    -0.0018952702     0.0014677672     0.0067091449    -0.0034592876    9.1093825e-31   -1.6021766e-19    -9.156439e-20     5.138355e-19             3096                1
     0.0014390368    2.5976698e-05      0.011542157    -0.0014178953     -0.008722079     0.0011809359    9.1093825e-31   -1.6021766e-19    -9.156439e-20     5.138355e-19             2941                1
     0.0022796991    3.7068094e-05     -0.009132294   -0.00034657255     0.0080425506   -0.00016161651    9.1093825e-31   -1.6021766e-19    -9.156439e-20     5.138355e-19             3067                1
     0.0055952054    9.1372676e-05      0.011484216     0.0044771582    -0.0036233745     0.0016881257    9.1093825e-31   -1.6021766e-19    -9.156439e-20     5.138355e-19             3112                1
   -0.00028439509    1.2695758e-05    -0.0027989538     0.0027502568     0.0053046313    -0.0007316937    9.1093825e-31   -1.6021766e-19    -9.156439e-20     5.138355e-19             3121                1
      0.005874895    1.5170303e-05    -0.0030854007    -0.0010947487    -0.0015027386    -0.0022768113    9.1093825e-31   -1.6021766e-19    -9.156439e-20     5.138355e-19              256                0
    -0.0010174951    3.4294642e-06     0.0058600828    0.00051895686   -2.8997625e-05    -0.0037517382    9.1093825e-31   -1.6021766e-19    -9.156439e-20     5.138355e-19             3108                1
    -0.0029719397    3.6116136e-05      -0.01031303     0.0024098703     0.0079108886    -0.0015069705    9.1093825e-31   -1.6021766e-19    -9.156439e-20     5.138355e-19             3068                1
     -0.002497219    2.2674742e-05    -0.0020728102    0.00024962251     0.0064329398   -3.3641485e-05    9.1093825e-31   -1.6021766e-19    -9.156439e-20     5.138355e-19             3105                1
     0.0014025724    6.0439066e-05    -0.0088632815    0.00079280161      0.010264688    0.00024230736    9.1093825e-31   -1.6021766e-19    -9.156439e-20     5.138355e-19             3025                1
    -0.0092802178    7.2512863e-05     0.0021184345    -0.0022410569    3.7540238e-05    -0.0018363262    9.1093825e-31   -1.6021766e-19    -9.156439e-20     5.138355e-19              978                0
   -0.00068434246    3.6713405e-07     0.0068755238    -0.0078004664     0.0018216524     0.0040866374    9.1093825e-31   -1.6021766e-19    -9.156439e-20     5.138355e-19             3154                1
     0.0093453033    3.2042859e-05    0.00090614439     0.0014153894   -0.00069618213   -0.00017838045    9.1093825e-31   -1.6021766e-19    -9.156439e-20     5.138355e-19              637                0
   -0.00080380554    7.2847106e-05     0.0058696824     0.0015673572     -0.005491164        0.0013516    9.1093825e-31   -1.6021766e-19    -9.156439e-20     5.138355e-19             2841                1
     0.0012170457    3.8097722e-05       0.01135908    9.5524993e-05    -0.0074893166     -0.003660396    9.1093825e-31   -1.6021766e-19    -9.156439e-20     5.138355e-19             2935                1
     0.0046854764    8.1605183e-05     0.0022142599   -0.00069122278    -0.0022225631     0.0011535736    9.1093825e-31   -1.6021766e-19    -9.156439e-20     5.138355e-19              229                0
     0.0011220559    9.6148382e-05      0.013560245     0.0034452651    -0.0026157091    7.8029252e-06    9.1093825e-31   -1.6021766e-19    -9.156439e-20     5.138355e-19             3131                1
    -0.0085230991    4.2114723e-05    -0.0014784904    0.00080379454   -0.00084248604   -0.00040287833    9.1093825e-31   -1.6021766e-19    -9.156439e-20     5.138355e-19              894                0
      0.007604355    9.0812347e-05     0.0054095909    -0.0010076722   -0.00068343885     0.0030265048    9.1093825e-31   -1.6021766e-19    -9.156439e-20     5.138355e-19              219                0
     0.0079823807     3.635326e-05    -0.0030353651     0.0016671139    -0.0010649742     0.0023104011    9.1093825e-31   -1.6021766e-19    -9.156439e-20     5.138355e-19              309                0
    -0.0089538535    6.2427585e-05      0.011191094    -0.0002338381    0.00015559979   -0.00060472026    9.1093825e-31   -1.6021766e-19    -9.156439e-20     5.138355e-19              329                0
     0.0021365769    4.2561609e-05     -0.014606444      0.002193067     0.0076483013   -0.00099275645    9.1093825e-31   -1.6021766e-19    -9.156439e-20     5.138355e-19             2997                1
      0.008999344     6.193859e-05     0.0080210362    -0.0010081525   -0.00014921173     0.0016580471    9.1093825e-31   -1.6021766e-19    -9.156439e-20     5.138355e-19              369                0
     0.0028165183    2.1659052e-05    -0.0071272287   -0.00064241816    -0.0022071749    -0.0037352804    9.1093825e-31   -1.6021766e-19    -9.156439e-20     5.138355e-19             2430                1
     0.0014499892    4.8267219e-05      0.011379952   -0.00015517406    -0.0067704804   -0.00032119162    9.1093825e-31   -1.6021766e-19    -9.156439e-20     5.138355e-19             2942                1
    -0.0021158478    8.9858826e-05     0.0072021764     0.0020217763    -0.0012716869     0.0001575092    9.1093825e-31   -1.6021766e-19    -9.156439e-20     5.138355e-19              632                0
   -0.00079107931    2.0534795e-05    -0.0083743902    -0.0065798643     0.0051419949     0.0062063611    9.1093825e-31   -1.6021766e-19    -9.156439e-20     5.138355e-19             3046                1
     0.0012683191    8.1326099e-05       0.01133183    -0.0079125352    -0.0056790472    0.00099469372    9.1093825e-31   -1.6021766e-19    -9.156439e-20     5.138355e-19             3090                1
     0.0017022854     2.993684e-05     0.0074236998    -0.0011494106    -0.0091811959      0.004531214    9.1093825e-31   -1.6021766e-19    -9.156439e-20     5.138355e-19             2916                1
    -0.0006978616    4.3057931e-05    -0.0058747255     -0.002639286     0.0082228519    -0.0030846612    9.1093825e-31   -1.6021766e-19    -9.156439e-20     5.138355e-19             3059                1
     0.0072548008    5.5856992e-05    0.00083029753    -0.0015262961    -0.0009633929   -0.00085173146    9.1093825e-31   -1.6021766e-19    -9.156439e-20     5.138355e-19              476                0
    -0.0048589432    4.0881801e-05     -0.012826554     0.0013242529     0.0016515871    -0.0016451866    9.1093825e-31   -1.6021766e-19    -9.156439e-20     5.138355e-19              549                0
   -0.00089610886     9.866403e-05      0.010221151     0.0026182584   -0.00015199161    0.00071555359    9.1093825e-31   -1.6021766e-19    -9.156439e-20     5.138355e-19              569                0
      0.001065042    5.6696532e-05    -0.0095638828    7.9306585e-05     0.0093491906     0.0027711643    9.1093825e-31   -1.6021766e-19    -9.156439e-20     5.138355e-19             3016                1
   -0.00029563616    9.0582589e-06    -0.0028056216    -0.0016170003     0.0038928154    -0.0033225699    9.1093825e-31   -1.6021766e-19    -9.156439e-20     5.138355e-19             3122                1
     0.0094928872    9.5871728e-05     -0.014400722   -8.8881192e-05    0.00061927806     0.0020946525    9.1093825e-31   -1.6021766e-19    -9.156439e-20     5.138355e-19              922                0
     0.0013709406    7.6728873e-05      0.011457047    -0.0015441567     -0.006360101     0.0039248439    9.1093825e-31   -1.6021766e-19    -9.156439e-20     5.138355e-19             3087                1
    -0.0077600204    5.0619496e-05     0.0039134133     0.0011700742   -0.00093455933    0.00098701974    9.1093825e-31   -1.6021766e-19    -9.156439e-20     5.138355e-19              934                0
    -0.0021447637     6.498587e-06     0.0062825559     0.0031690544      -0.01299201     0.0019516073    9.1093825e-31   -1.6021766e-19    -9.156439e-20     5.138355e-19             2984                1
   -2.7655111e-05    7.2639932e-06     0.0036748259     0.0026633802     0.0022226842    -0.0045388108    9.1093825e-31   -1.6021766e-19    -9.156439e-20     5.138355e-19             3119                1
    -0.0017299277    6.7913381e-05      0.010667248    -0.0028870737    -0.0050139297    -0.0012096212    9.1093825e-31   -1.6021766e-19    -9.156439e-20     5.138355e-19             2925                1
      0.001713692    6.9756352e-05      0.011367514    0.00039410178    -0.0073222853    -0.0013432662    9.1093825e-31   -1.6021766e-19    -9.156439e-20     5.138355e-19             3076                1
    0.00048118294    4.0613668e-05    -0.0088056047    -0.0013887129     0.0063477489     0.0050900178    9.1093825e-31   -1.6021766e-19    -9.156439e-20     5.138355e-19             2957                1
    -0.0020686784    5.6582735e-07     0.0064085945    0.00013803174     0.0028283545    7.0107708e-05    9.1093825e-31   -1.6021766e-19    -9.156439e-20     5.138355e-19             3155                1
     0.0054354626    3.0852232e-05     0.0021554716    0.00059294968     -0.002308025     0.0025740089    9.1093825e-31   -1.6021766e-19    -9.156439e-20     5.138355e-19               20                0
     0.0020613917    8.8485569e-05      0.014604139   -0.00092519633    -0.0028235768     0.0034226927    9.1093825e-31   -1.6021766e-19    -9.156439e-20     5.138355e-19             3062                1
   -6.0285001e-05    1.0575254e-18     0.0043292814   -0.00016511152     -0.010087681   -0.00023068933    9.1093825e-31   -1.6021766e-19    -9.156439e-20     5.138355e-19             2834                1
    -0.0037103519    4.6271161e-05     -0.014366015   -3.1874191e-05     0.0094403252   -2.5051886e-06    9.1093825e-31   -1.6021766e-19    -9.156439e-20     5.138355e-19             3069                1
   -0.00096957164    2.4734694e-05    -0.0058230693    -0.0030940413     0.0066741426     0.0016066472    9.1093825e-31   -1.6021766e-19    -9.156439e-20     5.138355e-19             3094                1
     0.0015213974    6.3573367e-05     0.0024615619    5.9823076e-05   -0.00079396757    0.00037334801    9.1093825e-31   -1.6021766e-19    -9.156439e-20     5.138355e-19             2808                1
     0.0014231304    8.6362001e-05    -0.0086339246   -0.00044021342      0.010969156     0.0079735396    9.1093825e-31   -1.6021766e-19    -9.156439e-20     5.138355e-19             2964                1
     0.0034091626    5.5521839e-05    -0.0076057622    0.00010581734    -0.0022677919   -0.00027263799    9.1093825e-31   -1.6021766e-19    -9.156439e-20     5.138355e-19             2921                1
     0.0060051014    7.6740311e-05      0.012010587   -0.00065480941    0.00041770469     0.0020717725    9.1093825e-31   -1.6021766e-19    -9.156439e-20     5.138355e-19              280                0
     0.0017385584    6.6584667e-05     0.0068572341   -0.00080147939    -0.0055175172    -0.0046032704    9.1093825e-31   -1.6021766e-19    -9.156439e-20     5.138355e-19             2853                1
   -0.00062024075    3.5105179e-05    -0.0077854572    -0.0013948077     0.0044375076    -0.0016813135    9.1093825e-31   -1.6021766e-19    -9.156439e-20     5.138355e-19             2901                1
     0.0013555461    4.8334976e-05     -0.003353969     0.0012791293     0.0033602051     0.0009252716    9.1093825e-31   -1.6021766e-19    -9.156439e-20     5.138355e-19             2923                1
    -0.0018428736    2.1437952e-06     0.0019771606   -0.00011671505     0.0023313183     0.0019930317    9.1093825e-31   -1.6021766e-19    -9.156439e-20     5.138355e-19             3145                1
     0.0028695189    7.3828131e-05     0.0099265985    0.00038030426   -0.00015296513   -0.00023713965    9.1093825e-31   -1.6021766e-19    -9.156439e-20     5.138355e-19              177                0
      0.001456174    4.6229809e-05    -0.0087378277     0.0028661871     0.0069894991    -0.0024248092    9.1093825e-31   -1.6021766e-19    -9.156439e-20     5.138355e-19             2965                1
     0.0010171559    9.7561417e-05     0.0028121013    -0.0020464158    0.00014096101     0.0013691738    9.1093825e-31   -1.6021766e-19    -9.156439e-20     5.138355e-19             2577                1
     0.0014225752    5.6237179e-05      0.011404399    -0.0022982131    -0.0066309497   -0.00061255024    9.1093825e-31   -1.6021766e-19    -9.156439e-20     5.138355e-19             2976                1
    -0.0082912175    3.0515293e-05     0.0035140633    0.00096519204   -0.00096397073    -0.0031896804    9.1093825e-31   -1.6021766e-19    -9.156439e-20     5.138355e-19              184                0
    -0.0019098258    8.3602827e-05      0.003974617    -0.0014086339    -0.0027725142    9.4051757e-05    9.1093825e-31   -1.6021766e-19    -9.156439e-20     5.138355e-19              699                0
    -0.0077650822     5.932251e-06    -0.0048565133    -0.0028721264    -0.0011092372    0.00034582408    9.1093825e-31   -1.6021766e-19    -9.156439e-20     5.138355e-19              243                0
     0.0016435824    7.0842834e-05        0.0120848     0.0015757867    -0.0063003269    0.00082036527    9.1093825e-31   -1.6021766e-19    -9.156439e-20     5.138355e-19             3056                1
    -0.0086079761      3.76676e-05     0.0020995468    0.00043135567   -0.00067629211   -0.00017239027    9.1093825e-31   -1.6021766e-19    -9.156439e-20     5.138355e-19              264                0
     0.0051000854    3.8270773e-05    0.00023611242    0.00025020068    -0.0025404177    -0.0012737813    9.1093825e-31   -1.6021766e-19    -9.156439e-20     5.138355e-19              284                0
    0.00040252841     7.771715e-06    0.00019115295   -0.00026933022     0.0033540239    0.00093163928    9.1093825e-31   -1.6021766e-19    -9.156439e-20     5.138355e-19             3126                1
     0.0017665616    5.1905896e-05     0.0069565349    0.00056191272    -0.0072723227    -0.0001051736    9.1093825e-31   -1.6021766e-19    -9.156439e-20     5.138355e-19             2899                1
     0.0030716141    4.1233516e-06     -0.004395314    -0.0021966542    -0.0065465607     -0.000392366    9.1093825e-31   -1.6021766e-19    -9.156439e-20     5.138355e-19             2759                1
    -0.0013571292    6.3608182e-05    -0.0085058352    0.00050654041     0.0098064374    -0.0011846783    9.1093825e-31   -1.6021766e-19    -9.156439e-20     5.138355e-19             3013                1
   -0.00099235377    1.8260554e-05    -0.0020973638   -7.8485784e-05    -0.0032319543    0.00019262043    9.1093825e-31   -1.6021766e-19    -9.156439e-20     5.138355e-19              384                0
    0.00040389269    3.7821592e-05    -0.0038107422   -0.00037359961     0.0093506835     0.0018772148    9.1093825e-31   -1.6021766e-19    -9.156439e-20     5.138355e-19             3097                1
     0.0015296999    9.9153403e-06     0.0024226992   -0.00030707914      0.003118047     0.0022544612    9.1093825e-31   -1.6021766e-19    -9.156439e-20     5.138355e-19             3115                1
    -0.0092203282    5.4756936e-05   -0.00042041056    1.4714632e-05   -0.00048099115    0.00067079213    9.1093825e-31   -1.6021766e-19    -9.156439e-20     5.138355e-19              444                0
    -0.0059275334    1.3238159e-05     -0.002007792    0.00019252962    -0.0016804655    -0.0010523589    9.1093825e-31   -1.6021766e-19    -9.156439e-20     5.138355e-19              464                0
     0.0022555368    1.8886351e-05   -0.00011282129    -0.0018643896     0.0067560184    -0.0017475628    9.1093825e-31   -1.6021766e-19    -9.156439e-20     5.138355e-19             3116                1
     0.0056067621    8.2219573e-05     0.0093429955     0.0015952624    0.00013703101     0.0017075466    9.1093825e-31   -1.6021766e-19    -9.156439e-20     5.138355e-19             1322                1
    -0.0024694602    2.7646274e-05    0.00075582898    0.00029022354    -0.0099462336    0.00034004202    9.1093825e-31   -1.6021766e-19    -9.156439e-20     5.138355e-19             2998                1
    -0.0020679319    6.8390398e-07     0.0064092819     0.0039081872     0.0034248056      0.003538654    9.1093825e-31   -1.6021766e-19    -9.156439e-20     5.138355e-19             3156                1
     0.0084010577    4.6092857e-05    -0.0038304466   -0.00065027317   -0.00019903611    0.00088328845    9.1093825e-31   -1.6021766e-19    -9.156439e-20     5.138355e-19              564                0
   -2.7003898e-05    1.0163678e-05      0.004264453   -0.00013593552     0.0060468526    9.8196811e-05    9.1093825e-31   -1.6021766e-19    -9.156439e-20     5.138355e-19             3133                1
     0.0014489845    7.0609225e-05      0.011396968     0.0038306913    -0.0055255755    -0.0033359556    9.1093825e-31   -1.6021766e-19    -9.156439e-20     5.138355e-19             3008                1
     0.0015423136    3.5807596e-05    -0.0052104713     0.0017459271     0.0066418638   -0.00056766608    9.1093825e-31   -1.6021766e-19    -9.156439e-20     5.138355e-19             3052                1
     0.0017957205    8.4079133e-05      0.012224405     0.0043588839    -0.0036326472     0.0037814574    9.1093825e-31   -1.6021766e-19    -9.156439e-20     5.138355e-19             3009                1
    -0.0068272487    8.2266568e-05    0.00081900734    0.00021349241     -0.001143901   -8.8302775e-05    9.1093825e-31   -1.6021766e-19    -9.156439e-20     5.138355e-19              664                0
    -0.0015810516     1.549544e-05     -0.011255757      0.001808661     0.0067710653    -0.0039526536    9.1093825e-31   -1.6021766e-19    -9.156439e-20     5.138355e-19             3118                1
     0.0033883536     5.969932e-05     0.0046592429   -0.00019226073    -0.0022487261     -0.001876524    9.1093825e-31   -1.6021766e-19    -9.156439e-20     5.138355e-19              704                0
     0.0011952266    3.9703009e-05      0.011457995    -0.0010977576    -0.0083310446     0.0038597593    9.1093825e-31   -1.6021766e-19    -9.156439e-20     5.138355e-19             2977                1
    -0.0065700151    9.4852534e-05     0.0094783278     0.0010248157    0.00022422886     0.0016266871    9.1093825e-31   -1.6021766e-19    -9.156439e-20     5.138355e-19              871                0
   -0.00088149082    1.3711862e-05    -0.0028910448     0.0045593949     0.0025834159    -0.0016659596    9.1093825e-31   -1.6021766e-19    -9.156439e-20     5.138355e-19             3065                1
    -0.0066314731    6.6460692e-05     -0.010881459    0.00097170862    0.00036532115    0.00099900749    9.1093825e-31   -1.6021766e-19    -9.156439e-20     5.138355e-19              125                0
    -0.0050543766    8.8318106e-05      0.013390459    0.00093648786     0.0013705067    0.00043427185    9.1093825e-31   -1.6021766e-19    -9.156439e-20     5.138355e-19              804                0
   -0.00084227521    6.9628702e-05    -0.0028050905   -0.00025500919     0.0088913208     0.0012590282    9.1093825e-31   -1.6021766e-19    -9.156439e-20     5.138355e-19             3022                1
   -0.00038686692     3.578249e-05    0.00031782623    -0.0036351876      0.004619828    -0.0033364573    9.1093825e-31   -1.6021766e-19    -9.156439e-20     5.138355e-19             3055                1
     -0.001598126    9.2843569e-05     -0.012357156   -0.00082425511     0.0099336673     0.0023210049    9.1093825e-31   -1.6021766e-19    -9.156439e-20     5.138355e-19             2878                1
     0.0041367142    3.9752562e-05     -0.011669165     0.0012001635     0.0083305538    0.00027698235    9.1093825e-31   -1.6021766e-19    -9.156439e-20     5.138355e-19             3066                1
    0.00029350762    9.7904049e-06    0.00016823015    -0.0019295709      0.006590527    9.0720969e-05    9.1093825e-31   -1.6021766e-19    -9.156439e-20     5.138355e-19             3135                1
     0.0012506915    9.3725233e-05      0.011451667    0.00019502432    0.00021238395      0.001553591    9.1093825e-31   -1.6021766e-19    -9.156439e-20     5.138355e-19             2668                1
     -0.001373057    3.1518368e-05    -0.0084914835    -0.0013874351     0.0059872731    0.00051492068    9.1093825e-31   -1.6021766e-19    -9.156439e-20     5.138355e-19             3014                1
    0.00054180017     5.984688e-05     -0.011859016    3.9120612e-05     0.0019250556     0.0002306282    9.1093825e-31   -1.6021766e-19    -9.156439e-20     5.138355e-19              958                0
     0.0040359069    7.4498876e-06     -0.006913837     0.0021478496     0.0032698624     0.0070422892    9.1093825e-31   -1.6021766e-19    -9.156439e-20     5.138355e-19             3110                1
    -0.0067697475    8.5850494e-05      0.012270406    0.00031943733    0.00062808144    0.00066836795    9.1093825e-31   -1.6021766e-19    -9.156439e-20     5.138355e-19              988                0
     -0.001658967    8.4001513e-05      0.010511124   -0.00045210344    -0.0081320396    -0.0040391968    9.1093825e-31   -1.6021766e-19    -9.156439e-20     5.138355e-19             3128                1
     0.0011592554    8.3807528e-05    -0.0095874304    -0.0020328662        0.0110716    0.00012908256    9.1093825e-31   -1.6021766e-19    -9.156439e-20     5.138355e-19             2966                1
     0.0014723981     4.813206e-05      0.011401881     0.0028367862    -0.0074648024   -0.00087082683    9.1093825e-31   -1.6021766e-19    -9.156439e-20     5.138355e-19             2975                1
     0.0041944264    3.5861405e-05    -0.0087673152    0.00064303883    -0.0027374849    -0.0014277681    9.1093825e-31   -1.6021766e-19    -9.156439e-20     5.138355e-19             2858                1
    -0.0016370587    9.8330514e-05     -0.012531659    0.00038277911    -0.0032424268     0.0017816486    9.1093825e-31   -1.6021766e-19    -9.156439e-20     5.138355e-19             3151                1
    -0.0014171712    2.6955673e-05      0.011034096     0.0062030298    -0.0022787296     0.0071418695    9.1093825e-31   -1.6021766e-19    -9.156439e-20     5.138355e-19             2418                1
    0.00041386409     6.159109e-05    -0.0087316372    -0.0034617651      0.011156079    0.00055697263    9.1093825e-31   -1.6021766e-19    -9.156439e-20     5.138355e-19             3037                1
     0.0015621965    6.0526618e-05     -0.012955745    -0.0066322759     0.0090684732    0.00074401422    9.1093825e-31   -1.6021766e-19    -9.156439e-20     5.138355e-19             2950                1
    -0.0030057968    5.8705646e-05     -0.010458914     0.0023307609     0.0085477717    -0.0027637181    9.1093825e-31   -1.6021766e-19    -9.156439e-20     5.138355e-19             2968                1
     -0.002507223     3.553343e-05     0.0061536827     0.0013009846    -0.0023446358    0.00040588557    9.1093825e-31   -1.6021766e-19    -9.156439e-20     5.138355e-19              485                0
     0.0013729598    6.3644882e-05       0.01150967   -0.00098698377    -0.0061662043    0.00080852077    9.1093825e-31   -1.6021766e-19    -9.156439e-20     5.138355e-19             2992                1
    0.00058668136     8.867024e-05     0.0095635774    0.00098206394     0.0040083164    -0.0024106945    9.1093825e-31   -1.6021766e-19    -9.156439e-20     5.138355e-19             2898                1
   -0.00052087294    5.7403347e-05    -0.0026104539     0.0026717125   -0.00070285791    -0.0018049031    9.1093825e-31   -1.6021766e-19    -9.156439e-20     5.138355e-19             2718                1
    -0.0016334802    2.6530419e-05     -0.011223519     0.0057921298     0.0070304018    -0.0020518242    9.1093825e-31   -1.6021766e-19    -9.156439e-20     5.138355e-19             3080                1
    -0.0012556273    1.9204603e-05    -0.0085133752     0.0022743514     0.0041000503    0.00059564103    9.1093825e-31   -1.6021766e-19    -9.156439e-20     5.138355e-19             2951                1
    -0.0015446077    9.6828415e-05     -0.011212437    -0.0035243628    -0.0020218391    0.00081319088    9.1093825e-31   -1.6021766e-19    -9.156439e-20     5.138355e-19             3137                1
     0.0017804877    2.1627004e-05      0.007411099     0.0018492156     -0.010045511    0.00033054934    9.1093825e-31   -1.6021766e-19    -9.156439e-20     5.138355e-19             2924                1
    -0.0018352363    3.4444517e-06     0.0018325396    0.00041859047    -0.0096921427    0.00043613845    9.1093825e-31   -1.6021766e-19    -9.156439e-20     5.138355e-19             2836                1
    -0.0028167402    6.0880957e-06    -0.0056761792     0.0026012536    -0.0059428834   -0.00036095618    9.1093825e-31   -1.6021766e-19    -9.156439e-20     5.138355e-19             2785                1
      0.001027022    1.9422409e-05    -0.0092434697     0.0029912393     0.0051025231    -0.0035988293    9.1093825e-31   -1.6021766e-19    -9.156439e-20     5.138355e-19             3041                1
     0.0012678615    3.1691299e-05    -0.0092839375      -0.00146215     0.0082453182     0.0011328361    9.1093825e-31   -1.6021766e-19    -9.156439e-20     5.138355e-19             3088                1
    -0.0025703884    2.6756914e-05    -0.0019382245   -0.00091231626    -0.0079351114     0.0062987003    9.1093825e-31   -1.6021766e-19    -9.156439e-20     5.138355e-19             2946                1
    -0.0029368079    3.8948117e-05     -0.014528157   -2.8436616e-05      0.002296302    -0.0013802887    9.1093825e-31   -1.6021766e-19    -9.156439e-20     5.138355e-19              422                0
      0.001631695    1.9786916e-05     0.0026445494     0.0010044342     0.0028809181    -0.0011438964    9.1093825e-31   -1.6021766e-19    -9.156439e-20     5.138355e-19             3084                1
    -0.0012695497     8.840907e-05    -0.0085688531    0.00096267695      0.010653494    -0.0046313819    9.1093825e-31   -1.6021766e-19    -9.156439e-20     5.138355e-19             2952                1
    -0.0024981017    1.7239923e-05    -0.0020726901    8.1053577e-06     0.0049492288   -1.1052407e-06    9.1093825e-31   -1.6021766e-19    -9.156439e-20     5.138355e-19             3104                1
    -0.0043957401     9.017704e-05      0.010386091    -0.0028947883    0.00022398637     0.0010072263    9.1093825e-31   -1.6021766e-19    -9.156439e-20     5.138355e-19              687                0
   -0.00088416506    8.8121978e-06     -0.008124779    -0.0030170465     0.0040152208     0.0040741479    9.1093825e-31   -1.6021766e-19    -9.156439e-20     5.138355e-19             3111                1
     0.0017157057    5.0120238e-05    -0.0031226496     0.0028756063     0.0080019487     0.0011166855    9.1093825e-31   -1.6021766e-19    -9.156439e-20     5.138355e-19             3047                1
      0.007472354    7.0763526e-05     0.0086928699    -0.0002525943     0.0024482217    0.00042212213    9.1093825e-31   -1.6021766e-19    -9.156439e-20     5.138355e-19             2677                1
     0.0053672977    4.9192502e-05     0.0032745444    0.00024139041    -0.0022059309   -0.00070379383    9.1093825e-31   -1.6021766e-19    -9.156439e-20     5.138355e-19              581                0
    0.00042097052    2.1719627e-05    -0.0037278302     0.0030294387     0.0074271131     0.0020827837    9.1093825e-31   -1.6021766e-19    -9.156439e-20     5.138355e-19             3109                1
     0.0010884452    1.4888858e-05     0.0057483688   -0.00028265579     -0.011283804      -0.00188175    9.1093825e-31   -1.6021766e-19    -9.156439e-20     5.138355e-19             2940                1
     0.0013898907     7.116676e-05     0.0016091364   -9.0591129e-05    -0.0031707233    -0.0016332488    9.1093825e-31   -1.6021766e-19    -9.156439e-20     5.138355e-19              641                0
    -0.0016226205    6.6338034e-05     -0.012410677    -0.0021443216     0.0086167911     0.0007934327    9.1093825e-31   -1.6021766e-19    -9.156439e-20     5.138355e-19             2897                1
    7.0370035e-05    1.3309027e-05    -0.0059210593    -0.0026573192     0.0027709282      4.01444e-06    9.1093825e-31   -1.6021766e-19    -9.156439e-20     5.138355e-19             2993                1
     0.0011614594    7.8932142e-05      0.013733243     -0.003633505    -0.0054247552     0.0039755865    9.1093825e-31   -1.6021766e-19    -9.156439e-20     5.138355e-19             3085                1
     0.0017700932    6.5810142e-05     0.0074022477     0.0044201007    -0.0062332358      0.002762371    9.1093825e-31   -1.6021766e-19    -9.156439e-20     5.138355e-19             2917                1
    6.2273146e-05    3.0601903e-05    -0.0058987443    -0.0035661506     0.0047037015     0.0025102862    9.1093825e-31   -1.6021766e-19    -9.156439e-20     5.138355e-19             2994                1
    -0.0009972963     3.976958e-05     -0.005854052   -0.00021725001       0.00534163    0.00011890272    9.1093825e-31   -1.6021766e-19    -9.156439e-20     5.138355e-19             2981                1
    6.4072126e-05    6.5192311e-05    -0.0011062147      0.003591493     0.0093672471     0.0023351703    9.1093825e-31   -1.6021766e-19    -9.156439e-20     5.138355e-19             3042                1
      0.002080044    5.9648977e-05      0.014590098     0.0021115507    -0.0075264666      0.001138421    9.1093825e-31   -1.6021766e-19    -9.156439e-20     5.138355e-19             3063                1
     0.0094052115    5.1970175e-05    -0.0041601271    0.00047367418   -0.00050086726     0.0016114743    9.1093825e-31   -1.6021766e-19    -9.156439e-20     5.138355e-19              821                0
    2.7059534e-05    4.0784034e-05    -0.0074595385     0.0019195429    -0.0041902852    -0.0016258205    9.1093825e-31   -1.6021766e-19    -9.156439e-20     5.138355e-19             2974                1
    0.00086180301    9.9049266e-06     0.0026419468    -0.0006108752      0.001321862    0.00092833914    9.1093825e-31   -1.6021766e-19    -9.156439e-20     5.138355e-19             3098                1
    -0.0012729098    4.6304467e-05     -0.014182149     0.0018129068     0.0080363834     0.0038578578    9.1093825e-31   -1.6021766e-19    -9.156439e-20     5.138355e-19             2979                1
    -0.0010998123    4.7242298e-05     -0.012516527     0.0025233426     0.0083479434    -0.0023584941    9.1093825e-31   -1.6021766e-19    -9.156439e-20     5.138355e-19             2989                1
    0.00046848759    5.0297411e-05    0.00020657732    -0.0043452997     0.0056979423    -0.0024054016    9.1093825e-31   -1.6021766e-19    -9.156439e-20     5.138355e-19             3026                1
    -0.0051217293    5.7129513e-05     -0.010838852    -0.0030962022   -0.00073928799    0.00044312174    9.1093825e-31   -1.6021766e-19    -9.156439e-20     5.138355e-19             2846                1
     0.0017057905    2.9342606e-05    -0.0031034565     0.0013595859     0.0048159119     0.0040534013    9.1093825e-31   -1.6021766e-19    -9.156439e-20     5.138355e-19             3048                1
   -0.00093185925    5.0328079e-05     0.0055708634     0.0046403497    -0.0078625269    -0.0010155723    9.1093825e-31   -1.6021766e-19    -9.156439e-20     5.138355e-19             2913                1
     0.0011066803    2.9169445e-05    -0.0068253833    -0.0031643026      0.008724208    0.00094291021    9.1093825e-31   -1.6021766e-19    -9.156439e-20     5.138355e-19             3103                1
     0.0075407191    1.3309877e-05     -0.014047937    -4.129095e-05    -0.0023365465   -2.7245862e-05    9.1093825e-31   -1.6021766e-19    -9.156439e-20     5.138355e-19             2627                1
    -0.0083500156    3.7726838e-06      0.008492575    0.00072060613    -0.0003544458   -0.00013108872    9.1093825e-31   -1.6021766e-19    -9.156439e-20     5.138355e-19               58                0
   -0.00099984615    1.9508147e-05     0.0059323525    -0.0010541386     -0.009662875     0.0021564497    9.1093825e-31   -1.6021766e-19    -9.156439e-20     5.138355e-19             2883                1
    -0.0004890397    8.3970321e-05      0.009400663   -0.00045295033    -0.0081807645    0.00048330368    9.1093825e-31   -1.6021766e-19    -9.156439e-20     5.138355e-19             3127                1
     0.0040517594    4.0439136e-05     0.0010506762    -0.0015399461    -0.0030443468    -0.0015073918    9.1093825e-31   -1.6021766e-19    -9.156439e-20     5.138355e-19              118                0
    -0.0035634413    3.5036552e-05     -0.010012963    -0.0039514625     0.0069966139      0.001149985    9.1093825e-31   -1.6021766e-19    -9.156439e-20     5.138355e-19             3033                1
    -0.0094117578    3.6234218e-05    -0.0036211177    0.00051916594   -0.00010271862    0.00042812031    9.1093825e-31   -1.6021766e-19    -9.156439e-20     5.138355e-19              158                0
     0.0047772131    5.2639436e-05    -0.0035824077     0.0019502195    -0.0037946689   -0.00022334457    9.1093825e-31   -1.6021766e-19    -9.156439e-20     5.138355e-19             2664                1
     0.0010638156    4.8389047e-05    -0.0096018109   -6.7975503e-05     0.0083634108    -0.0017916649    9.1093825e-31   -1.6021766e-19    -9.156439e-20     5.138355e-19             3015                1
     0.0041032871    1.9643492e-05    -0.0086580943    -0.0038474058     0.0041333023     0.0036153526    9.1093825e-31   -1.6021766e-19    -9.156439e-20     5.138355e-19             3012                1
    0.00030855977    3.5388126e-05    -0.0088018533    -0.0056755343     0.0051378156     0.0015320407    9.1093825e-31   -1.6021766e-19    -9.156439e-20     5.138355e-19             2907                1
     0.0068618637    6.4758104e-05     -0.013526844   -0.00045792732      0.001311759    0.00094227149    9.1093825e-31   -1.6021766e-19    -9.156439e-20     5.138355e-19              213                0
    -0.0016075422    8.9997178e-05     -0.012457198    0.00095513329    -0.0073650931     0.0021629229    9.1093825e-31   -1.6021766e-19    -9.156439e-20     5.138355e-19             3139                1
    -0.0014741949           0.0001    -0.0066038389   -0.00013615855      0.009948777    -0.0002382586    9.1093825e-31   -1.6021766e-19    -9.156439e-20     5.138355e-19             2932                1
    0.00018067007      5.44096e-05    -0.0010481458    8.7187742e-05    -0.0066308295    0.00024598415    9.1093825e-31   -1.6021766e-19    -9.156439e-20     5.138355e-19             3023                1
     0.0030401042    9.4616575e-05      0.014336543   -0.00082125876     0.0064434949    -0.0022389966    9.1093825e-31   -1.6021766e-19    -9.156439e-20     5.138355e-19             2833                1
     0.0026826039    8.1315156e-05      0.012202367     0.0012946542    -0.0083186859     0.0030122637    9.1093825e-31   -1.6021766e-19    -9.156439e-20     5.138355e-19             3124                1
     0.0034512056    8.0927981e-05      0.012688664    -0.0016160358    -0.0064201192   -0.00043107817    9.1093825e-31   -1.6021766e-19    -9.156439e-20     5.138355e-19             3106                1
     0.0018380749    2.6431739e-05      0.012191385   -0.00030574732    -0.0087010786     0.0015224015    9.1093825e-31   -1.6021766e-19    -9.156439e-20     5.138355e-19             2955                1
   -0.00095048343    2.8184517e-05    -0.0058422065     0.0011908207     0.0074541713    -0.0026885329    9.1093825e-31   -1.6021766e-19    -9.156439e-20     5.138355e-19             3095                1
    -0.0011858203    5.2820636e-05     0.0061447681   -1.9041845e-05      -0.01111198     0.0041308845    9.1093825e-31   -1.6021766e-19    -9.156439e-20     5.138355e-19             3083                1
      0.001928381    7.8441364e-05     -0.012687991    0.00021607838     0.0088050729    -0.0022248882    9.1093825e-31   -1.6021766e-19    -9.156439e-20     5.138355e-19             2869                1
    -0.0026572219    6.3334373e-05     0.0068982602    0.00016737607    -0.0078014662    -0.0017489521    9.1093825e-31   -1.6021766e-19    -9.156439e-20     5.138355e-19             3049                1
     -0.001678123    3.0887302e-05     -0.011118005    -0.0038483718      0.007790748     0.0022309681    9.1093825e-31   -1.6021766e-19    -9.156439e-20     5.138355e-19             3079                1
     0.0015514267    9.1888587e-06     0.0024677319    -0.0012031964     -0.010228537    0.00055755879    9.1093825e-31   -1.6021766e-19    -9.156439e-20     5.138355e-19             2881                1
     0.0016299387    3.9275379e-05       0.01038771    -0.0018879889    -0.0082606236    0.00021139643    9.1093825e-31   -1.6021766e-19    -9.156439e-20     5.138355e-19             2956                1
      0.003259423    8.7874731e-05     0.0079220068   -0.00071715587    -0.0010749372   -0.00054298231    9.1093825e-31   -1.6021766e-19    -9.156439e-20     5.138355e-19              903                0
    -0.0084613729    5.1318926e-05      0.010183821    0.00098987203    0.00017432767    0.00071630179    9.1093825e-31   -1.6021766e-19    -9.156439e-20     5.138355e-19              578                0
     0.0013233527    4.5343699e-05    -0.0033009048    -0.0044122962     0.0086734211    -0.0041976972    9.1093825e-31   -1.6021766e-19    -9.156439e-20     5.138355e-19             3072                1
     0.0083086099    3.8184964e-05     0.0096113505     0.0017401777   -4.2763335e-05    0.00014747751    9.1093825e-31   -1.6021766e-19    -9.156439e-20     5.138355e-19              618                0
      0.000119412    2.8173848e-05     -0.011848049   -0.00016302732     0.0068767602    8.9757879e-05    9.1093825e-31   -1.6021766e-19    -9.156439e-20     5.138355e-19             3064                1
    0.00095936528    7.0613627e-05     0.0079015596   -0.00040843087    -0.0059015891    0.00029841522    9.1093825e-31   -1.6021766e-19    -9.156439e-20     5.138355e-19             2927                1
   -0.00094733998    1.1857879e-05     0.0060319183     0.0054016369     -0.010776042     0.0051294696    9.1093825e-31   -1.6021766e-19    -9.156439e-20     5.138355e-19             2904                1
    -0.0023995622    8.9603309e-06    -0.0022490099   -0.00094685692     0.0024176349   -0.00088546576    9.1093825e-31   -1.6021766e-19    -9.156439e-20     5.138355e-19             3099                1
   -0.00057611626     3.802271e-05    -0.0081396597   -0.00032873783     0.0075005805   -0.00081659359    9.1093825e-31   -1.6021766e-19    -9.156439e-20     5.138355e-19             3035                1
    -0.0042507942    9.8940836e-05     -0.012208491    0.00045237548     0.0099775642   -0.00083019567    9.1093825e-31   -1.6021766e-19    -9.156439e-20     5.138355e-19             2886                1
    -0.0014859322    1.4170911e-05    -0.0080232052    0.00053796696     0.0075460044   -0.00091797148    9.1093825e-31   -1.6021766e-19    -9.156439e-20     5.138355e-19             3129                1
    -0.0019078886    1.2150032e-05     0.0018215433     0.0032356759     0.0043977043     0.0040110154    9.1093825e-31   -1.6021766e-19    -9.156439e-20     5.138355e-19             3123                1
   -3.4262928e-05    4.8143473e-05     0.0035323056     0.0011840039    -0.0081277322    -0.0028056237    9.1093825e-31   -1.6021766e-19    -9.156439e-20     5.138355e-19             2933                1
    0.00055387802    4.1009912e-06    0.00029488376     0.0037223005    -0.0091610355     0.0036797463    9.1093825e-31   -1.6021766e-19    -9.156439e-20     5.138355e-19             2803                1
    -0.0066918423    3.1800781e-05     0.0051169959   -0.00046457342     -0.001330826     0.0010693629    9.1093825e-31   -1.6021766e-19    -9.156439e-20     5.138355e-19              573                0
     0.0018991914    9.5746072e-05      0.010479348     0.0063971863      0.003986361    -0.0023886985    9.1093825e-31   -1.6021766e-19    -9.156439e-20     5.138355e-19             2801                1
   -0.00016194627    8.8571607e-05      0.013840294     0.0030225306    -0.0047915573    -0.0034619542    9.1093825e-31   -1.6021766e-19    -9.156439e-20     5.138355e-19             3113                1
     0.0019037335    5.9838891e-05     -0.012647849    -0.0014321966      0.007554383    0.00045736486    9.1093825e-31   -1.6021766e-19    -9.156439e-20     5.138355e-19             2870                1
   -0.00018434275    7.7183606e-05       0.01384317    -0.0047786129    -0.0087574963    -0.0024579763    9.1093825e-31   -1.6021766e-19    -9.156439e-20     5.138355e-19             3114                1
     0.0013455952    3.6455105e-05    -0.0089623854    -0.0002235893     0.0082603656    0.00058654899    9.1093825e-31   -1.6021766e-19    -9.156439e-20     5.138355e-19             3070                1
     0.0011259523    3.7305323e-05    -0.0064789695    1.1152781e-05     0.0085972473     0.0015175925    9.1093825e-31   -1.6021766e-19    -9.156439e-20     5.138355e-19             3082                1
     -0.002913703    7.4854099e-05      -0.01041755    0.00075133203      0.011816742     0.0011279939    9.1093825e-31   -1.6021766e-19    -9.156439e-20     5.138355e-19             3021                1
    -0.0063454593    3.1110259e-05     0.0052847983   -0.00084867532    -0.0014232101    -0.0027877062    9.1093825e-31   -1.6021766e-19    -9.156439e-20     5.138355e-19              985                0
    0.00044582982    1.9483216e-06    -0.0038726523    2.9259636e-05    -0.0071505662    -0.0028035389    9.1093825e-31   -1.6021766e-19    -9.156439e-20     5.138355e-19             2739                1
     0.0076183104    6.8555913e-05    0.00072573801   -0.00054485147    -0.0011248474     0.0012069875    9.1093825e-31   -1.6021766e-19    -9.156439e-20     5.138355e-19              614                0
     0.0018109905    9.1618298e-05      0.010532821    -0.0012928519      0.003636996    -0.0012219246    9.1093825e-31   -1.6021766e-19    -9.156439e-20     5.138355e-19             2697                1
   -0.00062187493    8.7440225e-05    -0.0083718058     0.0034834526     0.0012979275    0.00039530062    9.1093825e-31   -1.6021766e-19    -9.156439e-20     5.138355e-19             2204                1
    8.9358808e-05    2.3261215e-05     -0.013334043   -7.8377969e-05     0.0020411266    0.00029298337    9.1093825e-31   -1.6021766e-19    -9.156439e-20     5.138355e-19               79                0
    -0.0010202513    6.9901489e-06    -0.0058947122    -0.0026338152     0.0019088642    -0.0041620741    9.1093825e-31   -1.6021766e-19    -9.156439e-20     5.138355e-19             2982                1
     0.0014509666    4.8657566e-05      0.011372502   -6.6202658e-05     -0.006738042   -0.00099905522    9.1093825e-31   -1.6021766e-19    -9.156439e-20     5.138355e-19             2943                1
     0.0081687197    6.3017149e-05     -0.013337471   -0.00014329641     0.0014829169    0.00082631619    9.1093825e-31   -1.6021766e-19    -9.156439e-20     5.138355e-19             1982                1
    -0.0018431788    6.4346536e-06     0.0019753454   -0.00045871033     0.0071472432   -4.4381246e-05    9.1093825e-31   -1.6021766e-19    -9.156439e-20     5.138355e-19             3146                1
     0.0014643462    8.8782348e-05    -0.0088936193    -0.0010229886     0.0087467711   -0.00028769381    9.1093825e-31   -1.6021766e-19    -9.156439e-20     5.138355e-19             2891                1
   -0.00078955258    1.2397807e-05    -0.0028742393     0.0080134394       0.00120191    0.00028160086    9.1093825e-31   -1.6021766e-19    -9.156439e-20     5.138355e-19             2995                1
    -0.0012667897     2.479695e-06     0.0061662616   -0.00020135574     0.0048884624    0.00055823865    9.1093825e-31   -1.6021766e-19    -9.156439e-20     5.138355e-19             3152                1
    -0.0013871504    2.9699742e-05     -0.011107588   -0.00048866676     0.0062290118     0.0029883336    9.1093825e-31   -1.6021766e-19    -9.156439e-20     5.138355e-19             2990                1
    -0.0017225815    6.0209313e-05      0.010623924    -0.0014608304    -0.0068938565    -0.0039931783    9.1093825e-31   -1.6021766e-19    -9.156439e-20     5.138355e-19             2999                1
     0.0011487184    4.8019821e-05    -0.0068552243    -0.0015634922     0.0066693141    -0.0050270213    9.1093825e-31   -1.6021766e-19    -9.156439e-20     5.138355e-19             2980                1
     0.0047985041    2.1727745e-05    -0.0034468551     0.0017530472     0.0050796666    -0.0071974355    9.1093825e-31   -1.6021766e-19    -9.156439e-20     5.138355e-19             3089                1
     0.0017479553    1.9376935e-06    -0.0020152987     0.0014790944     0.0028867845    -0.0019199196    9.1093825e-31   -1.6021766e-19    -9.156439e-20     5.138355e-19             3147                1
   -0.00047765969     4.453307e-05    -0.0082255816     0.0024342125     0.0077168141    -0.0019192027    9.1093825e-31   -1.6021766e-19    -9.156439e-20     5.138355e-19             3018                1
    -0.0033892095    6.7492088e-05    -0.0098839998     0.0028613028      0.010033232     0.0027820684    9.1093825e-31   -1.6021766e-19    -9.156439e-20     5.138355e-19             3000                1
     0.0018968786     9.610688e-05     -0.012494579     0.0059788842    -0.0032461998      0.007028698    9.1093825e-31   -1.6021766e-19    -9.156439e-20     5.138355e-19             3141                1
     0.0034246501      7.07363e-05       0.00909671     0.0013826225    -0.0085057011     0.0028861524    9.1093825e-31   -1.6021766e-19    -9.156439e-20     5.138355e-19             3101                1
     -0.001120385    6.3726817e-05     0.0058146776    -0.0015430656    -0.0075655221    -0.0025305273    9.1093825e-31   -1.6021766e-19    -9.156439e-20     5.138355e-19             3029                1
    -0.0035679298    1.6251404e-05     -0.001273775    -0.0010005729     0.0022889513    -0.0031022704    9.1093825e-31   -1.6021766e-19    -9.156439e-20     5.138355e-19             3057                1
    -0.0035464412    1.4502281e-05     -0.009938186    -0.0018372369     0.0038342499    0.00052985887    9.1093825e-31   -1.6021766e-19    -9.156439e-20     5.138355e-19             2969                1
     0.0014651782    3.0154981e-05    -0.0089024957   -0.00039921261     0.0065823267    -0.0020432253    9.1093825e-31   -1.6021766e-19    -9.156439e-20     5.138355e-19             3038                1
   -2.9850238e-05    1.1246497e-05     0.0042640939    -0.0019329162     0.0067304852   -0.00012846533    9.1093825e-31   -1.6021766e-19    -9.156439e-20     5.138355e-19             3134                1
    -0.0015684994    5.3343367e-05     -0.012477528    0.00046508617       0.01079113    -0.0012186598    9.1093825e-31   -1.6021766e-19    -9.156439e-20     5.138355e-19             3060                1
     0.0010925101    6.7086308e-05      0.013597995      -0.00741251    -0.0050349729    -0.0024296881    9.1093825e-31   -1.6021766e-19    -9.156439e-20     5.138355e-19             3001                1
    -0.0033898398    5.4453543e-05    -0.0099048279     0.0019331755      0.008204299   -0.00067431119    9.1093825e-31   -1.6021766e-19    -9.156439e-20     5.138355e-19             2985                1
     0.0018250154    4.2210158e-05      0.010483999    -0.0001566225    -0.0085999649    -0.0026219564    9.1093825e-31   -1.6021766e-19    -9.156439e-20     5.138355e-19             2986                1
    -0.0011392728    1.5835596e-05    -0.0039773276     0.0004923442     -0.007610891     0.0057446552    9.1093825e-31   -1.6021766e-19    -9.156439e-20     5.138355e-19             2928                1
   -0.00090209488    2.9743846e-05    -0.0084062535    3.9786162e-05     0.0047858488      0.004753374    9.1093825e-31   -1.6021766e-19    -9.156439e-20     5.138355e-19             2929                1
     0.0018790255    9.4788556e-05     -0.012471969     -0.001772485     -0.004453674    0.00028163224    9.1093825e-31   -1.6021766e-19    -9.156439e-20     5.138355e-19             3142                1
     0.0049331584     3.995057e-05     0.0071728243    -0.0073625701      -0.00798753     0.0011177395    9.1093825e-31   -1.6021766e-19    -9.156439e-20     5.138355e-19             2947                1
     0.0014052612     3.685975e-05    -0.0051502511    -0.0060739033     0.0040128934    -0.0015304802    9.1093825e-31   -1.6021766e-19    -9.156439e-20     5.138355e-19             2948                1
    -0.0039308816    3.1466392e-05      0.011649618    -0.0009239174    -0.0096183438      0.003912285    9.1093825e-31   -1.6021766e-19    -9.156439e-20     5.138355e-19             3002                1
    -0.0038670101    8.7664783e-05      0.011637339     0.0064857029    -0.0030989908     0.0024789926    9.1093825e-31   -1.6021766e-19    -9.156439e-20     5.138355e-19             3003                1
    -0.0012537278    7.5613425e-06     0.0055171251    -0.0047513088     -0.013690365    -0.0026285709    9.1093825e-31   -1.6021766e-19    -9.156439e-20     5.138355e-19             3004                1
    -0.0018650615    2.8768532e-06     0.0018404189    -0.0039726133    -0.0017747567    0.00097448099    9.1093825e-31   -1.6021766e-19    -9.156439e-20     5.138355e-19             3005                1
     0.0024831945     3.331944e-05    -0.0077153761     0.0018040533     0.0068114735    7.0208167e-05    9.1093825e-31   -1.6021766e-19    -9.156439e-20     5.138355e-19             3043                1
   -0.00038307381    9.7862103e-05    -0.0082449429   -0.00099307531    -0.0041626166   -0.00088203297    9.1093825e-31   -1.6021766e-19    -9.156439e-20     5.138355e-19             3148                1
   -0.00038144283    9.6681368e-05    -0.0082458425     0.0023018671    -0.0065478813    -0.0027014839    9.1093825e-31   -1.6021766e-19    -9.156439e-20     5.138355e-19             3149                1
   -0.00068213488    1.7460432e-06     0.0068744426      0.003349229     0.0087860217    -0.0013744604    9.1093825e-31   -1.6021766e-19    -9.156439e-20     5.138355e-19             3153                1
    -0.0017251016    9.9759891e-05      0.010876734   -0.00058054982    -0.0024253784    -0.0014114716    9.1093825e-31   -1.6021766e-19    -9.156439e-20     5.138355e-19             3157                1
     0.0015872789    9.0394929e-07     0.0073555498    -0.0017643012     0.0091312071    -0.0015848643    9.1093825e-31   -1.6021766e-19    -9.156439e-20     5.138355e-19             3158                1
   -6.3986306e-05    9.9563782e-05      0.013790211    0.00011542031    -0.0044062473   -0.00012790228    9.1093825e-31   -1.6021766e-19    -9.156439e-20     5.138355e-19             3159                1
