%  ASCII export : 
%
%  Momentum is normalized to the product of particle's mass and speed of light.
%  All other quantities are in SI units.
%
%            posX             posY             posZ             momX             momY             momZ             mass           charge     macro-charge             time       particleID         sourceID

      0.002362848    4.8971284e-05     -0.009161124    -0.0023424125    -0.0074087204     0.0032639417    9.1093825e-31   -1.6021766e-19    -9.156439e-20    5.7756956e-19             3300                1
   -0.00033758298    2.0283066e-18    -0.0082973912     0.0023021777    -0.0093534617    -0.0026859697    9.1093825e-31   -1.6021766e-19    -9.156439e-20    5.7756956e-19             3149                1
     0.0019198318    9.4054551e-05      0.010520575    0.00072307099     0.0037921723      0.002480428    9.1093825e-31   -1.6021766e-19    -9.156439e-20    5.7756956e-19             3188                1
      0.001354361    7.7277662e-05     0.0023839211    0.00053140265    -0.0059416299   -0.00060095073    9.1093825e-31   -1.6021766e-19    -9.156439e-20    5.7756956e-19             3460                1
    -0.0024879437    8.5546373e-05    -0.0020099792    -0.0011017292      -0.00334295     0.0018007326    9.1093825e-31   -1.6021766e-19    -9.156439e-20    5.7756956e-19             3253                1
    -0.0012159338    8.3099229e-05     0.0060591507    -0.0021440883    -0.0073260572     0.0028749385    9.1093825e-31   -1.6021766e-19    -9.156439e-20    5.7756956e-19             3516                1
     0.0011079154    1.5124544e-05    -0.0068104193     0.0035436333     0.0051553324    -0.0036721544    9.1093825e-31   -1.6021766e-19    -9.156439e-20    5.7756956e-19             3505                1
    -0.0006320948    3.3090193e-05     -0.012248037    0.00042220022    -0.0035717618    -0.0011807652    9.1093825e-31   -1.6021766e-19    -9.156439e-20    5.7756956e-19               55                0
    -0.0012188372    6.7374327e-05    -0.0085135149     0.0013388991         -0.00667    -0.0010712156    9.1093825e-31   -1.6021766e-19    -9.156439e-20    5.7756956e-19             3421                1
    0.00029637403    1.1001238e-06    0.00020106893     0.0023740386     -0.012739765     0.0034696658    9.1093825e-31   -1.6021766e-19    -9.156439e-20    5.7756956e-19             3390                1
     0.0043965275     3.259665e-05     0.0052428916   -0.00053284824     0.0020712444   -0.00038359925    9.1093825e-31   -1.6021766e-19    -9.156439e-20    5.7756956e-19              154                0
     0.0066570039    7.3918229e-05     -0.013265038     0.0014501957    -0.0013694868      0.001395199    9.1093825e-31   -1.6021766e-19    -9.156439e-20    5.7756956e-19              488                0
    -0.0025324519    2.8877197e-05     -0.014784299    -0.0012405671    -0.0027208196    0.00063839101    9.1093825e-31   -1.6021766e-19    -9.156439e-20    5.7756956e-19               27                0
   -0.00050725212    7.8242854e-05    -0.0026315111    -0.0033975339    -0.0057629603    0.00035991272    9.1093825e-31   -1.6021766e-19    -9.156439e-20    5.7756956e-19             3436                1
     0.0012320202    9.1304813e-05       0.01132167    -0.0044721863    -0.0025188033    -0.0004592562    9.1093825e-31   -1.6021766e-19    -9.156439e-20    5.7756956e-19             3499                1
    -0.0016634974    9.4558731e-05      0.010586186     0.0014837139     -0.003728484     0.0011212883    9.1093825e-31   -1.6021766e-19    -9.156439e-20    5.7756956e-19             3539                1
     -0.002268686    9.1886854e-05     0.0029230416      0.001948734    -0.0011252902     0.0014657157    9.1093825e-31   -1.6021766e-19    -9.156439e-20    5.7756956e-19             3354                1
    -0.0025047925    3.4095676e-05    0.00074024784     0.0002404519     -0.013140535     0.0022803694    9.1093825e-31   -1.6021766e-19    -9.156439e-20    5.7756956e-19             3444                1
     0.0012291272    9.3764851e-05      0.011456699   -0.00098541891     0.0099461786   -0.00047195499    9.1093825e-31   -1.6021766e-19    -9.156439e-20    5.7756956e-19             3205                1
      0.001119599    9.8154946e-05     0.0076955017     0.0051912614     0.0092565389     -0.006024403    9.1093825e-31   -1.6021766e-19    -9.156439e-20    5.7756956e-19             3174                1
     0.0048081335    5.5890127e-05    -0.0035228888   -0.00097798032    -0.0071449075   -0.00018667734    9.1093825e-31   -1.6021766e-19    -9.156439e-20    5.7756956e-19             3403                1
    -0.0024759981    5.6264682e-05    -0.0020707275     0.0018181354    -0.0068018548    0.00022352589    9.1093825e-31   -1.6021766e-19    -9.156439e-20    5.7756956e-19             3362                1
    -0.0051261759    4.9109745e-05     0.0089200819     0.0014430619     0.0020783625   -0.00043789679    9.1093825e-31   -1.6021766e-19    -9.156439e-20    5.7756956e-19              355                0
     0.0076117115    1.5234506e-05     -0.011843601   -0.00080762658    -0.0013562664    0.00070970127    9.1093825e-31   -1.6021766e-19    -9.156439e-20    5.7756956e-19              451                0
     0.0011148404    8.3809493e-05      0.011404067    -0.0060725883     0.0089509925    0.00092132832    9.1093825e-31   -1.6021766e-19    -9.156439e-20    5.7756956e-19             3184                1
    -0.0064301635    3.6142868e-05    -0.0019615255   -0.00015006462    -0.0003327814    0.00093313103    9.1093825e-31   -1.6021766e-19    -9.156439e-20    5.7756956e-19               32                0
   -0.00091615604     1.781693e-05    -0.0058957255     0.0002557855     -0.011726351    -0.0049053542    9.1093825e-31   -1.6021766e-19    -9.156439e-20    5.7756956e-19             3381                1
     0.0081429509    2.5384908e-05    0.00059277972    -0.0016440676    8.7978311e-05   -0.00062187685    9.1093825e-31   -1.6021766e-19    -9.156439e-20    5.7756956e-19              455                0
      0.001081327    9.1243957e-05     0.0057269144    0.00010158677     -0.001996838   -0.00062593096    9.1093825e-31   -1.6021766e-19    -9.156439e-20    5.7756956e-19             3457                1
     0.0015659481    1.9379202e-06    -0.0052133687     0.0009457359     -0.011740561     0.0001042196    9.1093825e-31   -1.6021766e-19    -9.156439e-20    5.7756956e-19             3326                1
    -0.0018445106    8.1684615e-05      0.002008144    0.00012989412    -0.0083820913    -0.0010236488    9.1093825e-31   -1.6021766e-19    -9.156439e-20    5.7756956e-19             3518                1
    -0.0014738801    6.3174666e-06    -0.0084085939     0.0073505891     0.0078600114   -0.00022648448    9.1093825e-31   -1.6021766e-19    -9.156439e-20    5.7756956e-19             3548                1
    1.8819897e-05    4.3684002e-05    -0.0013792599   -6.8717318e-06    -0.0076425076    8.8341091e-07    9.1093825e-31   -1.6021766e-19    -9.156439e-20    5.7756956e-19             3344                1
    -0.0016071891    3.0842119e-05     -0.011244428    -0.0022134176    -0.0088350568   -0.00031727625    9.1093825e-31   -1.6021766e-19    -9.156439e-20    5.7756956e-19             3364                1
     0.0013892566    5.6943281e-05     -0.012979406    0.00095100125    -0.0057029119    -0.0022070778    9.1093825e-31   -1.6021766e-19    -9.156439e-20    5.7756956e-19             3385                1
    0.00074696814    4.6872476e-05     0.0010450635     0.0042150989    -0.0096213873      0.000651429    9.1093825e-31   -1.6021766e-19    -9.156439e-20    5.7756956e-19             3426                1
    -0.0040724478     2.687533e-06      -0.00969119   -0.00034024438     -0.010913642    -0.0012152077    9.1093825e-31   -1.6021766e-19    -9.156439e-20    5.7756956e-19             3335                1
    0.00083190226    9.9031182e-05     0.0097284336     0.0026519825      0.011026995   -2.6329622e-05    9.1093825e-31   -1.6021766e-19    -9.156439e-20    5.7756956e-19             3278                1
    -0.0034249111    3.3255883e-06    -0.0098649831    -0.0031108179     -0.010059149     0.0030346964    9.1093825e-31   -1.6021766e-19    -9.156439e-20    5.7756956e-19             3263                1
    -0.0064170021    2.3096598e-05     0.0038124633     0.0030561951     0.0010842915    -0.0015920405    9.1093825e-31   -1.6021766e-19    -9.156439e-20    5.7756956e-19              695                0
   -0.00097283209    9.2904906e-05     0.0055967784    0.00030069929    -0.0061421907    -0.0003846969    9.1093825e-31   -1.6021766e-19    -9.156439e-20    5.7756956e-19             3542                1
    -0.0028966812    4.5387311e-05     -0.010268409     0.0047789691    -0.0073268074     0.0044240039    9.1093825e-31   -1.6021766e-19    -9.156439e-20    5.7756956e-19             3315                1
     0.0067345304    8.8219545e-05    -0.0074871443     0.0022722292     -0.000879589     0.0016485881    9.1093825e-31   -1.6021766e-19    -9.156439e-20    5.7756956e-19                4                0
     0.0010707489    7.6541663e-05     0.0077787344     0.0025088948     0.0080916304    -0.0014579589    9.1093825e-31   -1.6021766e-19    -9.156439e-20    5.7756956e-19             3175                1
    -0.0015912836     9.565353e-05     -0.012462989   -0.00015761303    0.00012051644    -0.0021539854    9.1093825e-31   -1.6021766e-19    -9.156439e-20    5.7756956e-19             2877                1
     0.0021985983    7.1229937e-05    -0.0001160808    -0.0040094773    -0.0048406376     0.0012449832    9.1093825e-31   -1.6021766e-19    -9.156439e-20    5.7756956e-19             3376                1
       0.00150353    4.7455957e-05     -0.005250141    -0.0042217234    -0.0079878718    -0.0029499689    9.1093825e-31   -1.6021766e-19    -9.156439e-20    5.7756956e-19             3327                1
     0.0033714634    9.1675014e-05      0.012676967   -0.00075001054      0.010804355     0.0013062278    9.1093825e-31   -1.6021766e-19    -9.156439e-20    5.7756956e-19             3322                1
       0.00179347    7.7346849e-05      0.010417569    -0.0013937046    -0.0049324692     0.0035698747    9.1093825e-31   -1.6021766e-19    -9.156439e-20    5.7756956e-19             3465                1
   -0.00099591259    6.2358304e-05    -0.0058744242      0.001460433    -0.0066566127     0.0032256912    9.1093825e-31   -1.6021766e-19    -9.156439e-20    5.7756956e-19             3267                1
    -0.0014920733    2.2843768e-05    -0.0066389753     0.0038577309     -0.010117243     0.0022418557    9.1093825e-31   -1.6021766e-19    -9.156439e-20    5.7756956e-19             3325                1
     0.0060440139    3.4706638e-05     0.0048787133    -0.0010741496     0.0015719307    0.00066416315    9.1093825e-31   -1.6021766e-19    -9.156439e-20    5.7756956e-19              751                0
     0.0024818233    8.4634303e-05   -4.9206079e-05   -0.00027295054     0.0044918586     0.0053421636    9.1093825e-31   -1.6021766e-19    -9.156439e-20    5.7756956e-19             3254                1
      0.003486882    9.4505049e-05     0.0091523863     0.0058445465     -0.001286304     0.0051965453    9.1093825e-31   -1.6021766e-19    -9.156439e-20    5.7756956e-19             3482                1
   -0.00085922814    9.3639152e-05    -0.0028853647    3.0311759e-05     0.0023904045   -0.00031343507    9.1093825e-31   -1.6021766e-19    -9.156439e-20    5.7756956e-19             2996                1
     -0.007463993    6.2567822e-05    -0.0072554494    -0.0011856304    -0.0011067023    -0.0026718641    9.1093825e-31   -1.6021766e-19    -9.156439e-20    5.7756956e-19              532                0
     0.0011429859    3.8516446e-05    -0.0096138511    -0.0027958776      0.005757337     -0.004966469    9.1093825e-31   -1.6021766e-19    -9.156439e-20    5.7756956e-19             3446                1
      0.002061276    3.4552831e-05      0.014658413     0.0023401778     0.0083169723     0.0013670304    9.1093825e-31   -1.6021766e-19    -9.156439e-20    5.7756956e-19             3450                1
   -9.5434079e-05    7.5609787e-05     0.0033911043    -0.0040831761     -0.010076936    0.00048779536    9.1093825e-31   -1.6021766e-19    -9.156439e-20    5.7756956e-19             3506                1
     0.0013719012    8.8932269e-05       0.01141477     0.0043627741    -0.0028927657     0.0012755882    9.1093825e-31   -1.6021766e-19    -9.156439e-20    5.7756956e-19             3491                1
   -0.00084463571    4.9925562e-05    -0.0028121441   -9.8008182e-05    -0.0058818674   -0.00068036577    9.1093825e-31   -1.6021766e-19    -9.156439e-20    5.7756956e-19             3216                1
     0.0010551966    2.4248555e-05    -0.0092803519   -0.00052058697     -0.011425712    0.00026327398    9.1093825e-31   -1.6021766e-19    -9.156439e-20    5.7756956e-19             3407                1
     0.0012618914     9.781299e-05      0.011294639     0.0056321942    -0.0026359225   -0.00073628483    9.1093825e-31   -1.6021766e-19    -9.156439e-20    5.7756956e-19             3549                1
     0.0015300981    8.0409445e-06     -0.013020196     0.0030466947     0.0042083892     0.0010295431    9.1093825e-31   -1.6021766e-19    -9.156439e-20    5.7756956e-19             3521                1
      0.004737224    5.2451313e-05    -0.0032740624    -0.0015408376    0.00094913301     0.0034768903    9.1093825e-31   -1.6021766e-19    -9.156439e-20    5.7756956e-19             2961                1
    -0.0017872408    4.4949546e-05      0.010612541    -0.0031266243     0.0073651914    -0.0044102119    9.1093825e-31   -1.6021766e-19    -9.156439e-20    5.7756956e-19             3379                1
    0.00057034113    4.5016597e-05     0.0002553408     0.0037927662    -0.0080043171    -0.0039023391    9.1093825e-31   -1.6021766e-19    -9.156439e-20    5.7756956e-19             3392                1
     0.0015137856    7.3642473e-06     -0.013025074    -0.0051920936     0.0038662951     -0.001434015    9.1093825e-31   -1.6021766e-19    -9.156439e-20    5.7756956e-19             3522                1
    -0.0014754107    9.7351522e-06    -0.0065894993   -6.3513849e-05    -0.0085259313    0.00076706859    9.1093825e-31   -1.6021766e-19    -9.156439e-20    5.7756956e-19             3162                1
      -0.00828207    7.0944057e-05      0.014718542    5.7811809e-05    0.00069878675      0.001215762    9.1093825e-31   -1.6021766e-19    -9.156439e-20    5.7756956e-19              719                0
    -0.0091077844    2.2915285e-05     0.0024834713   -0.00066683383   -0.00019844652     0.0014006299    9.1093825e-31   -1.6021766e-19    -9.156439e-20    5.7756956e-19              874                0
    -0.0010385283    8.9109169e-05    -0.0039165672     0.0059511419     0.0021725406     0.0028291016    9.1093825e-31   -1.6021766e-19    -9.156439e-20    5.7756956e-19             3202                1
   -0.00084771868     3.561431e-05    -0.0085034808     0.0007484798      0.010943501     0.0015515342    9.1093825e-31   -1.6021766e-19    -9.156439e-20    5.7756956e-19             3492                1
    -0.0041519972    6.8546608e-05     0.0059740986     0.0015530159     0.0024379811   -0.00078237941    9.1093825e-31   -1.6021766e-19    -9.156439e-20    5.7756956e-19              628                0
     0.0015206088    7.1605018e-06     -0.012950205    0.00082366145     0.0049445336   -0.00086883525    9.1093825e-31   -1.6021766e-19    -9.156439e-20    5.7756956e-19             3532                1
     0.0014011938    8.3649265e-06    -0.0086031826    -0.0012001302    -0.0093956152     0.0012127561    9.1093825e-31   -1.6021766e-19    -9.156439e-20    5.7756956e-19             3185                1
    -0.0009217094    8.9734385e-05     0.0060401028     0.0004951033    -0.0014928563     0.0032632267    9.1093825e-31   -1.6021766e-19    -9.156439e-20    5.7756956e-19             3433                1
     0.0014529233    8.0211954e-05       0.01137067    0.00028076442      0.009850326   -0.00053848809    9.1093825e-31   -1.6021766e-19    -9.156439e-20    5.7756956e-19             3279                1
     0.0072480408    7.8300771e-05     0.0060752956   -0.00060086447     0.0011360531     0.0019554654    9.1093825e-31   -1.6021766e-19    -9.156439e-20    5.7756956e-19              828                0
     0.0011098478    6.5745553e-05     0.0057849395   -6.0798131e-05    -0.0051711579   -0.00021128557    9.1093825e-31   -1.6021766e-19    -9.156439e-20    5.7756956e-19             3428                1
    -0.0017362816    3.1073101e-05      0.010849839   -0.00058766396    0.00053388532    -0.0014134278    9.1093825e-31   -1.6021766e-19    -9.156439e-20    5.7756956e-19             3157                1
     0.0017301163     8.127754e-05      0.011301282     0.0011448737      0.010383382    -0.0047500534    9.1093825e-31   -1.6021766e-19    -9.156439e-20    5.7756956e-19             3331                1
     0.0053713159    1.7665823e-05     0.0064049982     0.0011348791     0.0017109585   -0.00040136158    9.1093825e-31   -1.6021766e-19    -9.156439e-20    5.7756956e-19              580                0
     0.0014779518    2.6926887e-07    -0.0088801747     0.0021089825    0.00024236144    -0.0015236682    9.1093825e-31   -1.6021766e-19    -9.156439e-20    5.7756956e-19             3551                1
     0.0082336124    7.4362622e-05     -0.012532548    -0.0022167594   -0.00030660958     0.0022222453    9.1093825e-31   -1.6021766e-19    -9.156439e-20    5.7756956e-19              586                0
    -0.0013888937    2.2720902e-05    -0.0084746499   -0.00042119782     -0.010352679     0.0011621504    9.1093825e-31   -1.6021766e-19    -9.156439e-20    5.7756956e-19             3352                1
    -0.0049845441    7.4592703e-05    -0.0052575921     0.0010075555    -0.0013073374    -0.0009466249    9.1093825e-31   -1.6021766e-19    -9.156439e-20    5.7756956e-19              660                0
    -0.0021444215     9.820213e-05     0.0063667172    0.00096061319    0.00069289305   -0.00030026541    9.1093825e-31   -1.6021766e-19    -9.156439e-20    5.7756956e-19             3394                1
    -0.0077298926    2.5095118e-05      0.011089652    0.00060291664    0.00082661392     0.0015233586    9.1093825e-31   -1.6021766e-19    -9.156439e-20    5.7756956e-19              652                0
     0.0018425827    9.5359901e-06     -0.012463024    -0.0033178392     0.0057482296     0.0023519946    9.1093825e-31   -1.6021766e-19    -9.156439e-20    5.7756956e-19             3530                1
    -0.0012364127    5.6090612e-06     0.0058169602    -0.0051729525   -0.00020841236    -0.0078767743    9.1093825e-31   -1.6021766e-19    -9.156439e-20    5.7756956e-19             2855                1
     0.0018542621    8.9239024e-05       0.01221548     0.0010149505    -0.0018284594     0.0011623802    9.1093825e-31   -1.6021766e-19    -9.156439e-20    5.7756956e-19             3472                1
   -6.4898413e-05    9.1228932e-05      0.003480592    -0.0023845714    -0.0066731847    0.00035971386    9.1093825e-31   -1.6021766e-19    -9.156439e-20    5.7756956e-19             3536                1
   -5.2605101e-06    7.6332064e-05     0.0039070728   -0.00033731674     -0.010080863     0.0014711084    9.1093825e-31   -1.6021766e-19    -9.156439e-20    5.7756956e-19             3511                1
    -0.0031090342    5.1200641e-05    -0.0019422042    -0.0017766029    -0.0068734013    -0.0017394107    9.1093825e-31   -1.6021766e-19    -9.156439e-20    5.7756956e-19             3348                1
    -0.0010218256    4.1576415e-05    -0.0058081378    -0.0019779867    -0.0087374756     0.0038952902    9.1093825e-31   -1.6021766e-19    -9.156439e-20    5.7756956e-19             3338                1
     0.0028535507    3.1228374e-05    -0.0056389584    -0.0016969701    -0.0023532135     1.336939e-05    9.1093825e-31   -1.6021766e-19    -9.156439e-20    5.7756956e-19              860                0
    -5.213431e-05    7.8303863e-05     0.0039269999    -0.0015320157    -0.0049252152    0.00048349539    9.1093825e-31   -1.6021766e-19    -9.156439e-20    5.7756956e-19             3454                1
    -0.0033148541    2.1203443e-05     -0.012616818   -0.00089367206    -0.0029991555    -0.0015387631    9.1093825e-31   -1.6021766e-19    -9.156439e-20    5.7756956e-19              900                0
    -0.0064554666    3.0275838e-05    -0.0088741723    0.00089328061     -0.001565025    -0.0013274682    9.1093825e-31   -1.6021766e-19    -9.156439e-20    5.7756956e-19              132                0
    -0.0014713643    6.3496584e-05    -0.0065708319     0.0030927039    -0.0069671776     0.0040960549    9.1093825e-31   -1.6021766e-19    -9.156439e-20    5.7756956e-19             3383                1
     0.0010275792    5.4207037e-05    -0.0066871396    -0.0013182154      -0.00828519   -0.00085930369    9.1093825e-31   -1.6021766e-19    -9.156439e-20    5.7756956e-19             3405                1
    -0.0025237573    1.4176419e-05    -0.0020846515    -0.0029521347     -0.012344447    -0.0013709317    9.1093825e-31   -1.6021766e-19    -9.156439e-20    5.7756956e-19             3401                1
     0.0077723162    4.8527185e-05     -0.013119722     0.0023955998   -0.00081843662    -0.0017001218    9.1093825e-31   -1.6021766e-19    -9.156439e-20    5.7756956e-19              311                0
      0.001313876    6.2355379e-05     0.0024962577    0.00026712485    -0.0067261173     0.0070255739    9.1093825e-31   -1.6021766e-19    -9.156439e-20    5.7756956e-19             3424                1
       0.00191724    6.7174384e-05      0.012120613   -0.00055953069      0.009658481    0.00099623599    9.1093825e-31   -1.6021766e-19    -9.156439e-20    5.7756956e-19             3361                1
     0.0013585471     9.076405e-05      0.011475778     0.0032345676    -0.0063999882     0.0012899564    9.1093825e-31   -1.6021766e-19    -9.156439e-20    5.7756956e-19             3537                1
     0.0011064399    1.3127323e-06    -0.0069054905    -0.0014220411     0.0032435663     0.0025462557    9.1093825e-31   -1.6021766e-19    -9.156439e-20    5.7756956e-19             3560                1
    -0.0072498992    5.7106707e-05    -0.0014351107     0.0023425161    -0.0015372323   -0.00055413356    9.1093825e-31   -1.6021766e-19    -9.156439e-20    5.7756956e-19             2944                1
    -0.0062040719    1.3655481e-05     0.0028704039   -4.9984192e-07    0.00095844577   -0.00011892583    9.1093825e-31   -1.6021766e-19    -9.156439e-20    5.7756956e-19              677                0
    0.00038014809    5.3703272e-05    -0.0086900014    -0.0014413443    -0.0071860836     0.0025150704    9.1093825e-31   -1.6021766e-19    -9.156439e-20    5.7756956e-19             3217                1
     0.0018381131    2.2163607e-05      0.012282823    -0.0020689948     0.0054559899     0.0016096861    9.1093825e-31   -1.6021766e-19    -9.156439e-20    5.7756956e-19             3432                1
     0.0014677963    9.5264204e-06     -0.013035878    2.5824696e-05     0.0035862185   -0.00044915453    9.1093825e-31   -1.6021766e-19    -9.156439e-20    5.7756956e-19             3500                1
     0.0078915106    5.5703011e-05       0.00853654   -0.00029712121    0.00092642999     0.0012623621    9.1093825e-31   -1.6021766e-19    -9.156439e-20    5.7756956e-19              254                0
     0.0058418061    5.7613222e-05     0.0043896693   -0.00059664284     0.0013753453   -0.00088084897    9.1093825e-31   -1.6021766e-19    -9.156439e-20    5.7756956e-19              270                0
    -0.0010024203    4.4556346e-05    -0.0059395311    0.00099435146    -0.0079409964    -0.0014349803    9.1093825e-31   -1.6021766e-19    -9.156439e-20    5.7756956e-19             3268                1
    -0.0018896621    5.9995884e-05     0.0019698548    -0.0047940835    -0.0058019334   -0.00058723049    9.1093825e-31   -1.6021766e-19    -9.156439e-20    5.7756956e-19             3402                1
     0.0014676893    1.2698003e-05    -0.0088816294    0.00025903585    -0.0091317007    0.00071138248    9.1093825e-31   -1.6021766e-19    -9.156439e-20    5.7756956e-19             3189                1
    -0.0013226168    7.4845921e-06    -0.0085802535      0.010354057     0.0015856541    -0.0042352723    9.1093825e-31   -1.6021766e-19    -9.156439e-20    5.7756956e-19             3485                1
    -0.0012105559    3.3062923e-05     0.0066419756     0.0038922918    -0.0078402022     0.0024597964    9.1093825e-31   -1.6021766e-19    -9.156439e-20    5.7756956e-19             3410                1
     0.0023806221      2.54923e-05     -0.009272825    -0.0016333616    -0.0090801604     0.0019693379    9.1093825e-31   -1.6021766e-19    -9.156439e-20    5.7756956e-19             3283                1
     0.0085481443    2.0202003e-06      0.010209547    0.00027655112    0.00036979347   -9.2323586e-05    9.1093825e-31   -1.6021766e-19    -9.156439e-20    5.7756956e-19              410                0
    -0.0028610562    4.7486566e-05      -0.01047175     0.0029982929    -0.0067825583    -0.0033059153    9.1093825e-31   -1.6021766e-19    -9.156439e-20    5.7756956e-19             3199                1
    -0.0010147032     9.393147e-05     0.0059218206    -0.0029111421   -0.00070676062     0.0013864581    9.1093825e-31   -1.6021766e-19    -9.156439e-20    5.7756956e-19             3422                1
    -0.0030200616    2.2045209e-05     -0.010466674    -0.0016282112     -0.008615654    0.00027482901    9.1093825e-31   -1.6021766e-19    -9.156439e-20    5.7756956e-19             3247                1
     0.0011546146    6.4353218e-05      0.013516122    -0.0048605483      0.010380745     0.0047199856    9.1093825e-31   -1.6021766e-19    -9.156439e-20    5.7756956e-19             3399                1
     0.0016354513    8.4452491e-05     0.0026047847    -0.0021644707    -0.0042167231    -0.0048742397    9.1093825e-31   -1.6021766e-19    -9.156439e-20    5.7756956e-19             3458                1
    -0.0093957921    9.6921969e-05    -0.0066198846    0.00039204449   -0.00025513567    0.00041478369    9.1093825e-31   -1.6021766e-19    -9.156439e-20    5.7756956e-19              192                0
    -0.0031512419    6.2335421e-05    -0.0017639399   -0.00012341235     0.0023787876    0.00030645894    9.1093825e-31   -1.6021766e-19    -9.156439e-20    5.7756956e-19             3282                1
    -0.0033174714    8.2393482e-05     0.0062717218   -0.00094816787    -0.0062903999    -0.0017305345    9.1093825e-31   -1.6021766e-19    -9.156439e-20    5.7756956e-19             3496                1
     0.0018426481    7.6068056e-05      0.012205546    -0.0020729911    -0.0053278068    -0.0014809093    9.1093825e-31   -1.6021766e-19    -9.156439e-20    5.7756956e-19             3473                1
     0.0035860918    2.7893231e-05     0.0034919968      0.001211637     0.0017532029     0.0021974519    9.1093825e-31   -1.6021766e-19    -9.156439e-20    5.7756956e-19              991                0
   -2.3262348e-05    4.7427424e-05      0.013774421     0.0058379057     0.0094751958    -0.0021283149    9.1093825e-31   -1.6021766e-19    -9.156439e-20    5.7756956e-19             3425                1
    -0.0091050873    1.6968732e-05      -0.00198499     0.0011709689   -0.00018384533   -0.00095280097    9.1093825e-31   -1.6021766e-19    -9.156439e-20    5.7756956e-19              212                0
     0.0084499856    9.4689758e-06     0.0015163935    0.00023499626    8.3550825e-05   -0.00083009573    9.1093825e-31   -1.6021766e-19    -9.156439e-20    5.7756956e-19              525                0
     0.0093239583    8.9845371e-06    -0.0092716943     0.0011448319   -0.00039680413    -0.0014043585    9.1093825e-31   -1.6021766e-19    -9.156439e-20    5.7756956e-19              690                0
     -0.001665948    9.1702481e-05       0.01049153     5.142673e-05    -0.0027822461   -4.2264757e-05    9.1093825e-31   -1.6021766e-19    -9.156439e-20    5.7756956e-19             3507                1
     0.0017213195    4.9243545e-06    -0.0030160656   -0.00066793372    -0.0098775188      0.007287987    9.1093825e-31   -1.6021766e-19    -9.156439e-20    5.7756956e-19             3272                1
    -0.0086570643    3.6082562e-05    -0.0011500526    0.00090325047   -0.00034292531    0.00099261571    9.1093825e-31   -1.6021766e-19    -9.156439e-20    5.7756956e-19              750                0
     0.0013570818    9.4592942e-05      0.011480537      0.002177479    -0.0036376738     0.0047241347    9.1093825e-31   -1.6021766e-19    -9.156439e-20    5.7756956e-19             3538                1
   -0.00083694042    4.8111106e-05    -0.0029300062     -0.002539041     -0.010907785    -0.0029079004    9.1093825e-31   -1.6021766e-19    -9.156439e-20    5.7756956e-19             3438                1
    -0.0012387088    6.3985281e-05     -0.012566629    -0.0039798827     0.0077339401    -0.0055314871    9.1093825e-31   -1.6021766e-19    -9.156439e-20    5.7756956e-19             3413                1
     0.0034455156    1.8251765e-05      0.012726777     0.0022225934   -0.00052807265     0.0022771787    9.1093825e-31   -1.6021766e-19    -9.156439e-20    5.7756956e-19             2934                1
    -0.0057339249     5.467243e-05     0.0059010792    -0.0011471792     0.0019414941     0.0010294443    9.1093825e-31   -1.6021766e-19    -9.156439e-20    5.7756956e-19              220                0
     0.0031528259     7.150232e-05      0.014043259     0.0024267102      0.010487915     0.0016701105    9.1093825e-31   -1.6021766e-19    -9.156439e-20    5.7756956e-19             3387                1
     0.0061847693    5.2493771e-05    -0.0085268607    -0.0027078616    -0.0015078264    -0.0005390899    9.1093825e-31   -1.6021766e-19    -9.156439e-20    5.7756956e-19              931                0
    -0.0011084445    7.5980541e-05     0.0057877642     0.0021447304     0.0081051663   -0.00063306675    9.1093825e-31   -1.6021766e-19    -9.156439e-20    5.7756956e-19             3346                1
     0.0049026958    8.8943452e-05     0.0071917651     0.0011703618    -0.0086382469    -0.0037519382    9.1093825e-31   -1.6021766e-19    -9.156439e-20    5.7756956e-19             3541                1
      0.002059303    6.6163819e-05      0.014590621    -0.0026201236     0.0086776894   -0.00049327029    9.1093825e-31   -1.6021766e-19    -9.156439e-20    5.7756956e-19             3301                1
     0.0056809997    3.4186435e-06      0.011516534     0.0044962624    -0.0020913493     0.0016851202    9.1093825e-31   -1.6021766e-19    -9.156439e-20    5.7756956e-19             3112                1
    0.00047903712    4.5304878e-05     0.0002981319    -0.0062320898     -0.007957858    0.00079591945    9.1093825e-31   -1.6021766e-19    -9.156439e-20    5.7756956e-19             3393                1
     0.0058540488    2.9883813e-05    -0.0031289072    -0.0010871773   -0.00055711053    -0.0022774932    9.1093825e-31   -1.6021766e-19    -9.156439e-20    5.7756956e-19              256                0
   -0.00073532254    9.7941302e-06    -0.0084097777    6.4785957e-07     0.0036389327      3.21853e-05    9.1093825e-31   -1.6021766e-19    -9.156439e-20    5.7756956e-19             3517                1
    0.00026914716    9.8291763e-05      0.012278697     0.0030625742    -0.0023250016     0.0027991682    9.1093825e-31   -1.6021766e-19    -9.156439e-20    5.7756956e-19             3553                1
    -0.0010264019    2.1130627e-05    -0.0058014216    -0.0028968421     -0.010676926    0.00081056776    9.1093825e-31   -1.6021766e-19    -9.156439e-20    5.7756956e-19             3345                1
     0.0034918694    9.0664325e-05     0.0091290222     0.0073257657    -0.0024290606    -0.0017451319    9.1093825e-31   -1.6021766e-19    -9.156439e-20    5.7756956e-19             3483                1
    -0.0093230493    8.1468635e-05       0.00208335    -0.0022440986    0.00058792572    -0.0018362016    9.1093825e-31   -1.6021766e-19    -9.156439e-20    5.7756956e-19              978                0
   -0.00083337998     6.400932e-05     0.0069537004    -0.0078027495     0.0070561888     0.0041029071    9.1093825e-31   -1.6021766e-19    -9.156439e-20    5.7756956e-19             3154                1
     0.0093723722    2.7485708e-05    0.00090273371     0.0014168415   -0.00020597162   -0.00017853329    9.1093825e-31   -1.6021766e-19    -9.156439e-20    5.7756956e-19              637                0
    -0.0007739084    9.0600952e-06     0.0058954284     0.0015640786   -1.3227083e-05     0.0013411078    9.1093825e-31   -1.6021766e-19    -9.156439e-20    5.7756956e-19             2841                1
     0.0016334059    9.9747209e-05      0.010376791    0.00073979096      0.010629331   -0.00076256524    9.1093825e-31   -1.6021766e-19    -9.156439e-20    5.7756956e-19             3241                1
      0.004672369    9.2406852e-05     0.0022362929    -0.0006801011     0.0014602729      0.001152591    9.1093825e-31   -1.6021766e-19    -9.156439e-20    5.7756956e-19              229                0
    -0.0012727909    1.5639424e-05    -0.0085502202   -0.00010037665     0.0048535848    0.00037667822    9.1093825e-31   -1.6021766e-19    -9.156439e-20    5.7756956e-19             3497                1
    -0.0085077658    3.9627485e-05    -0.0014861922    0.00080200384   -0.00034798551    -0.0004030854    9.1093825e-31   -1.6021766e-19    -9.156439e-20    5.7756956e-19              894                0
     0.0075851618    9.2310394e-05     0.0054674195    -0.0010008854     0.0010664134     0.0030267343    9.1093825e-31   -1.6021766e-19    -9.156439e-20    5.7756956e-19              219                0
     0.0080142627     3.534897e-05    -0.0029912265     0.0016695959   -0.00061384536     0.0023101396    9.1093825e-31   -1.6021766e-19    -9.156439e-20    5.7756956e-19              309                0
    -0.0089583332    6.2437059e-05       0.01117954   -0.00023528079    0.00046652995   -0.00060465268    9.1093825e-31   -1.6021766e-19    -9.156439e-20    5.7756956e-19              329                0
    -0.0016721813     9.813311e-05      0.010490585    -0.0023706604   -0.00028440211   -0.00040895914    9.1093825e-31   -1.6021766e-19    -9.156439e-20    5.7756956e-19             3508                1
     0.0089801028    6.0587598e-05      0.008052716    -0.0010058918    0.00037180376     0.0016580861    9.1093825e-31   -1.6021766e-19    -9.156439e-20    5.7756956e-19              369                0
     0.0028042756    1.6745322e-05    -0.0071986103   -0.00063826115    -0.0039203642    -0.0037316433    9.1093825e-31   -1.6021766e-19    -9.156439e-20    5.7756956e-19             2430                1
     -0.001575507    6.8638769e-06      -0.01239742    -0.0050314376    0.00073222117    -0.0034001495    9.1093825e-31   -1.6021766e-19    -9.156439e-20    5.7756956e-19             3439                1
    -0.0020772782    8.9252666e-05     0.0072052148     0.0020149942     0.0035978744     0.0001614387    9.1093825e-31   -1.6021766e-19    -9.156439e-20    5.7756956e-19              632                0
    -0.0002616139    1.6588403e-05    -0.0028006565   -0.00053747394     -0.012164502    0.00062785612    9.1093825e-31   -1.6021766e-19    -9.156439e-20    5.7756956e-19             3395                1
    -0.0009312685    2.2662569e-05    -0.0083446177    -0.0030773547      -0.01100233     0.0017548285    9.1093825e-31   -1.6021766e-19    -9.156439e-20    5.7756956e-19             3384                1
     0.0018086459     9.561771e-05      0.012083411    -0.0033483789    -0.0011653204    -0.0023154817    9.1093825e-31   -1.6021766e-19    -9.156439e-20    5.7756956e-19             3512                1
     0.0018316603    9.0335932e-05      0.011336817     0.0037472493      0.010488881    -0.0042375647    9.1093825e-31   -1.6021766e-19    -9.156439e-20    5.7756956e-19             3274                1
     0.0072256993    6.7131106e-05    0.00081402488    -0.0015186763    0.00069333124   -0.00085189467    9.1093825e-31   -1.6021766e-19    -9.156439e-20    5.7756956e-19              476                0
    -0.0048337574    5.0271825e-05     -0.012857982      0.001312937    -0.0020531286    -0.0016446793    9.1093825e-31   -1.6021766e-19    -9.156439e-20    5.7756956e-19              549                0
   -0.00084610708    8.1112586e-05       0.01023486      0.002615717     0.0033602789    0.00071950065    9.1093825e-31   -1.6021766e-19    -9.156439e-20    5.7756956e-19              569                0
   -0.00040204541    4.6342942e-05    -0.0082618352   -0.00099333213    -0.0069537754   -0.00087121874    9.1093825e-31   -1.6021766e-19    -9.156439e-20    5.7756956e-19             3148                1
     0.0015616963    8.5244261e-05     0.0073134736   -0.00066997379    -0.0011586193    -0.0032111735    9.1093825e-31   -1.6021766e-19    -9.156439e-20    5.7756956e-19             3416                1
     0.0014910497    3.0798405e-05    -0.0086971633     0.0013634326    -0.0090527395     0.0042292504    9.1093825e-31   -1.6021766e-19    -9.156439e-20    5.7756956e-19             3296                1
     0.0017868116    6.4506523e-05      0.012074714   -0.00076103868     0.0092728361    0.00036918194    9.1093825e-31   -1.6021766e-19    -9.156439e-20    5.7756956e-19             3351                1
    -0.0077377269    5.0553106e-05     0.0039322702     0.0011637578    0.00067019992    0.00098686549    9.1093825e-31   -1.6021766e-19    -9.156439e-20    5.7756956e-19              934                0
   -0.00064374832    3.3699394e-05     0.0068562608   -0.00010371259    -0.0083645359   -0.00029141581    9.1093825e-31   -1.6021766e-19    -9.156439e-20    5.7756956e-19             3415                1
     0.0015141737    8.9980444e-05      0.011397085    -0.0014195353    -0.0052713524     0.0029926535    9.1093825e-31   -1.6021766e-19    -9.156439e-20    5.7756956e-19             3527                1
     0.0017394908    1.1407744e-05    -0.0030036443     0.0021392764     -0.011818307     0.0063250954    9.1093825e-31   -1.6021766e-19    -9.156439e-20    5.7756956e-19             3377                1
      0.001679159    8.8802562e-06      -0.01282912   -0.00024851784    -0.0012339803    0.00016465659    9.1093825e-31   -1.6021766e-19    -9.156439e-20    5.7756956e-19             3329                1
     0.0015116658    6.2591615e-05    -0.0053223167    0.00014306651    -0.0067195459    -0.0046514808    9.1093825e-31   -1.6021766e-19    -9.156439e-20    5.7756956e-19             3319                1
     -0.002066022    8.7536791e-05     0.0064100614    0.00013269516      0.007899872    8.9192559e-05    9.1093825e-31   -1.6021766e-19    -9.156439e-20    5.7756956e-19             3155                1
     0.0054468964    3.3556553e-05     0.0022046349    0.00060332764    0.00090752158     0.0025724422    9.1093825e-31   -1.6021766e-19    -9.156439e-20    5.7756956e-19               20                0
    -0.0012888669    5.2723244e-05     0.0065936539   -0.00063193293    -0.0080205817    -0.0023539206    9.1093825e-31   -1.6021766e-19    -9.156439e-20    5.7756956e-19             3442                1
    -0.0012188832    2.5828769e-05     -0.012518073    -0.0013465753     0.0026502362    0.00092487055    9.1093825e-31   -1.6021766e-19    -9.156439e-20    5.7756956e-19             3414                1
     0.0013258695    6.3274158e-05    -0.0032941909     0.0018478145     -0.005852419     0.0020740321    9.1093825e-31   -1.6021766e-19    -9.156439e-20    5.7756956e-19             3273                1
      0.001128939    3.4496095e-06    -0.0065413485     -0.001954478     -0.012136463    -0.0032681494    9.1093825e-31   -1.6021766e-19    -9.156439e-20    5.7756956e-19             3341                1
     0.0011055093    3.5981534e-06    -0.0094464058   -4.9292103e-05    0.00026913302    -0.0018622461    9.1093825e-31   -1.6021766e-19    -9.156439e-20    5.7756956e-19             3474                1
     0.0048683109    7.1760209e-05    -0.0032982337    0.00089900021     0.0020888643     0.0028384628    9.1093825e-31   -1.6021766e-19    -9.156439e-20    5.7756956e-19             3169                1
     0.0034112083    4.2576892e-05    -0.0076109841    0.00010989893     -0.004190573   -0.00026829331    9.1093825e-31   -1.6021766e-19    -9.156439e-20    5.7756956e-19             2921                1
     0.0059926626    6.4173182e-05      0.012050183   -0.00064737734     0.0016094696     0.0020726135    9.1093825e-31   -1.6021766e-19    -9.156439e-20    5.7756956e-19              280                0
     0.0012324641    1.9498269e-05    -0.0069527901    -0.0050210864     -0.012616212    0.00075403973    9.1093825e-31   -1.6021766e-19    -9.156439e-20    5.7756956e-19             3408                1
     0.0014026967    2.9107209e-06    -0.0088160001    -0.0024576944     0.0035742144    -0.0030288703    9.1093825e-31   -1.6021766e-19    -9.156439e-20    5.7756956e-19             3547                1
   -0.00048338794     8.037324e-05     0.0094885966    0.00086024002      0.010278654     0.0077171121    9.1093825e-31   -1.6021766e-19    -9.156439e-20    5.7756956e-19             3355                1
    -0.0026515848    8.1899641e-05     0.0068937391     0.0015760895    -0.0073981984     0.0028723981    9.1093825e-31   -1.6021766e-19    -9.156439e-20    5.7756956e-19             3513                1
      0.002876855    6.1196326e-05     0.0099220974    0.00038763633     0.0031994155   -0.00023357807    9.1093825e-31   -1.6021766e-19    -9.156439e-20    5.7756956e-19              177                0
   -0.00092032348    9.7984142e-05     0.0055997674    -0.0012008412     0.0092561711     0.0026565371    9.1093825e-31   -1.6021766e-19    -9.156439e-20    5.7756956e-19             3292                1
      0.002031846     9.436121e-05       0.01063587     0.0015475868     -0.002702662   -0.00070917304    9.1093825e-31   -1.6021766e-19    -9.156439e-20    5.7756956e-19             3524                1
   -0.00099017296    9.3306582e-05     0.0058554993     0.0023105089    -0.0068916697     0.0054033287    9.1093825e-31   -1.6021766e-19    -9.156439e-20    5.7756956e-19             3543                1
    -0.0082728313    2.5395133e-05     0.0034531148     0.0009608877    0.00015119465    -0.0031899984    9.1093825e-31   -1.6021766e-19    -9.156439e-20    5.7756956e-19              184                0
    -0.0019368038    8.8588728e-05     0.0039764065    -0.0014154245     0.0024874264    9.3530289e-05    9.1093825e-31   -1.6021766e-19    -9.156439e-20    5.7756956e-19              699                0
    -0.0078199804     3.194999e-06    -0.0048499126    -0.0028742296    -0.0010529371    0.00034578558    9.1093825e-31   -1.6021766e-19    -9.156439e-20    5.7756956e-19              243                0
    -0.0014054715    9.0211273e-05      0.011094762    0.00046553483     -0.010850669     0.0019165844    9.1093825e-31   -1.6021766e-19    -9.156439e-20    5.7756956e-19             3545                1
    -0.0085997684    3.6146404e-05     0.0020962511    0.00042835291     9.695028e-05   -0.00017254706    9.1093825e-31   -1.6021766e-19    -9.156439e-20    5.7756956e-19              264                0
     0.0051049581    4.4543511e-05    0.00021174793    0.00025934252    0.00023762159    -0.0012760186    9.1093825e-31   -1.6021766e-19    -9.156439e-20    5.7756956e-19              284                0
   -1.2362429e-05    7.0522467e-05     0.0043037105     0.0023508416    -0.0047128848     0.0054812548    9.1093825e-31   -1.6021766e-19    -9.156439e-20    5.7756956e-19             3420                1
     0.0012842658    7.1115908e-05      0.011373919    0.00097190798     0.0093178181     0.0018461654    9.1093825e-31   -1.6021766e-19    -9.156439e-20    5.7756956e-19             3294                1
     0.0040659802    9.2782881e-05    -0.0067932718    -0.0033699351    -0.0040662331    0.00025408226    9.1093825e-31   -1.6021766e-19    -9.156439e-20    5.7756956e-19             3523                1
   -0.00068184489    9.2165756e-05    -0.0028696298    -0.0075495755    -0.0038118549   -3.8411228e-05    9.1093825e-31   -1.6021766e-19    -9.156439e-20    5.7756956e-19             3498                1
     -0.000993878    3.6407018e-05    -0.0020937214   -8.1042381e-05   -0.00073323416    0.00018916675    9.1093825e-31   -1.6021766e-19    -9.156439e-20    5.7756956e-19              384                0
   -0.00092554017    4.3462255e-06    -0.0084471367   -0.00013072185     0.0012525575      0.000328086    9.1093825e-31   -1.6021766e-19    -9.156439e-20    5.7756956e-19             3514                1
    -0.0035815602    7.7912555e-05    -0.0013146555    0.00020864907    -0.0062143886    0.00090257224    9.1093825e-31   -1.6021766e-19    -9.156439e-20    5.7756956e-19             3462                1
    -0.0092200665    5.4606255e-05    -0.0004075949    1.3018484e-05   -7.0293878e-05    0.00067071314    9.1093825e-31   -1.6021766e-19    -9.156439e-20    5.7756956e-19              444                0
    -0.0059239282    2.6549817e-05    -0.0020279067     0.0001845815   -0.00023162685    -0.0010533233    9.1093825e-31   -1.6021766e-19    -9.156439e-20    5.7756956e-19              464                0
     0.0023513264    2.4171406e-05    -0.0075985231   -0.00020542141     -0.010540648     0.0047205314    9.1093825e-31   -1.6021766e-19    -9.156439e-20    5.7756956e-19             3373                1
     0.0056373067    8.2888124e-05     0.0093756355     0.0016033129      0.002605025      0.001709925    9.1093825e-31   -1.6021766e-19    -9.156439e-20    5.7756956e-19             1322                1
      0.002684396    9.3326977e-05      0.012215025    -0.0013258813   -0.00063519535    -0.0016255837    9.1093825e-31   -1.6021766e-19    -9.156439e-20    5.7756956e-19             3466                1
    -0.0019932301    9.8922494e-05     0.0064770337     0.0039033259     0.0085203582     0.0035600574    9.1093825e-31   -1.6021766e-19    -9.156439e-20    5.7756956e-19             3156                1
     0.0083886674    5.5644086e-05    -0.0038135676   -0.00064647716   -6.9868051e-06    0.00088327279    9.1093825e-31   -1.6021766e-19    -9.156439e-20    5.7756956e-19              564                0
   -0.00093743624    1.9883462e-05     -0.002893314     0.0019936629     -0.013868531    0.00024054313    9.1093825e-31   -1.6021766e-19    -9.156439e-20    5.7756956e-19             3418                1
     0.0014086189    7.1798328e-05      0.011574909      0.000559735      0.010103266     0.0023225292    9.1093825e-31   -1.6021766e-19    -9.156439e-20    5.7756956e-19             3365                1
    0.00047594841    1.2296406e-05    -0.0087691164    0.00035766509     -0.010838244    0.00012617531    9.1093825e-31   -1.6021766e-19    -9.156439e-20    5.7756956e-19             3323                1
     0.0011089526    8.4651976e-05     0.0058574462   -0.00019691787    -0.0022598614      0.010886337    9.1093825e-31   -1.6021766e-19    -9.156439e-20    5.7756956e-19             3429                1
    -0.0068232398    9.5335803e-05    0.00081732171    0.00020484452     0.0008055346   -8.8532972e-05    9.1093825e-31   -1.6021766e-19    -9.156439e-20    5.7756956e-19              664                0
    -0.0028994067    3.3248052e-05    -0.0056348033     0.0011399812     -0.010106882    -0.0028274013    9.1093825e-31   -1.6021766e-19    -9.156439e-20    5.7756956e-19             3389                1
     0.0033847764    6.3150917e-05     0.0046233903   -0.00018182868     0.0024903195    -0.0018761256    9.1093825e-31   -1.6021766e-19    -9.156439e-20    5.7756956e-19              704                0
   -0.00091900514      5.54299e-05    -0.0027205721   -0.00098155614     -0.010181638    0.00075511727    9.1093825e-31   -1.6021766e-19    -9.156439e-20    5.7756956e-19             3448                1
    -0.0065504853    9.6777461e-05     0.0095094154     0.0010181186     0.0021345853     0.0016282563    9.1093825e-31   -1.6021766e-19    -9.156439e-20    5.7756956e-19              871                0
     0.0024086884    1.7886312e-05    -0.0092871459   -0.00049051864     0.0015377408    0.00053017022    9.1093825e-31   -1.6021766e-19    -9.156439e-20    5.7756956e-19             3435                1
    -0.0066129812    7.0399532e-05     -0.010862363    0.00096366002     -0.001741514     0.0010000149    9.1093825e-31   -1.6021766e-19    -9.156439e-20    5.7756956e-19              125                0
    -0.0050365445    7.8900935e-05      0.013398755    0.00092999241     0.0020392754    0.00043506254    9.1093825e-31   -1.6021766e-19    -9.156439e-20    5.7756956e-19              804                0
     0.0016881017           0.0001     0.0074316096   -0.00066574482     0.0096219704   -0.00033383418    9.1093825e-31   -1.6021766e-19    -9.156439e-20    5.7756956e-19             3214                1
     0.0011284341    4.8798243e-05      0.013768429    3.7460715e-05     0.0082713021   -0.00013828102    9.1093825e-31   -1.6021766e-19    -9.156439e-20    5.7756956e-19             3380                1
     0.0015232366      7.51076e-05     0.0024575081    -0.0004436677    -0.0067110485    0.00034092041    9.1093825e-31   -1.6021766e-19    -9.156439e-20    5.7756956e-19             3463                1
   -0.00019712784    6.7733105e-05      0.013820718      0.002418041    -0.0070271026    -0.0002082167    9.1093825e-31   -1.6021766e-19    -9.156439e-20    5.7756956e-19             3469                1
     0.0031811481    4.3020045e-05      0.014004747     0.0054702177     0.0074281478    -0.0024743818    9.1093825e-31   -1.6021766e-19    -9.156439e-20    5.7756956e-19             3388                1
     0.0012544536    6.7668087e-05       0.01148139    0.00019856321     0.0027910457     0.0015563071    9.1093825e-31   -1.6021766e-19    -9.156439e-20    5.7756956e-19             2668                1
    -0.0030901458    3.1493102e-05     -0.001900391   -7.1625407e-05    -0.0086383289     0.0020347226    9.1093825e-31   -1.6021766e-19    -9.156439e-20    5.7756956e-19             3349                1
    0.00054256804    7.7251265e-05     -0.011854585    4.1084364e-05    -0.0030411382    0.00023257529    9.1093825e-31   -1.6021766e-19    -9.156439e-20    5.7756956e-19              958                0
     0.0010370953    9.4715579e-06    -0.0095774084     0.0033684848     0.0042841402    -0.0012574118    9.1093825e-31   -1.6021766e-19    -9.156439e-20    5.7756956e-19             3520                1
    -0.0067636948    7.9963866e-05      0.012283178    0.00031386458      0.001494876    0.00066900713    9.1093825e-31   -1.6021766e-19    -9.156439e-20    5.7756956e-19              988                0
     0.0016594367    6.9297254e-05      0.012114004    0.00030271191     0.0097039221     0.0020542927    9.1093825e-31   -1.6021766e-19    -9.156439e-20    5.7756956e-19             3350                1
   -4.9607021e-05    8.6017346e-05     0.0042611309    0.00027784423    -0.0021658223   -0.00020441136    9.1093825e-31   -1.6021766e-19    -9.156439e-20    5.7756956e-19             3412                1
   -0.00068915176    3.1228232e-05    -0.0081135407    -0.0066053444    -0.0088736517     0.0028283254    9.1093825e-31   -1.6021766e-19    -9.156439e-20    5.7756956e-19             3258                1
     0.0042066993    4.3952866e-08    -0.0087946029     0.0006460736    -0.0051943916    -0.0014209667    9.1093825e-31   -1.6021766e-19    -9.156439e-20    5.7756956e-19             2858                1
    -0.0016297242    9.2893551e-06       -0.0124975    0.00037904363    -0.0083109019     0.0018020578    9.1093825e-31   -1.6021766e-19    -9.156439e-20    5.7756956e-19             3151                1
      -0.00116686    1.3439731e-05     -0.012554964    -0.0031060476     0.0091415411   -0.00073083292    9.1093825e-31   -1.6021766e-19    -9.156439e-20    5.7756956e-19             3533                1
    0.00085372641     9.913354e-05     0.0026552612     0.0038493052    -0.0013108097    -0.0047864872    9.1093825e-31   -1.6021766e-19    -9.156439e-20    5.7756956e-19             3552                1
   -0.00010863882    9.0791749e-05      0.013788138     0.0048293853    -0.0025720019      0.003936219    9.1093825e-31   -1.6021766e-19    -9.156439e-20    5.7756956e-19             3502                1
    -0.0015410368     1.531373e-05     -0.012404257     0.0016983849    -0.0086825769     0.0052013639    9.1093825e-31   -1.6021766e-19    -9.156439e-20    5.7756956e-19             3242                1
    -0.0024824513    2.5712194e-05      0.006161443     0.0012925923     0.0026656268    0.00040644541    9.1093825e-31   -1.6021766e-19    -9.156439e-20    5.7756956e-19              485                0
    9.7032635e-06    9.3246759e-05     0.0035871987    -0.0053267078    -0.0044185757    -0.0052708997    9.1093825e-31   -1.6021766e-19    -9.156439e-20    5.7756956e-19             3529                1
     0.0048193606    8.5852291e-05       0.00722219    -0.0055412576     0.0080809081     0.0030709454    9.1093825e-31   -1.6021766e-19    -9.156439e-20    5.7756956e-19             3260                1
   -0.00095745607    5.0227565e-05     0.0060251192     -0.005145323    -0.0077334642    0.00089786598    9.1093825e-31   -1.6021766e-19    -9.156439e-20    5.7756956e-19             3434                1
    0.00025883288    1.1062429e-05    -0.0087894183   -0.00015515418     -0.011591237   -3.9792627e-05    9.1093825e-31   -1.6021766e-19    -9.156439e-20    5.7756956e-19             3359                1
   -7.2925002e-05    6.8638081e-05     0.0043060402    0.00068300136    -0.0049028797    8.7785455e-05    9.1093825e-31   -1.6021766e-19    -9.156439e-20    5.7756956e-19             3419                1
    -0.0016119482    4.7590878e-05     -0.011196845    -0.0035277766    -0.0065830955    0.00082686747    9.1093825e-31   -1.6021766e-19    -9.156439e-20    5.7756956e-19             3137                1
     0.0014651881    9.7035969e-05      0.011377279    0.00021054455    -0.0074335397   -0.00011033574    9.1093825e-31   -1.6021766e-19    -9.156439e-20    5.7756956e-19             3561                1
   -0.00027183612    4.7481513e-05    -0.0028407653     0.0059304349    -0.0098114675    0.00054164615    9.1093825e-31   -1.6021766e-19    -9.156439e-20    5.7756956e-19             3417                1
    -0.0015948286     1.833309e-05     -0.012436218    9.2410548e-05     0.0023254598    -0.0009857174    9.1093825e-31   -1.6021766e-19    -9.156439e-20    5.7756956e-19             3431                1
   -0.00014805284    6.3477928e-05      0.013775574     -0.002185002      0.010538072    -0.0033010629    9.1093825e-31   -1.6021766e-19    -9.156439e-20    5.7756956e-19             3406                1
   -0.00057645439    5.3458662e-05    -0.0081315991    0.00013774385    -0.0075182016     0.0010516543    9.1093825e-31   -1.6021766e-19    -9.156439e-20    5.7756956e-19             3313                1
     0.0017314721    4.4198307e-05     0.0068110256    0.00022498475     0.0063823778    0.00061570777    9.1093825e-31   -1.6021766e-19    -9.156439e-20    5.7756956e-19             3409                1
    -0.0029374398    3.7286471e-05     -0.014554523   -3.7902679e-05    -0.0026433815    -0.0013791379    9.1093825e-31   -1.6021766e-19    -9.156439e-20    5.7756956e-19              422                0
    -0.0021021718    7.8404824e-05     0.0062920162     0.0029899436    -0.0043758955     0.0011011185    9.1093825e-31   -1.6021766e-19    -9.156439e-20    5.7756956e-19             3455                1
     0.0014613454    7.8503494e-05      0.011369999     0.0035148023    -0.0047945357    0.00054734823    9.1093825e-31   -1.6021766e-19    -9.156439e-20    5.7756956e-19             3475                1
    -0.0010674319    3.6654994e-05     0.0060629877    0.00056172285     0.0048834193    -0.0025741621    9.1093825e-31   -1.6021766e-19    -9.156439e-20    5.7756956e-19             3396                1
    -0.0044511254     8.173989e-05      0.010405353    -0.0029030365      0.002770439     0.0010099231    9.1093825e-31   -1.6021766e-19    -9.156439e-20    5.7756956e-19              687                0
   -0.00097352406    8.8440596e-05     0.0059219431     0.0030876375    -0.0022365863    0.00047012343    9.1093825e-31   -1.6021766e-19    -9.156439e-20    5.7756956e-19             3452                1
    -0.0029704995    1.4871491e-05     -0.010335129     0.0015937511     0.0077692722   -0.00058279536    9.1093825e-31   -1.6021766e-19    -9.156439e-20    5.7756956e-19             3525                1
     0.0029996231    4.2419793e-05      0.014308848     0.0002706697     0.0096455729   -0.00097597518    9.1093825e-31   -1.6021766e-19    -9.156439e-20    5.7756956e-19             3453                1
     0.0053720213     4.982109e-05     0.0032610837    0.00025243341     0.0012553969   -0.00070493482    9.1093825e-31   -1.6021766e-19    -9.156439e-20    5.7756956e-19              581                0
     -0.001561053    2.7527392e-05     -0.011290175    0.00014426604    -0.0099557741    0.00075513602    9.1093825e-31   -1.6021766e-19    -9.156439e-20    5.7756956e-19             3400                1
    -0.0039470312    9.9187884e-05       0.01162242    0.00074099272     0.0089234598    0.00070573908    9.1093825e-31   -1.6021766e-19    -9.156439e-20    5.7756956e-19             3180                1
     0.0013882031    8.6489388e-05     0.0015779071    -8.583226e-05     0.0015961486    -0.0016358759    9.1093825e-31   -1.6021766e-19    -9.156439e-20    5.7756956e-19              641                0
    0.00013356689    1.1645701e-05     -0.001145513      0.003653496    -0.0075081629    -0.0030188847    9.1093825e-31   -1.6021766e-19    -9.156439e-20    5.7756956e-19             3226                1
    -0.0028308565    7.2455579e-05    -0.0056800391    -0.0022477815    -0.0067350301     0.0016500498    9.1093825e-31   -1.6021766e-19    -9.156439e-20    5.7756956e-19             3447                1
    -0.0031958269    1.7711901e-06     -0.010266844    0.00060212787     0.0089422772    -0.0018884194    9.1093825e-31   -1.6021766e-19    -9.156439e-20    5.7756956e-19             3569                1
    3.4364257e-05    1.4354631e-18    -0.0058769458    0.00035841262     -0.013364892    -2.582366e-05    9.1093825e-31   -1.6021766e-19    -9.156439e-20    5.7756956e-19             3369                1
     0.0025118869    8.0747313e-06    -0.0077040321     0.0014189107     0.0051471307     0.0033508474    9.1093825e-31   -1.6021766e-19    -9.156439e-20    5.7756956e-19             3534                1
     0.0014245961    7.8697907e-05       0.01156628     0.0050445902      0.010307807     0.0043470263    9.1093825e-31   -1.6021766e-19    -9.156439e-20    5.7756956e-19             3336                1
    -0.0013773508    5.0405772e-05    -0.0084824469    -0.0013917788    -0.0073550055     0.0017445129    9.1093825e-31   -1.6021766e-19    -9.156439e-20    5.7756956e-19             3224                1
    -0.0024222536    1.0943627e-05    -0.0020877314    0.00035981476    -0.0093946364     0.0010673073    9.1093825e-31   -1.6021766e-19    -9.156439e-20    5.7756956e-19             3295                1
     0.0094142696    4.9971492e-05    -0.0041293381     0.0004743372   -0.00041919059     0.0016114482    9.1093825e-31   -1.6021766e-19    -9.156439e-20    5.7756956e-19              821                0
   -0.00089087471    9.7761527e-05     0.0061277985    -0.0014805107    -0.0056966664   -0.00091986265    9.1093825e-31   -1.6021766e-19    -9.156439e-20    5.7756956e-19             3557                1
    -0.0014051676    9.6325894e-05      0.011096217    0.00080627034     -0.003987493     0.0035505034    9.1093825e-31   -1.6021766e-19    -9.156439e-20    5.7756956e-19             3546                1
     0.0014471636    3.0122572e-05    -0.0089077307      0.008000941    -0.0091142338     0.0039764266    9.1093825e-31   -1.6021766e-19    -9.156439e-20    5.7756956e-19             3302                1
   -0.00075741427    5.7396468e-05    -0.0058726245    -0.0033206297    -0.0070983982     0.0014131315    9.1093825e-31   -1.6021766e-19    -9.156439e-20    5.7756956e-19             3280                1
     0.0026905264    8.2628758e-05      0.012219398    0.00022136221    -0.0033379679   -0.00052320457    9.1093825e-31   -1.6021766e-19    -9.156439e-20    5.7756956e-19             3467                1
    -0.0051809219    3.9019877e-05     -0.010830365    -0.0031036893    -0.0037238032    0.00044778944    9.1093825e-31   -1.6021766e-19    -9.156439e-20    5.7756956e-19             2846                1
   -0.00067104632    4.1747498e-05    -0.0078558885    -0.0037925565    -0.0089948811    -0.0054770457    9.1093825e-31   -1.6021766e-19    -9.156439e-20    5.7756956e-19             3374                1
    -0.0018652311    7.2204617e-05     0.0018543137   -0.00045996517    -0.0096480129    -0.0015948353    9.1093825e-31   -1.6021766e-19    -9.156439e-20    5.7756956e-19             3488                1
     0.0023172323    2.1006754e-05    -0.0091288872     0.0031126696    -0.0096316161    0.00035772161    9.1093825e-31   -1.6021766e-19    -9.156439e-20    5.7756956e-19             3304                1
   -0.00094819255    9.3914605e-05      0.006063574     0.0042227907    -0.0062665935   -0.00094561442    9.1093825e-31   -1.6021766e-19    -9.156439e-20    5.7756956e-19             3544                1
    -0.0033664566    1.4258768e-05    -0.0098906867     0.0022397498     0.0031542217    -0.0010099487    9.1093825e-31   -1.6021766e-19    -9.156439e-20    5.7756956e-19             3470                1
    -0.0010053854    7.3045579e-05     0.0059223101    -0.0028715853     -0.005117585     0.0005388179    9.1093825e-31   -1.6021766e-19    -9.156439e-20    5.7756956e-19             3451                1
    0.00028432836    7.7644618e-06    -0.0088129742   -0.00056833547     0.0023911092     -0.004697727    9.1093825e-31   -1.6021766e-19    -9.156439e-20    5.7756956e-19             3503                1
      0.004022433    4.5319284e-05     0.0010218377    -0.0015304476    0.00059199159    -0.0015105143    9.1093825e-31   -1.6021766e-19    -9.156439e-20    5.7756956e-19              118                0
     0.0014760257    4.3812406e-06    -0.0088800862   -0.00032310802     0.0054342258    -0.0014118805    9.1093825e-31   -1.6021766e-19    -9.156439e-20    5.7756956e-19             3550                1
    -0.0094018588    4.2299449e-05    -0.0036129365     0.0005167902    3.4165932e-05    0.00042811609    9.1093825e-31   -1.6021766e-19    -9.156439e-20    5.7756956e-19              158                0
     0.0048145107    3.2108288e-05    -0.0035867526     0.0019524468    -0.0028961408   -0.00022544195    9.1093825e-31   -1.6021766e-19    -9.156439e-20    5.7756956e-19             2664                1
      0.004363663    1.6765644e-05     -0.014716803     0.0011018444    -0.0071362434     0.0027356129    9.1093825e-31   -1.6021766e-19    -9.156439e-20    5.7756956e-19             3265                1
    -0.0032121846    9.1700509e-05     0.0065165241     0.0021148177    -0.0012433158     0.0045991461    9.1093825e-31   -1.6021766e-19    -9.156439e-20    5.7756956e-19             3441                1
     0.0032121399    5.8336536e-05      0.014088024    0.00016367222     0.0084802732     0.0017818242    9.1093825e-31   -1.6021766e-19    -9.156439e-20    5.7756956e-19             3356                1
      0.006853214    7.2661671e-05     -0.013508842    -0.0004489017    -0.0010327218     0.0009420414    9.1093825e-31   -1.6021766e-19    -9.156439e-20    5.7756956e-19              213                0
    -0.0018446904    8.0171332e-05     0.0018775673     0.0034736337    -0.0043358207    0.00087530905    9.1093825e-31   -1.6021766e-19    -9.156439e-20    5.7756956e-19             3430                1
   -0.00098126533    7.7453435e-05     0.0059307832      0.001984606    -0.0031154004     0.0026981737    9.1093825e-31   -1.6021766e-19    -9.156439e-20    5.7756956e-19             3423                1
    0.00018234059    1.0697568e-05    -0.0010436743    8.7400578e-05    -0.0032961939    0.00023440116    9.1093825e-31   -1.6021766e-19    -9.156439e-20    5.7756956e-19             3023                1
    0.00025298513    6.7162684e-05      0.012346102     -0.002848374    -0.0034801322    0.00047932204    9.1093825e-31   -1.6021766e-19    -9.156439e-20    5.7756956e-19             3437                1
    -0.0035185476    2.6969068e-05    -0.0099680983     0.0064229793    -0.0089406185     0.0031380504    9.1093825e-31   -1.6021766e-19    -9.156439e-20    5.7756956e-19             3339                1
     0.0017964341    7.2070092e-05     0.0074321115    -0.0012982721      0.008871017    0.00051900238    9.1093825e-31   -1.6021766e-19    -9.156439e-20    5.7756956e-19             3375                1
    -0.0014813003    2.8935139e-05    -0.0080275182    8.2622273e-06    -0.0099713271    0.00032907008    9.1093825e-31   -1.6021766e-19    -9.156439e-20    5.7756956e-19             3360                1
     0.0015359139    9.0345573e-05     0.0024754922      0.003707075    -0.0035280599     0.0022170469    9.1093825e-31   -1.6021766e-19    -9.156439e-20    5.7756956e-19             3479                1
   -0.00062761019     5.306114e-05    -0.0083547216    -0.0013983459    -0.0073554446     0.0010564541    9.1093825e-31   -1.6021766e-19    -9.156439e-20    5.7756956e-19             3250                1
     -0.002237987    8.7748784e-05     0.0027961233    -0.0011980425    -0.0081400443    0.00078056805    9.1093825e-31   -1.6021766e-19    -9.156439e-20    5.7756956e-19             3531                1
   -0.00093044073    9.5967616e-06    -0.0058458704    0.00096649857     -0.011315814     0.0013033208    9.1093825e-31   -1.6021766e-19    -9.156439e-20    5.7756956e-19             3330                1
   -0.00085406197    3.3847271e-05    -0.0083496114     0.0018653285    -0.0092095472     0.0010596608    9.1093825e-31   -1.6021766e-19    -9.156439e-20    5.7756956e-19             3334                1
     3.856681e-05    7.2822113e-05    -0.0059242169     0.0007962964    -0.0069155875   -0.00061299297    9.1093825e-31   -1.6021766e-19    -9.156439e-20    5.7756956e-19             3449                1
    -0.0028902856     2.158873e-05     -0.010534173    -0.0064287055     0.0048408741    -0.0058346726    9.1093825e-31   -1.6021766e-19    -9.156439e-20    5.7756956e-19             3464                1
     0.0032458059      8.09048e-05     0.0079116561   -0.00070805941     0.0031057291    -0.0005400118    9.1093825e-31   -1.6021766e-19    -9.156439e-20    5.7756956e-19              903                0
    -0.0084424783    5.2142695e-05      0.010197508    0.00098735117    0.00081086589    0.00071651972    9.1093825e-31   -1.6021766e-19    -9.156439e-20    5.7756956e-19              578                0
     0.0010488768    4.0792384e-05    -0.0096166581    -0.0010438914     -0.008067118   -0.00039711714    9.1093825e-31   -1.6021766e-19    -9.156439e-20    5.7756956e-19             3271                1
     0.0083418926     3.601471e-05     0.0096141687     0.0017436772    0.00073005731    0.00014766672    9.1093825e-31   -1.6021766e-19    -9.156439e-20    5.7756956e-19              618                0
     0.0014877896    8.5881584e-05      0.011367228    0.00054391252      0.011452217   -7.3493939e-05    9.1093825e-31   -1.6021766e-19    -9.156439e-20    5.7756956e-19             3366                1
     0.0012221253    9.1723967e-05      0.011352426     0.0032248134      0.012662207      0.001174415    9.1093825e-31   -1.6021766e-19    -9.156439e-20    5.7756956e-19             3386                1
    -0.0012865133    8.3262297e-05     0.0055551501    -0.0032798669    -0.0091443555    -0.0006024912    9.1093825e-31   -1.6021766e-19    -9.156439e-20    5.7756956e-19             3526                1
     0.0017772376    5.7843721e-05    -0.0020283367     0.0017055998     -0.010407868      0.002895057    9.1093825e-31   -1.6021766e-19    -9.156439e-20    5.7756956e-19             3459                1
    -0.0015582053    1.4924371e-05    -0.0084694996    -0.0048276493     0.0036979211     0.0051482264    9.1093825e-31   -1.6021766e-19    -9.156439e-20    5.7756956e-19             3484                1
    -0.0018821782    8.1700382e-05     0.0018834857   -7.5209602e-05    -0.0068101054    6.5044776e-05    9.1093825e-31   -1.6021766e-19    -9.156439e-20    5.7756956e-19             3493                1
     0.0010539972    7.5518699e-05      0.013589356     0.0022030319      0.010588204     0.0011040915    9.1093825e-31   -1.6021766e-19    -9.156439e-20    5.7756956e-19             3358                1
   -2.1997355e-05    6.7747838e-05     0.0034229362     0.0016240679    -0.0056917849   -0.00033608923    9.1093825e-31   -1.6021766e-19    -9.156439e-20    5.7756956e-19             3427                1
      0.004111195    1.1817601e-06     -0.011636609     0.0037458309     0.0020033591     0.0027753375    9.1093825e-31   -1.6021766e-19    -9.156439e-20    5.7756956e-19             3555                1
    -0.0012694376    8.8763773e-05     0.0061761928    0.00016545158    -0.0037384687    0.00029511965    9.1093825e-31   -1.6021766e-19    -9.156439e-20    5.7756956e-19             3489                1
    -0.0067008133    2.8834025e-05     0.0051374263   -0.00047384846     0.0011887839      0.001069241    9.1093825e-31   -1.6021766e-19    -9.156439e-20    5.7756956e-19              573                0
    -0.0036750333     8.553006e-05      0.011571978     0.0028299242    -0.0040921853    -0.0050885705    9.1093825e-31   -1.6021766e-19    -9.156439e-20    5.7756956e-19             3494                1
     0.0011208736    9.9627869e-05      0.013629398    0.00016246263      0.014554665    0.00019713868    9.1093825e-31   -1.6021766e-19    -9.156439e-20    5.7756956e-19             3404                1
    -0.0016620408    9.6749463e-05      0.010592552     0.0025345462    -0.0021481123     0.0057147411    9.1093825e-31   -1.6021766e-19    -9.156439e-20    5.7756956e-19             3540                1
     0.0017902137    9.0285561e-05     0.0073089525    0.00072185276    -0.0065992759    -0.0041390648    9.1093825e-31   -1.6021766e-19    -9.156439e-20    5.7756956e-19             3535                1
    -0.0013908099    6.8448375e-05      0.011135629    -0.0009010653     0.0090974309     0.0044681095    9.1093825e-31   -1.6021766e-19    -9.156439e-20    5.7756956e-19             3299                1
   -0.00041597252    2.0070014e-05    -0.0082744993     0.0035835989    -0.0099671334    -0.0028320348    9.1093825e-31   -1.6021766e-19    -9.156439e-20    5.7756956e-19             3288                1
   -0.00093868357           0.0001     0.0058654402     0.0036890509     0.0088524036    -0.0041397247    9.1093825e-31   -1.6021766e-19    -9.156439e-20    5.7756956e-19             3196                1
    -0.0063617756    2.7968365e-05     0.0052315327   -0.00085863046     0.0013505375    -0.0027877712    9.1093825e-31   -1.6021766e-19    -9.156439e-20    5.7756956e-19              985                0
     -0.004247746    2.7796184e-05     -0.012025889    0.00014986431    -0.0068082307     0.0096718399    9.1093825e-31   -1.6021766e-19    -9.156439e-20    5.7756956e-19             3164                1
     0.0076079569    7.2300623e-05     0.0007487954    -0.0005389867      0.000267542       0.00120657    9.1093825e-31   -1.6021766e-19    -9.156439e-20    5.7756956e-19              614                0
   -0.00099190068    9.0841088e-05      0.005965739     0.0019057023    -0.0027175059    -0.0032686393    9.1093825e-31   -1.6021766e-19    -9.156439e-20    5.7756956e-19             3480                1
     0.0018571001    8.1969643e-05      0.010421213     0.0022073642     0.0094555253    -0.0034740516    9.1093825e-31   -1.6021766e-19    -9.156439e-20    5.7756956e-19             3249                1
    8.7864348e-05    2.4183681e-05     -0.013328426    -7.804342e-05    -0.0034245215    0.00029563357    9.1093825e-31   -1.6021766e-19    -9.156439e-20    5.7756956e-19               79                0
    -0.0010706256    9.7720891e-05    -0.0059740883    -0.0026387232     0.0010913823      -0.00416293    9.1093825e-31   -1.6021766e-19    -9.156439e-20    5.7756956e-19             2982                1
    0.00041071232    9.1261126e-07     -0.003721558    0.00065381383     -0.010726822     0.0058297976    9.1093825e-31   -1.6021766e-19    -9.156439e-20    5.7756956e-19             3281                1
     0.0081660794    8.2908824e-05     -0.013321687   -0.00013751221    0.00027028436    0.00082557224    9.1093825e-31   -1.6021766e-19    -9.156439e-20    5.7756956e-19             1982                1
    -0.0011485674    9.9879027e-05     0.0054826033    -0.0018449008   -0.00036004337   -8.3321713e-05    9.1093825e-31   -1.6021766e-19    -9.156439e-20    5.7756956e-19             3558                1
    -0.0025336212    5.9727055e-05    0.00072821969    -0.0048702615    -0.0086018955    0.00014407131    9.1093825e-31   -1.6021766e-19    -9.156439e-20    5.7756956e-19             3445                1
    -0.0036793915    9.4592579e-05      0.011596584     0.0014086803    -0.0011413458      0.002929973    9.1093825e-31   -1.6021766e-19    -9.156439e-20    5.7756956e-19             3495                1
    -0.0013567465    1.5807611e-05    -0.0085633053   -9.3010261e-05     0.0041361684    0.00095138088    9.1093825e-31   -1.6021766e-19    -9.156439e-20    5.7756956e-19             3486                1
     0.0013425431    1.3811365e-05    -0.0051647373   -0.00086489529     -0.011815596   -7.7144039e-05    9.1093825e-31   -1.6021766e-19    -9.156439e-20    5.7756956e-19             3370                1
     0.0012375244    2.0115333e-05    -0.0092659704    -0.0016550763    -0.0099465828    0.00085060747    9.1093825e-31   -1.6021766e-19    -9.156439e-20    5.7756956e-19             3314                1
     0.0011386336     1.359603e-05    -0.0064720246    0.00095129356     -0.010458892   -0.00012546392    9.1093825e-31   -1.6021766e-19    -9.156439e-20    5.7756956e-19             3290                1
   -0.00085768464    1.1609529e-05    -0.0083065564    4.3567179e-06     -0.012649935    0.00056411338    9.1093825e-31   -1.6021766e-19    -9.156439e-20    5.7756956e-19             3398                1
     0.0019718918    1.4168517e-05     -0.012692293     0.0031068553     0.0027315596     0.0013767856    9.1093825e-31   -1.6021766e-19    -9.156439e-20    5.7756956e-19             3456                1
   -0.00085241214    5.7606276e-06    -0.0084135216    0.00099525088     0.0096164839    0.00021696609    9.1093825e-31   -1.6021766e-19    -9.156439e-20    5.7756956e-19             3556                1
    0.00040633063    6.5693486e-05    0.00020622995     0.0012847071    -0.0076889275     0.0004460777    9.1093825e-31   -1.6021766e-19    -9.156439e-20    5.7756956e-19             3443                1
     0.0020110859    8.0943082e-06     -0.012360177     0.0059833513    -0.0082294475     0.0070486888    9.1093825e-31   -1.6021766e-19    -9.156439e-20    5.7756956e-19             3141                1
    0.00042600563    6.4895838e-05    0.00020085188    -0.0010320302    -0.0045990529    0.00088983931    9.1093825e-31   -1.6021766e-19    -9.156439e-20    5.7756956e-19             3324                1
    -0.0017024878    3.3263923e-06     -0.011094711     0.0022580628     0.0084020831     -0.002971933    9.1093825e-31   -1.6021766e-19    -9.156439e-20    5.7756956e-19             3559                1
    -0.0030658112    8.7395398e-05    -0.0017868234      0.006064008    -0.0042073359    0.00048598662    9.1093825e-31   -1.6021766e-19    -9.156439e-20    5.7756956e-19             3461                1
    -0.0035817418    9.2814844e-05    -0.0099280234    -0.0018512574    0.00051074906    0.00052484073    9.1093825e-31   -1.6021766e-19    -9.156439e-20    5.7756956e-19             2969                1
     0.0004419274     3.923323e-09    -0.0037544849   -0.00020738991     -0.012169479     -0.003737326    9.1093825e-31   -1.6021766e-19    -9.156439e-20    5.7756956e-19             3343                1
     -0.001241772    5.7950216e-05     0.0066299792     -0.000100415    -0.0046623079    0.00092746696    9.1093825e-31   -1.6021766e-19    -9.156439e-20    5.7756956e-19             3411                1
    -0.0025069204    9.1973052e-05    -0.0018460791     0.0043859095     0.0038566743     0.0044551948    9.1093825e-31   -1.6021766e-19    -9.156439e-20    5.7756956e-19             3233                1
     0.0014019393    3.4869103e-05    -0.0033608947     0.0033142644    -0.0092231929    -0.0013456799    9.1093825e-31   -1.6021766e-19    -9.156439e-20    5.7756956e-19             3357                1
     0.0019647626    2.3669967e-05     -0.012633037     0.0047245813    -0.0080351559    0.00089130201    9.1093825e-31   -1.6021766e-19    -9.156439e-20    5.7756956e-19             3262                1
    -0.0012758181    2.3238994e-05     -0.014153224    0.00016483781     0.0074610584   -0.00068691222    9.1093825e-31   -1.6021766e-19    -9.156439e-20    5.7756956e-19             3487                1
    -0.0028840399    2.1154932e-05    -0.0057742326    0.00024955868    -0.0081768949   -0.00053294696    9.1093825e-31   -1.6021766e-19    -9.156439e-20    5.7756956e-19             3200                1
   -0.00041475374    3.8710285e-05    0.00028060473    0.00058742973    -0.0081909569   -0.00064765767    9.1093825e-31   -1.6021766e-19    -9.156439e-20    5.7756956e-19             3382                1
     0.0015764985     8.823262e-05     0.0024832017     0.0015640407    -0.0070949718    0.00099536451    9.1093825e-31   -1.6021766e-19    -9.156439e-20    5.7756956e-19             3528                1
   -0.00065178622    2.6987589e-05     -0.008005579    -0.0040377704    -0.0091612255      0.010248487    9.1093825e-31   -1.6021766e-19    -9.156439e-20    5.7756956e-19             3259                1
     0.0029871485    5.0457991e-05    -0.0044710459    3.3574859e-06    -0.0078145973    -0.0055900034    9.1093825e-31   -1.6021766e-19    -9.156439e-20    5.7756956e-19             3367                1
     0.0013186337    1.4276201e-05     -0.013120207     0.0099441744     0.0037088408     -0.003486596    9.1093825e-31   -1.6021766e-19    -9.156439e-20    5.7756956e-19             3468                1
    -0.0037432835    1.7998954e-06      0.011684791     0.0064702965    -0.0010776768     0.0024759534    9.1093825e-31   -1.6021766e-19    -9.156439e-20    5.7756956e-19             3003                1
    0.00029789392     1.645448e-05    0.00012964079     0.0025392417     -0.011099088    -0.0042910203    9.1093825e-31   -1.6021766e-19    -9.156439e-20    5.7756956e-19             3391                1
    -0.0016039966    3.0652525e-05     -0.012370557     0.0017216626     0.0085720681   -0.00090219098    9.1093825e-31   -1.6021766e-19    -9.156439e-20    5.7756956e-19             3481                1
     -0.001483226    7.4497289e-06    -0.0085055949    7.4597818e-05     -0.010264239    0.00026496066    9.1093825e-31   -1.6021766e-19    -9.156439e-20    5.7756956e-19             3235                1
     0.0016869766    1.7930465e-06     -0.012930484     0.0047278302    0.00077868742     0.0028658602    9.1093825e-31   -1.6021766e-19    -9.156439e-20    5.7756956e-19             3501                1
    -0.0036796944    1.9565045e-05      -0.01435751    0.00024491962      0.008516212    -0.0022281401    9.1093825e-31   -1.6021766e-19    -9.156439e-20    5.7756956e-19             3519                1
     0.0008357772     8.744112e-05     0.0060136649    -0.0031003919    -0.0049247998    -0.0081984354    9.1093825e-31   -1.6021766e-19    -9.156439e-20    5.7756956e-19             3504                1
     0.0026728588    9.9587371e-05      0.012278115    -0.0030796165      0.010528727   -0.00096459908    9.1093825e-31   -1.6021766e-19    -9.156439e-20    5.7756956e-19             3244                1
    -0.0015957789    3.2790696e-05     -0.012454767    -0.0033369879      0.010378791     0.0035426323    9.1093825e-31   -1.6021766e-19    -9.156439e-20    5.7756956e-19             3490                1
    -0.0036996668    7.9015939e-05      0.011544021    -0.0018417633     0.0094321743     -0.004187644    9.1093825e-31   -1.6021766e-19    -9.156439e-20    5.7756956e-19             3307                1
     0.0011887765    8.5544765e-05      0.011506587    0.00022158348    -0.0050333971     0.0013530254    9.1093825e-31   -1.6021766e-19    -9.156439e-20    5.7756956e-19             3509                1
     -0.003914908    9.6448151e-05      0.011628223   -0.00011439729    -0.0050299447   -0.00018561889    9.1093825e-31   -1.6021766e-19    -9.156439e-20    5.7756956e-19             3554                1
     0.0015867746    4.0212431e-05    -0.0051493924     0.0015930929    -0.0092194648     0.0001031151    9.1093825e-31   -1.6021766e-19    -9.156439e-20    5.7756956e-19             3371                1
    -0.0028282602    1.6761569e-06    -0.0067879641     0.0030574107     0.0055996468    -0.0035057783    9.1093825e-31   -1.6021766e-19    -9.156439e-20    5.7756956e-19             3562                1
     0.0011554136     8.104751e-05     0.0058557261    -0.0012611814      -0.00527489   -0.00074740278    9.1093825e-31   -1.6021766e-19    -9.156439e-20    5.7756956e-19             3471                1
   -0.00058211177    9.5877576e-06    -0.0082492614    -0.0056050806     0.0017365232     0.0079483381    9.1093825e-31   -1.6021766e-19    -9.156439e-20    5.7756956e-19             3476                1
    -0.0010580546    9.8654564e-05      0.006112379    -0.0039755702    -0.0045600403     0.0035488433    9.1093825e-31   -1.6021766e-19    -9.156439e-20    5.7756956e-19             3563                1
    -0.0042055999     2.531985e-05     -0.012191457     0.0010093114     0.0068495832   -0.00080323295    9.1093825e-31   -1.6021766e-19    -9.156439e-20    5.7756956e-19             3478                1
     0.0024265675    9.4662082e-06      -0.00918632    -0.0014751357     0.0034467422    5.3047497e-06    9.1093825e-31   -1.6021766e-19    -9.156439e-20    5.7756956e-19             3510                1
    -0.0012111035    9.5028226e-05     0.0060557886   -0.00011172886     -0.002305496     0.0014589414    9.1093825e-31   -1.6021766e-19    -9.156439e-20    5.7756956e-19             3515                1
     0.0033795158    9.9274817e-05      0.012678654   -0.00027276095    -0.0036420645    -0.0015950039    9.1093825e-31   -1.6021766e-19    -9.156439e-20    5.7756956e-19             3564                1
    -0.0015217502    7.6952108e-07    -0.0083239451    -0.0017257684     0.0038710115    0.00022041074    9.1093825e-31   -1.6021766e-19    -9.156439e-20    5.7756956e-19             3565                1
   -0.00053225877     5.030754e-07    -0.0082777031     0.0012443325     0.0025246195   -0.00069101801    9.1093825e-31   -1.6021766e-19    -9.156439e-20    5.7756956e-19             3566                1
   -0.00056190236    1.5392809e-06    -0.0081844963     0.0062890956     0.0077578523    -0.0038497695    9.1093825e-31   -1.6021766e-19    -9.156439e-20    5.7756956e-19             3567                1
     0.0011829179    2.1110666e-06    -0.0065245274   -0.00066672388      0.010637452     0.0022619476    9.1093825e-31   -1.6021766e-19    -9.156439e-20    5.7756956e-19             3568                1
     0.0034408499    9.9385848e-05      0.012689952     0.0097639095    -0.0062039993     0.0016548801    9.1093825e-31   -1.6021766e-19    -9.156439e-20    5.7756956e-19             3570                1
