%  ASCII export : 
%
%  Momentum is normalized to the product of particle's mass and speed of light.
%  All other quantities are in SI units.
%
%            posX             posY             posZ             momX             momY             momZ             mass           charge     macro-charge             time       particleID         sourceID

   -0.00013189809    1.8816792e-05       0.00335349    -0.0024178938     0.0037121256    -0.0085682208    9.1093825e-31   -1.6021766e-19    -9.156439e-20    6.1389473e-19             3721                1
    -0.0005187022    4.3801276e-05    -0.0082851816     0.0012449763     0.0074348906   -0.00067397906    9.1093825e-31   -1.6021766e-19    -9.156439e-20    6.1389473e-19             3566                1
   -0.00087759801     8.807829e-05    -0.0059375088     0.0040617371      0.012117352     -0.003656463    9.1093825e-31   -1.6021766e-19    -9.156439e-20    6.1389473e-19             3620                1
     0.0023924108    3.5405257e-05    -0.0092610028     0.0020395776     0.0070610037    0.00079732266    9.1093825e-31   -1.6021766e-19    -9.156439e-20    6.1389473e-19             3655                1
     -0.002499992    2.8282166e-05    -0.0019903053    -0.0011119434    -0.0043545091     0.0018034505    9.1093825e-31   -1.6021766e-19    -9.156439e-20    6.1389473e-19             3253                1
    0.00076470885    2.7767059e-05      0.001067794    2.9079303e-05     0.0044110003     0.0030111317    9.1093825e-31   -1.6021766e-19    -9.156439e-20    6.1389473e-19             3690                1
     0.0011464794    7.8075987e-05    -0.0068503749     0.0035401578     0.0088798683    -0.0036539482    9.1093825e-31   -1.6021766e-19    -9.156439e-20    6.1389473e-19             3505                1
   -0.00062750251     2.866029e-05     -0.012260926    0.00042133112     0.0029646242    -0.0011821453    9.1093825e-31   -1.6021766e-19    -9.156439e-20    6.1389473e-19               55                0
    -0.0012042907    1.1739252e-05    -0.0085252393     0.0013347977     -0.001650665    -0.0010857319    9.1093825e-31   -1.6021766e-19    -9.156439e-20    6.1389473e-19             3421                1
    -0.0018754188     8.179054e-06     0.0018828721     0.0031172978      0.003682619   -0.00054987846    9.1093825e-31   -1.6021766e-19    -9.156439e-20    6.1389473e-19             3759                1
     0.0043907422    2.5902873e-05     0.0052387086   -0.00052852527    -0.0027158216   -0.00038251776    9.1093825e-31   -1.6021766e-19    -9.156439e-20    6.1389473e-19              154                0
     0.0066728126    7.6038516e-05     -0.013249847     0.0014535775     0.0016205719      0.001395466    9.1093825e-31   -1.6021766e-19    -9.156439e-20    6.1389473e-19              488                0
    -0.0025459742    3.5642533e-05     -0.014777357    -0.0012437319     0.0030133314    0.00063940644    9.1093825e-31   -1.6021766e-19    -9.156439e-20    6.1389473e-19               27                0
      0.002652881    3.5111964e-06      0.012278412    0.00075935374     0.0057397587    -0.0012362328    9.1093825e-31   -1.6021766e-19    -9.156439e-20    6.1389473e-19             3795                1
     0.0011833056    4.8888644e-05      0.011316713    -0.0044736932    -0.0072921361   -0.00044292459    9.1093825e-31   -1.6021766e-19    -9.156439e-20    6.1389473e-19             3499                1
    -0.0016473138    3.5238616e-05      0.010598469     0.0014862734    -0.0088646701     0.0011439744    9.1093825e-31   -1.6021766e-19    -9.156439e-20    6.1389473e-19             3539                1
    -0.0022474809    4.3033288e-05     0.0029390855     0.0019423882    -0.0061573498     0.0014785209    9.1093825e-31   -1.6021766e-19    -9.156439e-20    6.1389473e-19             3354                1
     0.0023660846    7.3402407e-05    -0.0075763529     0.0017648319      0.011264522     0.0013685395    9.1093825e-31   -1.6021766e-19    -9.156439e-20    6.1389473e-19             3647                1
      0.001085386    8.5959109e-05    -0.0065638535    -0.0040614074      0.011109961    -0.0020179823    9.1093825e-31   -1.6021766e-19    -9.156439e-20    6.1389473e-19             3591                1
     0.0003999598    8.0684105e-05    -0.0037045034    -0.0010026575     0.0093706148     0.0015458469    9.1093825e-31   -1.6021766e-19    -9.156439e-20    6.1389473e-19             3581                1
    -0.0024665718    2.2992694e-05    -0.0020513171   -0.00056877825     0.0064427131     0.0042056469    9.1093825e-31   -1.6021766e-19    -9.156439e-20    6.1389473e-19             3729                1
   -1.1774603e-05    3.1605527e-05     0.0039122347   -0.00095123571     0.0064108772   -0.00087400619    9.1093825e-31   -1.6021766e-19    -9.156439e-20    6.1389473e-19             3725                1
    -0.0051104897    5.3111908e-05     0.0089153042     0.0014389355    -0.0020276059   -0.00043797307    9.1093825e-31   -1.6021766e-19    -9.156439e-20    6.1389473e-19              355                0
     0.0076029366    1.0788949e-05     -0.011835878   -0.00080494781    0.00067110464     0.0007092125    9.1093825e-31   -1.6021766e-19    -9.156439e-20    6.1389473e-19              451                0
   -0.00022570687    8.2446204e-06    -0.0028287019     0.0038521788     0.0024651533    -0.0030362313    9.1093825e-31   -1.6021766e-19    -9.156439e-20    6.1389473e-19             3616                1
    -0.0064318269    2.1274747e-05    -0.0019513564   -0.00015611456   -0.00089499878     0.0009333716    9.1093825e-31   -1.6021766e-19    -9.156439e-20    6.1389473e-19               32                0
   -0.00025771093    7.3217001e-05    -0.0027744016    0.00048532477     0.0092789168     0.0026848274    9.1093825e-31   -1.6021766e-19    -9.156439e-20    6.1389473e-19             3617                1
     0.0081250593    1.8563032e-05    0.00058600924    -0.0016409578   -0.00074597733   -0.00062168972    9.1093825e-31   -1.6021766e-19    -9.156439e-20    6.1389473e-19              455                0
      0.001082433    3.1576466e-05     0.0057202135     0.0001037262    -0.0084198611   -0.00060263881    9.1093825e-31   -1.6021766e-19    -9.156439e-20    6.1389473e-19             3457                1
    0.00041610803    6.0699611e-05    -0.0037922803     -0.002393567     0.0075560743    -0.0034937831    9.1093825e-31   -1.6021766e-19    -9.156439e-20    6.1389473e-19             3583                1
    -0.0028717795    2.1710126e-05     -0.010225225    -0.0027332928     0.0071061151     0.0031238068    9.1093825e-31   -1.6021766e-19    -9.156439e-20    6.1389473e-19             3742                1
     0.0011343636    5.9168297e-06     0.0077090599    0.00027886053     0.0073326388   -0.00025752161    9.1093825e-31   -1.6021766e-19    -9.156439e-20    6.1389473e-19             3791                1
    0.00043096798    4.0539846e-05    0.00032410733    -0.0030722821     0.0070528598     0.0035668244    9.1093825e-31   -1.6021766e-19    -9.156439e-20    6.1389473e-19             3700                1
   -0.00071160943    4.8963298e-05    -0.0081084017    2.6404958e-05     0.0092667099   -0.00060072663    9.1093825e-31   -1.6021766e-19    -9.156439e-20    6.1389473e-19             3675                1
     0.0013996292    3.0697458e-05     -0.013003526    0.00095274555    0.00072484335    -0.0022182902    9.1093825e-31   -1.6021766e-19    -9.156439e-20    6.1389473e-19             3385                1
     0.0019188358    4.6558027e-05      0.012173456    0.00045357464    -0.0096389148     0.0066035152    9.1093825e-31   -1.6021766e-19    -9.156439e-20    6.1389473e-19             3670                1
    0.00039734872    7.7761273e-05     -0.003748517    -0.0012445844     0.0091178073    -0.0025332952    9.1093825e-31   -1.6021766e-19    -9.156439e-20    6.1389473e-19             3582                1
     0.0024104693    6.6346744e-05    -0.0091861924    -0.0014781969     0.0085202679    2.6616612e-05    9.1093825e-31   -1.6021766e-19    -9.156439e-20    6.1389473e-19             3510                1
     0.0011612198    9.4104646e-05     -0.006502287    -0.0092253005    -0.0028884995    0.00085409294    9.1093825e-31   -1.6021766e-19    -9.156439e-20    6.1389473e-19             3776                1
    -0.0063837343    1.5251174e-05     0.0037951269     0.0030519865    -0.0018172845    -0.0015913043    9.1093825e-31   -1.6021766e-19    -9.156439e-20    6.1389473e-19              695                0
     0.0017982718    7.2354392e-06     0.0072705983    0.00097023015     0.0064679654     0.0016455526    9.1093825e-31   -1.6021766e-19    -9.156439e-20    6.1389473e-19             3786                1
     0.0048085637    1.0543024e-05    -0.0035239751      0.001724013     0.0035245321    3.5962767e-05    9.1093825e-31   -1.6021766e-19    -9.156439e-20    6.1389473e-19             3732                1
     0.0067592985    8.3563449e-05    -0.0074691921     0.0022752499     0.0010372981     0.0016486981    9.1093825e-31   -1.6021766e-19    -9.156439e-20    6.1389473e-19                4                0
     0.0016777171    3.9958155e-05      0.012130413     0.0022179324     -0.010330987     0.0013127897    9.1093825e-31   -1.6021766e-19    -9.156439e-20    6.1389473e-19             3661                1
    -0.0016164304    6.7609049e-05     -0.011243217   -0.00014892155      0.011734738    0.00035211895    9.1093825e-31   -1.6021766e-19    -9.156439e-20    6.1389473e-19             3681                1
   -0.00096825435    3.9171487e-06     0.0059178555     0.0001101663     0.0026818463     0.0081520267    9.1093825e-31   -1.6021766e-19    -9.156439e-20    6.1389473e-19             3783                1
    1.1939486e-05    5.2662788e-05      0.013766187    0.00094761397     -0.010301553    0.00046354812    9.1093825e-31   -1.6021766e-19    -9.156439e-20    6.1389473e-19             3706                1
     0.0012495212    3.2209553e-06      0.011450822     0.0020590092     -0.012762161   -0.00052319909    9.1093825e-31   -1.6021766e-19    -9.156439e-20    6.1389473e-19             3595                1
     0.0017782563     4.225185e-06      0.010456535    -0.0013972725     -0.010116251      0.003597351    9.1093825e-31   -1.6021766e-19    -9.156439e-20    6.1389473e-19             3465                1
     0.0015885208    1.0019827e-05     0.0025011429   -0.00078330992     0.0049751871     0.0043741479    9.1093825e-31   -1.6021766e-19    -9.156439e-20    6.1389473e-19             3768                1
     0.0015082821    4.8621452e-05      0.011392363     0.0061509386    -0.0087631466     0.0025675767    9.1093825e-31   -1.6021766e-19    -9.156439e-20    6.1389473e-19             3630                1
     0.0060323318    3.0382038e-05     0.0048859422    -0.0010702224    -0.0018506421    0.00066449435    9.1093825e-31   -1.6021766e-19    -9.156439e-20    6.1389473e-19              751                0
   -2.9704246e-05    3.0358966e-05     0.0039079231     -0.004804715      0.006143671    -0.0018006231    9.1093825e-31   -1.6021766e-19    -9.156439e-20    6.1389473e-19             3726                1
      0.003550509    5.8055164e-05     0.0092090229     0.0058444873    -0.0063479124     0.0052101552    9.1093825e-31   -1.6021766e-19    -9.156439e-20    6.1389473e-19             3482                1
     0.0011726257    9.1131733e-05     -0.006504382    -0.0024478303     -0.004654495     -0.000391454    9.1093825e-31   -1.6021766e-19    -9.156439e-20    6.1389473e-19             3775                1
    -0.0074769352    5.3776366e-05    -0.0072845472    -0.0011896747    0.00028432146    -0.0026722583    9.1093825e-31   -1.6021766e-19    -9.156439e-20    6.1389473e-19              532                0
     0.0011381669    1.1011574e-05       0.01353176    -9.985239e-05      -0.01415858    7.0676273e-05    9.1093825e-31   -1.6021766e-19    -9.156439e-20    6.1389473e-19             3665                1
     0.0013136868     2.495015e-05     0.0025538995   -0.00049318868     0.0062184446      0.002468392    9.1093825e-31   -1.6021766e-19    -9.156439e-20    6.1389473e-19             3733                1
    -0.0016013996    8.0440986e-05     -0.012439065     0.0026103279    -0.0024998526   -0.00089856028    9.1093825e-31   -1.6021766e-19    -9.156439e-20    6.1389473e-19             3716                1
     0.0014193935    4.3095191e-05      0.011428706     0.0043607587    -0.0075601134     0.0012926423    9.1093825e-31   -1.6021766e-19    -9.156439e-20    6.1389473e-19             3491                1
    0.00038218789    2.1627435e-05    0.00021648154    -0.0074700266     0.0056079156     0.0016641436    9.1093825e-31   -1.6021766e-19    -9.156439e-20    6.1389473e-19             3728                1
    -0.0010340232    6.6016459e-05     -0.005858744   -0.00023810928      0.010085694     -0.006591246    9.1093825e-31   -1.6021766e-19    -9.156439e-20    6.1389473e-19             3631                1
     0.0013232097    5.3925913e-05      0.011286666     0.0056305579    -0.0074281823   -0.00071948825    9.1093825e-31   -1.6021766e-19    -9.156439e-20    6.1389473e-19             3549                1
     0.0015632657    8.9461064e-05     -0.013008823     0.0030490675      0.010575837     0.0010626256    9.1093825e-31   -1.6021766e-19    -9.156439e-20    6.1389473e-19             3521                1
      0.004720449    5.1701114e-05    -0.0032362018    -0.0015401259     0.0011090197     0.0034770044    9.1093825e-31   -1.6021766e-19    -9.156439e-20    6.1389473e-19             2961                1
    -0.0012253106    1.9560679e-05     0.0060971258     0.0034568398     0.0075423811      0.005564332    9.1093825e-31   -1.6021766e-19    -9.156439e-20    6.1389473e-19             3754                1
    -0.0015917114    9.8907651e-05     -0.012475085    3.5460784e-05     0.0016453807   -0.00045179686    9.1093825e-31   -1.6021766e-19    -9.156439e-20    6.1389473e-19             3692                1
     0.0014572373    8.5202453e-05     -0.013040535    -0.0051899073      0.010258837    -0.0014023398    9.1093825e-31   -1.6021766e-19    -9.156439e-20    6.1389473e-19             3522                1
    -0.0040460741    5.2760817e-05    -0.0096879117     0.0024967361      0.007780272    0.00034929113    9.1093825e-31   -1.6021766e-19    -9.156439e-20    6.1389473e-19             3588                1
    -0.0082814619    7.9828649e-05      0.014731782    5.4550732e-05    0.00032785095     0.0012155796    9.1093825e-31   -1.6021766e-19    -9.156439e-20    6.1389473e-19              719                0
    -0.0091150524    1.6549209e-05     0.0024987254   -0.00066914078   -0.00075324054     0.0014008163    9.1093825e-31   -1.6021766e-19    -9.156439e-20    6.1389473e-19              874                0
    -0.0014586926    9.5318457e-05     -0.008485849    -0.0027636145     -0.005674778     0.0010426607    9.1093825e-31   -1.6021766e-19    -9.156439e-20    6.1389473e-19             3790                1
    -0.0016147537     8.387967e-05     -0.012430875    1.6104699e-05    -0.0018331519     0.0006929285    9.1093825e-31   -1.6021766e-19    -9.156439e-20    6.1389473e-19             3717                1
    -0.0041351048    6.5530265e-05     0.0059655672     0.0015489083    -0.0026622321   -0.00078198529    9.1093825e-31   -1.6021766e-19    -9.156439e-20    6.1389473e-19              628                0
     0.0015295659    9.6502976e-05     -0.012959486    0.00082591642      0.011325538   -0.00083243957    9.1093825e-31   -1.6021766e-19    -9.156439e-20    6.1389473e-19             3532                1
     0.0033685148     6.793694e-05      0.012678055   -0.00023716413     -0.005782757    1.7060967e-05    9.1093825e-31   -1.6021766e-19    -9.156439e-20    6.1389473e-19             3597                1
   -0.00091631745    3.6138223e-05     0.0060757394    0.00049352675      -0.00797146     0.0032846523    9.1093825e-31   -1.6021766e-19    -9.156439e-20    6.1389473e-19             3433                1
    -0.0025577431    3.7849211e-05    -0.0020804869    -0.0031618797     0.0050206953    0.00058902003    9.1093825e-31   -1.6021766e-19    -9.156439e-20    6.1389473e-19             3608                1
     0.0072415108    7.6815835e-05     0.0060965875   -0.00059800409    -0.0012747543     0.0019555814    9.1093825e-31   -1.6021766e-19    -9.156439e-20    6.1389473e-19              828                0
    0.00078206736    2.9352746e-05     0.0010375037     0.0026460411     0.0046591503     -0.001555495    9.1093825e-31   -1.6021766e-19    -9.156439e-20    6.1389473e-19             3691                1
    -0.0017426842    1.9582005e-05      0.010834461   -0.00058829947    -0.0044385665    -0.0014066601    9.1093825e-31   -1.6021766e-19    -9.156439e-20    6.1389473e-19             3157                1
      0.001924769     5.103556e-05       0.01052815    0.00041230017    -0.0083219418    0.00042124023    9.1093825e-31   -1.6021766e-19    -9.156439e-20    6.1389473e-19             3623                1
     0.0053836931    1.2864554e-05     0.0064006238     0.0011389874    -0.0024547859   -0.00040027147    9.1093825e-31   -1.6021766e-19    -9.156439e-20    6.1389473e-19              580                0
      0.001500916    2.1715996e-05    -0.0088967411     0.0021090296     0.0054199705    -0.0015134207    9.1093825e-31   -1.6021766e-19    -9.156439e-20    6.1389473e-19             3551                1
     0.0082094753    7.8563055e-05     -0.012508348    -0.0022151077     0.0011021124     0.0022226337    9.1093825e-31   -1.6021766e-19    -9.156439e-20    6.1389473e-19              586                0
   -0.00051941589      5.76928e-05     0.0094957901    -0.0042284387    -0.0078389151   -0.00083626423    9.1093825e-31   -1.6021766e-19    -9.156439e-20    6.1389473e-19             3632                1
    -0.0049736113    5.8217094e-05    -0.0052678972      0.001001764    0.00026322083   -0.00094720372    9.1093825e-31   -1.6021766e-19    -9.156439e-20    6.1389473e-19              660                0
    -0.0021339655    7.1025599e-05      0.006363485    0.00095773151    -0.0054684416    -0.0002899564    9.1093825e-31   -1.6021766e-19    -9.156439e-20    6.1389473e-19             3394                1
    -0.0077233468    2.9230778e-05      0.011106241     0.0006003126   -0.00064699183     0.0015232655    9.1093825e-31   -1.6021766e-19    -9.156439e-20    6.1389473e-19              652                0
    -0.0014007816    9.6815143e-05    -0.0084118871    -0.0037782837    -0.0051925257    -0.0017828483    9.1093825e-31   -1.6021766e-19    -9.156439e-20    6.1389473e-19             3793                1
     0.0015943652    3.5346773e-05    -0.0051489831    0.00017971553     0.0073105493    5.3277513e-06    9.1093825e-31   -1.6021766e-19    -9.156439e-20    6.1389473e-19             3688                1
      0.001865301    6.0023987e-05       0.01222816      0.001013106    -0.0057899687     0.0011729047    9.1093825e-31   -1.6021766e-19    -9.156439e-20    6.1389473e-19             3472                1
     0.0013425512    1.6204773e-05     0.0023723016    -0.0075279051     0.0076159374    -0.0030238756    9.1093825e-31   -1.6021766e-19    -9.156439e-20    6.1389473e-19             3762                1
   -0.00012697234    3.3182132e-05     0.0034064935      -0.00138118     0.0067268489     0.0025856069    9.1093825e-31   -1.6021766e-19    -9.156439e-20    6.1389473e-19             3722                1
   -0.00086046819    5.5101438e-05    -0.0084968805    -0.0033876703    -0.0070314403   -0.00048727228    9.1093825e-31   -1.6021766e-19    -9.156439e-20    6.1389473e-19             3719                1
   -0.00026927248      3.37786e-05    -0.0028509297    -0.0034061647     0.0067127147    -0.0018789875    9.1093825e-31   -1.6021766e-19    -9.156439e-20    6.1389473e-19             3694                1
     0.0028351094    4.9747282e-06    -0.0056388085    -0.0016913739    4.1940468e-05    1.1434563e-05    9.1093825e-31   -1.6021766e-19    -9.156439e-20    6.1389473e-19              860                0
   -0.00091994263    1.4155462e-05     0.0056097293    -0.0031173397      0.008789462     0.0036397038    9.1093825e-31   -1.6021766e-19    -9.156439e-20    6.1389473e-19             3778                1
    -0.0033246081     1.906891e-05     -0.012633596   -0.00089737336     0.0026246672    -0.0015394957    9.1093825e-31   -1.6021766e-19    -9.156439e-20    6.1389473e-19              900                0
    -0.0064457711    2.2607714e-05     -0.008888633    0.00088911282     0.0010240879    -0.0013279609    9.1093825e-31   -1.6021766e-19    -9.156439e-20    6.1389473e-19              132                0
     0.0011238464    8.5224368e-05    -0.0096465563     0.0022910309    -0.0061086859     0.0046186247    9.1093825e-31   -1.6021766e-19    -9.156439e-20    6.1389473e-19             3763                1
    -0.0018554198    3.6680343e-05     0.0018433043      0.002656288     0.0079041552   -0.00029772584    9.1093825e-31   -1.6021766e-19    -9.156439e-20    6.1389473e-19             3723                1
     0.0019124827    2.4579293e-05      0.011335813     0.0078190751     -0.010754482    0.00030714308    9.1093825e-31   -1.6021766e-19    -9.156439e-20    6.1389473e-19             3601                1
     0.0077984151     5.015772e-05     -0.013138237     0.0023978774     0.0010443616    -0.0016999705    9.1093825e-31   -1.6021766e-19    -9.156439e-20    6.1389473e-19              311                0
     0.0024841223    8.6353633e-05   -1.0802717e-05    0.00096454757    -0.0025663369     0.0007586368    9.1093825e-31   -1.6021766e-19    -9.156439e-20    6.1389473e-19             3730                1
     0.0011843633    6.2845014e-05      0.013546095     0.0059614922     -0.007353615     0.0019393823    9.1093825e-31   -1.6021766e-19    -9.156439e-20    6.1389473e-19             3666                1
      0.001393732    7.0908413e-06      0.011489904      0.003229982     -0.011026002     0.0013181631    9.1093825e-31   -1.6021766e-19    -9.156439e-20    6.1389473e-19             3537                1
      0.001090939    4.3876185e-05    -0.0068777367    -0.0014241338     0.0070150569     0.0025597899    9.1093825e-31   -1.6021766e-19    -9.156439e-20    6.1389473e-19             3560                1
    -0.0072244401    3.0929477e-05    -0.0014411318     0.0023318366    -0.0021615145   -0.00055334106    9.1093825e-31   -1.6021766e-19    -9.156439e-20    6.1389473e-19             2944                1
    -0.0062040919    3.6585043e-06      0.002869112   -5.1904944e-06     -0.001834559   -0.00011807074    9.1093825e-31   -1.6021766e-19    -9.156439e-20    6.1389473e-19              677                0
    -0.0018825961    1.3008978e-05     0.0018734672    9.6955438e-05     0.0057174596    -0.0045078993    9.1093825e-31   -1.6021766e-19    -9.156439e-20    6.1389473e-19             3760                1
     0.0018156291    7.2679555e-05      0.012300329    -0.0020627726     0.0015402029     0.0016001292    9.1093825e-31   -1.6021766e-19    -9.156439e-20    6.1389473e-19             3432                1
     0.0014680697    8.4382315e-05     -0.013040621    2.8051551e-05     0.0099829668   -0.00041867423    9.1093825e-31   -1.6021766e-19    -9.156439e-20    6.1389473e-19             3500                1
      0.007888291    5.7848945e-05     0.0085502854   -0.00029486869   -0.00075902755     0.0012622635    9.1093825e-31   -1.6021766e-19    -9.156439e-20    6.1389473e-19              254                0
     0.0058353231    4.9825117e-05     0.0043800767   -0.00059222279    -0.0021280339   -0.00087993295    9.1093825e-31   -1.6021766e-19    -9.156439e-20    6.1389473e-19              270                0
     1.728692e-05    1.5116658e-05    -0.0013784599   -0.00024454147     0.0036075597     0.0001241126    9.1093825e-31   -1.6021766e-19    -9.156439e-20    6.1389473e-19             3702                1
     0.0020781294    7.6709774e-05      0.014667497    0.00011229261    -0.0073460331   -0.00013032883    9.1093825e-31   -1.6021766e-19    -9.156439e-20    6.1389473e-19             3737                1
     -0.001674008    6.3901825e-05     -0.012498052    -0.0046118665     0.0094416393   -0.00025402382    9.1093825e-31   -1.6021766e-19    -9.156439e-20    6.1389473e-19             3610                1
    -0.0012098599     4.212662e-05    -0.0086263325      0.010354912     0.0066487244    -0.0042207893    9.1093825e-31   -1.6021766e-19    -9.156439e-20    6.1389473e-19             3485                1
   -0.00060278957    2.4644743e-05     0.0068231542     0.0057996996     0.0014652796    -0.0045011165    9.1093825e-31   -1.6021766e-19    -9.156439e-20    6.1389473e-19             3683                1
     0.0010136648    7.5286152e-05    -0.0093064317     -0.004641355      0.011674991    -0.0030372113    9.1093825e-31   -1.6021766e-19    -9.156439e-20    6.1389473e-19             3640                1
     0.0085511645    2.5873901e-06      0.010208542    0.00027766914   -0.00052168121   -9.2275935e-05    9.1093825e-31   -1.6021766e-19    -9.156439e-20    6.1389473e-19              410                0
   -6.4362503e-05    7.4429972e-06     0.0039267931     0.0016561662     0.0053855721    -0.0035703424    9.1093825e-31   -1.6021766e-19    -9.156439e-20    6.1389473e-19             3782                1
     -0.001046406    4.8620019e-05     0.0059369998    -0.0029129395    -0.0071711829     0.0014041932    9.1093825e-31   -1.6021766e-19    -9.156439e-20    6.1389473e-19             3422                1
     0.0022637451    6.7858258e-05    -0.0091349585    -0.0069122156      0.010645754   -0.00076816994    9.1093825e-31   -1.6021766e-19    -9.156439e-20    6.1389473e-19             3643                1
    -0.0015600957    8.0033271e-05     -0.011289665    6.6075001e-05      0.012541576   -0.00018580235    9.1093825e-31   -1.6021766e-19    -9.156439e-20    6.1389473e-19             3656                1
     0.0016118998    9.7735108e-07     0.0025518734    -0.0021572241    -0.0092175668    -0.0048507345    9.1093825e-31   -1.6021766e-19    -9.156439e-20    6.1389473e-19             3458                1
    -0.0093915313    9.4740215e-05    -0.0066153673    0.00039090589    0.00013351963    0.00041476681    9.1093825e-31   -1.6021766e-19    -9.156439e-20    6.1389473e-19              192                0
    -0.0031525821    6.7478599e-05    -0.0017606213   -0.00012285588     0.0012095429    0.00030499598    9.1093825e-31   -1.6021766e-19    -9.156439e-20    6.1389473e-19             3282                1
    -0.0031887051    8.8937704e-05     -0.010283089    0.00091479713    -0.0066050189     0.0007413681    9.1093825e-31   -1.6021766e-19    -9.156439e-20    6.1389473e-19             3780                1
     0.0018200311    8.6329228e-06      0.012189465    -0.0020786203    -0.0093147615    -0.0014605654    9.1093825e-31   -1.6021766e-19    -9.156439e-20    6.1389473e-19             3473                1
     0.0035993012    1.3979444e-05     0.0035159306     0.0012162725    -0.0029969288     0.0021995225    9.1093825e-31   -1.6021766e-19    -9.156439e-20    6.1389473e-19              991                0
      0.001818169    3.8507274e-05    -0.0020162158     0.0054102549     0.0076542646    -0.0003109762    9.1093825e-31   -1.6021766e-19    -9.156439e-20    6.1389473e-19             3704                1
    -0.0090923449    1.2454492e-05    -0.0019953654     0.0011689083   -0.00031059948   -0.00095278089    9.1093825e-31   -1.6021766e-19    -9.156439e-20    6.1389473e-19              212                0
     0.0084525524    3.8995422e-06     0.0015073551    0.00023748644   -0.00069316855   -0.00082992978    9.1093825e-31   -1.6021766e-19    -9.156439e-20    6.1389473e-19              525                0
     0.0093364343    7.0192855e-06    -0.0092869885     0.0011459658    0.00020808152    -0.0014043975    9.1093825e-31   -1.6021766e-19    -9.156439e-20    6.1389473e-19              690                0
    -0.0016653681    4.2152864e-05      0.010491132     5.321046e-05    -0.0079758745     -2.26517e-05    9.1093825e-31   -1.6021766e-19    -9.156439e-20    6.1389473e-19             3507                1
    -0.0033771258    5.1478561e-05    -0.0098641068     0.0046504005     0.0078990236    4.7839234e-07    9.1093825e-31   -1.6021766e-19    -9.156439e-20    6.1389473e-19             3593                1
    -0.0086472435    2.8469996e-05    -0.0011392416    0.00089990697   -0.00062936149    0.00099271117    9.1093825e-31   -1.6021766e-19    -9.156439e-20    6.1389473e-19              750                0
     0.0013807722    4.1117608e-05      0.011532033     0.0021749046    -0.0082430029     0.0047433404    9.1093825e-31   -1.6021766e-19    -9.156439e-20    6.1389473e-19             3538                1
     0.0017993188    3.7176422e-05      0.012090988     0.0021457984     -0.011274047     0.0021078731    9.1093825e-31   -1.6021766e-19    -9.156439e-20    6.1389473e-19             3682                1
    -0.0004298127    1.3426868e-05    0.00025876964    -0.0025451311      0.002479377    -0.0028257922    9.1093825e-31   -1.6021766e-19    -9.156439e-20    6.1389473e-19             3687                1
     0.0034697156    7.0022807e-06      0.012751583     0.0022219298    -0.0036513337     0.0022817475    9.1093825e-31   -1.6021766e-19    -9.156439e-20    6.1389473e-19             2934                1
    -0.0057464372     5.347962e-05     0.0059122816     -0.001151108    -0.0018883358      0.001029377    9.1093825e-31   -1.6021766e-19    -9.156439e-20    6.1389473e-19              220                0
    0.00018726551    3.2737516e-05    -0.0010417819    0.00056584837     0.0048331893    0.00015932774    9.1093825e-31   -1.6021766e-19    -9.156439e-20    6.1389473e-19             3651                1
     0.0061553125    4.5133227e-05    -0.0085327355    -0.0027037098     0.0011722525   -0.00053941057    9.1093825e-31   -1.6021766e-19    -9.156439e-20    6.1389473e-19              931                0
    -0.0030953514    3.2169599e-05    -0.0019046004   -0.00064806128     0.0053723003    -0.0014176351    9.1093825e-31   -1.6021766e-19    -9.156439e-20    6.1389473e-19             3667                1
    -0.0026392934    2.6228661e-05     0.0069173016   -0.00047369773      0.010625364   -0.00040462994    9.1093825e-31   -1.6021766e-19    -9.156439e-20    6.1389473e-19             3758                1
     0.0014103623    6.8755021e-06    -0.0033576915   -0.00037692982     0.0027176067     0.0010433522    9.1093825e-31   -1.6021766e-19    -9.156439e-20    6.1389473e-19             3678                1
    -0.0020439809    2.8932485e-05     0.0063795242     0.0023662804     -0.010190826    -0.0033180423    9.1093825e-31   -1.6021766e-19    -9.156439e-20    6.1389473e-19             3625                1
   -0.00068768824    4.4204524e-05    -0.0078835031    8.4151514e-05      0.009305588   -0.00043327527    9.1093825e-31   -1.6021766e-19    -9.156439e-20    6.1389473e-19             3696                1
     0.0058422429    1.4502612e-05     -0.003153702    -0.0010812314   -0.00049712264    -0.0022775186    9.1093825e-31   -1.6021766e-19    -9.156439e-20    6.1389473e-19              256                0
   -0.00073530374    6.5945234e-05     -0.008409366     1.927945e-06     0.0086260401    5.3462714e-05    9.1093825e-31   -1.6021766e-19    -9.156439e-20    6.1389473e-19             3517                1
    0.00030249535    6.3633983e-05      0.012309205     0.0030622045     -0.006426875     0.0028116852    9.1093825e-31   -1.6021766e-19    -9.156439e-20    6.1389473e-19             3553                1
    0.00044958032    5.8228266e-05    -0.0087157628    -0.0027593377     0.0092937145     0.0055013318    9.1093825e-31   -1.6021766e-19    -9.156439e-20    6.1389473e-19             3609                1
      0.003571613    4.1529773e-05     0.0091100847     0.0073247119    -0.0075150686    -0.0017273962    9.1093825e-31   -1.6021766e-19    -9.156439e-20    6.1389473e-19             3483                1
    -0.0093474882    8.3739054e-05     0.0020633528    -0.0022439505    6.7519781e-05    -0.0018363204    9.1093825e-31   -1.6021766e-19    -9.156439e-20    6.1389473e-19              978                0
    -0.0015971477    9.4188108e-05     -0.012367821    -0.0011771965   -0.00047974937      0.002151926    9.1093825e-31   -1.6021766e-19    -9.156439e-20    6.1389473e-19             3735                1
     0.0093878107    2.1462914e-05    0.00090079056     0.0014193198   -0.00062414893   -0.00017840964    9.1093825e-31   -1.6021766e-19    -9.156439e-20    6.1389473e-19              637                0
     0.0032142412    7.0691473e-05      0.013991937    -0.0013513912    -0.0088296793     0.0011638005    9.1093825e-31   -1.6021766e-19    -9.156439e-20    6.1389473e-19             3738                1
    -0.0012123182    3.2778458e-05     0.0060717966   -0.00011387393    -0.0087522985     0.0014838222    9.1093825e-31   -1.6021766e-19    -9.156439e-20    6.1389473e-19             3515                1
     0.0046649785    8.0833655e-05     0.0022488462   -0.00067528227    -0.0020922259     0.0011533746    9.1093825e-31   -1.6021766e-19    -9.156439e-20    6.1389473e-19              229                0
    -0.0012738574    8.5643725e-05    -0.0085460404    -9.749701e-05     0.0098826084    0.00040246631    9.1093825e-31   -1.6021766e-19    -9.156439e-20    6.1389473e-19             3497                1
    -0.0084990487    3.1580621e-05      -0.00149058    0.00079843879   -0.00062338897   -0.00040299358    9.1093825e-31   -1.6021766e-19    -9.156439e-20    6.1389473e-19              894                0
     0.0075742742      9.16883e-05     0.0055003781   -0.00099845417    -0.0009744608     0.0030266666    9.1093825e-31   -1.6021766e-19    -9.156439e-20    6.1389473e-19              219                0
     0.0080324709    2.4462846e-05    -0.0029660666     0.0016744115    -0.0006266007      0.002310151    9.1093825e-31   -1.6021766e-19    -9.156439e-20    6.1389473e-19              309                0
    -0.0089609083    6.5754604e-05      0.011172956   -0.00023679227   -7.4937743e-05    -0.0006047262    9.1093825e-31   -1.6021766e-19    -9.156439e-20    6.1389473e-19              329                0
    -0.0016979944    7.5775672e-05      0.010486159    -0.0023707086    -0.0054752734   -0.00039846651    9.1093825e-31   -1.6021766e-19    -9.156439e-20    6.1389473e-19             3508                1
     0.0089691551    6.1225481e-05     0.0080707734    -0.0010049772   -0.00032292289     0.0016580735    9.1093825e-31   -1.6021766e-19    -9.156439e-20    6.1389473e-19              369                0
    -0.0012013786    1.8665207e-05      0.006652005   -0.00079744565    0.00077735918    9.2487535e-05    9.1093825e-31   -1.6021766e-19    -9.156439e-20    6.1389473e-19             3684                1
     -0.001630296    4.8944519e-05     -0.012434375    -0.0050332844     0.0071140383    -0.0033827773    9.1093825e-31   -1.6021766e-19    -9.156439e-20    6.1389473e-19             3439                1
    -0.0013922738    5.6479788e-05      0.011156405    0.00021638075    -0.0085052773    0.00076329726    9.1093825e-31   -1.6021766e-19    -9.156439e-20    6.1389473e-19             3676                1
     0.0014434411    3.7419388e-05      0.011381322    -0.0046877647    -0.0096643977     0.0014938097    9.1093825e-31   -1.6021766e-19    -9.156439e-20    6.1389473e-19             3613                1
   -0.00040691957    5.4721058e-05    -0.0083001144    0.00022291383     0.0092420802    -0.0022327558    9.1093825e-31   -1.6021766e-19    -9.156439e-20    6.1389473e-19             3633                1
     0.0017721743    7.2762159e-05      0.012058215     -0.003349432    -0.0052554482    -0.0023063174    9.1093825e-31   -1.6021766e-19    -9.156439e-20    6.1389473e-19             3512                1
    -0.0041600787     5.365755e-05    -0.0096903965    -0.0082659824     0.0078338329    0.00011474673    9.1093825e-31   -1.6021766e-19    -9.156439e-20    6.1389473e-19             3589                1
     0.0072091711    6.1735314e-05     0.0008047478     -0.001515738   -0.00073486258   -0.00085187686    9.1093825e-31   -1.6021766e-19    -9.156439e-20    6.1389473e-19              476                0
    -0.0048194798    5.3326163e-05     -0.012875901     0.0013088039     0.0025488059    -0.0016438856    9.1093825e-31   -1.6021766e-19    -9.156439e-20    6.1389473e-19              549                0
   -0.00081763254    9.6530719e-05      0.010242672     0.0026143806    -0.0021282572    0.00071713142    9.1093825e-31   -1.6021766e-19    -9.156439e-20    6.1389473e-19              569                0
    -0.0016027408    8.1829028e-05     -0.012381637    -0.0025545338    -0.0035245679    -0.0012538809    9.1093825e-31   -1.6021766e-19    -9.156439e-20    6.1389473e-19             3734                1
     0.0015543964    3.9179369e-05     0.0072785835   -0.00066842366    -0.0075296732    -0.0031919447    9.1093825e-31   -1.6021766e-19    -9.156439e-20    6.1389473e-19             3416                1
   -0.00018316301     3.995714e-05      0.013772107    -0.0036753819     -0.010362956    0.00096366421    9.1093825e-31   -1.6021766e-19    -9.156439e-20    6.1389473e-19             3668                1
     0.0014353491     5.898963e-05    -0.0033753628     0.0029860793     0.0097416863    -0.0013279116    9.1093825e-31   -1.6021766e-19    -9.156439e-20    6.1389473e-19             3677                1
    -0.0077250623    4.6207075e-05     0.0039430172     0.0011610677     -0.001066067    0.00098710472    9.1093825e-31   -1.6021766e-19    -9.156439e-20    6.1389473e-19              934                0
    -0.0008563539     4.785047e-05    -0.0083604986    -0.0012478366     0.0092391353    -0.0020224983    9.1093825e-31   -1.6021766e-19    -9.156439e-20    6.1389473e-19             3680                1
     0.0014986808    1.8295823e-05      0.011429743    -0.0014236415    -0.0099135032      0.003017334    9.1093825e-31   -1.6021766e-19    -9.156439e-20    6.1389473e-19             3527                1
     0.0012067689    5.2791071e-05    -0.0065478389     0.0073985332     0.0079709021   -0.00051273772    9.1093825e-31   -1.6021766e-19    -9.156439e-20    6.1389473e-19             3590                1
     0.0016764583    3.0325031e-05     -0.012827302   -0.00024633631     0.0050969138     0.0001732157    9.1093825e-31   -1.6021766e-19    -9.156439e-20    6.1389473e-19             3329                1
      -0.00140658    2.8549701e-05      0.011119142    -0.0016219749     0.0085621802     0.0031020346    9.1093825e-31   -1.6021766e-19    -9.156439e-20    6.1389473e-19             3749                1
     0.0012137982    7.3037409e-05    -0.0069384752    -0.0011930115       0.01079546     0.0014341045    9.1093825e-31   -1.6021766e-19    -9.156439e-20    6.1389473e-19             3624                1
     0.0054534841    1.9561981e-05     0.0022326557    0.00060889591      -0.00217182     0.0025738068    9.1093825e-31   -1.6021766e-19    -9.156439e-20    6.1389473e-19               20                0
    0.00058347912    4.3499025e-05     0.0002306776   -0.00068926101     0.0075573912    -0.0010846385    9.1093825e-31   -1.6021766e-19    -9.156439e-20    6.1389473e-19             3698                1
    -0.0012335408    8.9551271e-05     -0.012507881    -0.0013479706     0.0091293631    0.00095146109    9.1093825e-31   -1.6021766e-19    -9.156439e-20    6.1389473e-19             3414                1
    -0.0012373913    1.8279217e-05     0.0060818288    -0.0014244905     0.0070248684   -0.00061646721    9.1093825e-31   -1.6021766e-19    -9.156439e-20    6.1389473e-19             3755                1
     0.0015639131     4.567123e-05     -0.005216707    -0.0002066688     0.0067651654   -0.00030452345    9.1093825e-31   -1.6021766e-19    -9.156439e-20    6.1389473e-19             3585                1
     0.0011049705    2.8661012e-05    -0.0094666518   -4.9152481e-05     0.0058466857    -0.0018503445    9.1093825e-31   -1.6021766e-19    -9.156439e-20    6.1389473e-19             3474                1
     0.0048780828    8.3810795e-05    -0.0032673341    0.00089570734     0.0022695207     0.0028387345    9.1093825e-31   -1.6021766e-19    -9.156439e-20    6.1389473e-19             3169                1
     0.0034124677      6.91798e-06    -0.0076139257    0.00011796139    -0.0004550232   -0.00027436938    9.1093825e-31   -1.6021766e-19    -9.156439e-20    6.1389473e-19             2921                1
     0.0059856516    7.5802309e-05       0.01207275   -0.00064228306    -0.0007435953     0.0020718973    9.1093825e-31   -1.6021766e-19    -9.156439e-20    6.1389473e-19              280                0
     0.0001271668    1.6050913e-05    -0.0011519677     -0.001237917     0.0024990847   -0.00022523894    9.1093825e-31   -1.6021766e-19    -9.156439e-20    6.1389473e-19             3621                1
     0.0013759118    6.0412051e-05    -0.0088489139    -0.0024597975     0.0087492242    -0.0030066168    9.1093825e-31   -1.6021766e-19    -9.156439e-20    6.1389473e-19             3547                1
     0.0014491458     7.868083e-05    -0.0088885212    -0.0019887658      0.011466221    -0.0008071388    9.1093825e-31   -1.6021766e-19    -9.156439e-20    6.1389473e-19             3615                1
     0.0011171266     1.635883e-05     0.0057973592     0.0031493022     0.0062893303     0.0056868959    9.1093825e-31   -1.6021766e-19    -9.156439e-20    6.1389473e-19             3756                1
     0.0028811081     7.540721e-05     0.0099195316    0.00039169739     -0.001910223   -0.00023586935    9.1093825e-31   -1.6021766e-19    -9.156439e-20    6.1389473e-19              177                0
    -0.0019492256    1.9571306e-05     0.0064459699     0.0040653655     -0.010493767    -0.0029303557    9.1093825e-31   -1.6021766e-19    -9.156439e-20    6.1389473e-19             3586                1
     0.0020486752    4.6806206e-05      0.010628202     0.0015453665    -0.0077098068   -0.00069092569    9.1093825e-31   -1.6021766e-19    -9.156439e-20    6.1389473e-19             3524                1
    -0.0031938211    9.3078801e-05     -0.010283846    -0.0023153992     -0.003991053    0.00026379005    9.1093825e-31   -1.6021766e-19    -9.156439e-20    6.1389473e-19             3779                1
    -0.0082623735    1.8807292e-05     0.0034183776     0.0009581832    -0.0010294251    -0.0031896397    9.1093825e-31   -1.6021766e-19    -9.156439e-20    6.1389473e-19              184                0
    -0.0019522272     7.787456e-05     0.0039774179    -0.0014181049    -0.0031534068    9.4850584e-05    9.1093825e-31   -1.6021766e-19    -9.156439e-20    6.1389473e-19              699                0
      0.002366622    9.8173623e-05    -0.0075834179     0.0018267619      0.014142574    0.00055378734    9.1093825e-31   -1.6021766e-19    -9.156439e-20    6.1389473e-19             3646                1
    -0.0012709358    2.0978294e-05     0.0065858611     0.0040855943     0.0027612015    0.00099557824    9.1093825e-31   -1.6021766e-19    -9.156439e-20    6.1389473e-19             3711                1
    -0.0085951108    3.1373824e-05     0.0020943729     0.0004262251   -0.00064661406   -0.00017240531    9.1093825e-31   -1.6021766e-19    -9.156439e-20    6.1389473e-19              264                0
     0.0051078075    2.5341766e-05    0.00019786629      0.000266049    -0.0019541611     -0.001274703    9.1093825e-31   -1.6021766e-19    -9.156439e-20    6.1389473e-19              284                0
    -0.0018069238    9.1048059e-05      0.010574218     0.0034463196    -0.0048125009    7.8111325e-06    9.1093825e-31   -1.6021766e-19    -9.156439e-20    6.1389473e-19             3764                1
    -0.0014347135    6.1712497e-05     -0.008025215     0.0058078342       0.01047737    0.00018729916    9.1093825e-31   -1.6021766e-19    -9.156439e-20    6.1389473e-19             3657                1
     0.0040293578    5.3740994e-05    -0.0067905146    -0.0033596822    -0.0011191613    0.00024871583    9.1093825e-31   -1.6021766e-19    -9.156439e-20    6.1389473e-19             3523                1
   -0.00076407305    3.2968357e-05    -0.0028699888    -0.0075527369    -0.0039887703   -3.7904691e-05    9.1093825e-31   -1.6021766e-19    -9.156439e-20    6.1389473e-19             3498                1
   -0.00099477184    6.4869123e-06    -0.0020916325   -8.3308965e-05    -0.0017251262    0.00019001345    9.1093825e-31   -1.6021766e-19    -9.156439e-20    6.1389473e-19              384                0
    -0.0009269584    3.4668898e-05    -0.0084435297   -0.00013023253     0.0062485305    0.00034111773    9.1093825e-31   -1.6021766e-19    -9.156439e-20    6.1389473e-19             3514                1
    -0.0033278002    5.5229752e-06     0.0062488741    -0.0010015268     0.0035568215    -0.0045684404    9.1093825e-31   -1.6021766e-19    -9.156439e-20    6.1389473e-19             3781                1
    -0.0092199314    5.0544841e-05   -0.00040029027    1.1177404e-05   -0.00036584062    0.00067075813    9.1093825e-31   -1.6021766e-19    -9.156439e-20    6.1389473e-19              444                0
    -0.0059219468     1.139511e-05    -0.0020393697    0.00017865746   -0.00082941662    -0.0010531042    9.1093825e-31   -1.6021766e-19    -9.156439e-20    6.1389473e-19              464                0
    -0.0037270328     2.456907e-05      0.011686382    0.00029163132    0.00035859266   -0.00042235246    9.1093825e-31   -1.6021766e-19    -9.156439e-20    6.1389473e-19             3644                1
     0.0056548095     9.582183e-05     0.0093942406     0.0016085474   -0.00096384692     0.0017078784    9.1093825e-31   -1.6021766e-19    -9.156439e-20    6.1389473e-19             1322                1
     0.0026699519    7.7494427e-05      0.012197336    -0.0013266166     -0.004424538    -0.0016189069    9.1093825e-31   -1.6021766e-19    -9.156439e-20    6.1389473e-19             3466                1
     0.0011334555    7.4976074e-06     0.0077094915   -0.00086764834     0.0093287947    0.00028836538    9.1093825e-31   -1.6021766e-19    -9.156439e-20    6.1389473e-19             3792                1
      0.008381634    5.3270909e-05    -0.0038039486   -0.00064527569      0.000143636    0.00088327943    9.1093825e-31   -1.6021766e-19    -9.156439e-20    6.1389473e-19              564                0
     0.0011193077     3.081578e-05     -0.006433208    -0.0021383103     0.0060799005     0.0040671672    9.1093825e-31   -1.6021766e-19    -9.156439e-20    6.1389473e-19             3614                1
     0.0031812685    5.1917061e-05      0.014024669     0.0026962443    -0.0080297068    -0.0027775823    9.1093825e-31   -1.6021766e-19    -9.156439e-20    6.1389473e-19             3653                1
     0.0017405816    5.4617482e-05    -0.0030004459   -9.5430041e-05      0.007094563   -0.00026859331    9.1093825e-31   -1.6021766e-19    -9.156439e-20    6.1389473e-19             3602                1
     0.0011068069    2.2577231e-05     0.0059761102   -0.00019484914    -0.0086966278       0.01091105    9.1093825e-31   -1.6021766e-19    -9.156439e-20    6.1389473e-19             3429                1
      -0.00682102    8.9044617e-05    0.00081635773    0.00020152502   -0.00085553195   -8.8504166e-05    9.1093825e-31   -1.6021766e-19    -9.156439e-20    6.1389473e-19              664                0
    -0.0035007859    7.3370771e-05    -0.0099559044   -0.00023506224      0.011694291    0.00035196397    9.1093825e-31   -1.6021766e-19    -9.156439e-20    6.1389473e-19             3662                1
     0.0033828116    5.6472862e-05     0.0046029482   -0.00017795633     -0.002795272    -0.0018755663    9.1093825e-31   -1.6021766e-19    -9.156439e-20    6.1389473e-19              704                0
    -0.0042513362    3.8479386e-05      -0.01198872    -0.0006863263     0.0075757615    -0.0010972876    9.1093825e-31   -1.6021766e-19    -9.156439e-20    6.1389473e-19             3701                1
    0.00022783192    9.5024086e-07    0.00012444153    -0.0078294212    0.00022947145    8.8022258e-05    9.1093825e-31   -1.6021766e-19    -9.156439e-20    6.1389473e-19             3622                1
     0.0024033303    5.4501274e-05    -0.0092813261   -0.00049158186     0.0066682468     0.0005449279    9.1093825e-31   -1.6021766e-19    -9.156439e-20    6.1389473e-19             3435                1
    -0.0066025145     6.504741e-05      -0.01085148    0.00095989078     0.0011760201    0.00099943718    9.1093825e-31   -1.6021766e-19    -9.156439e-20    6.1389473e-19              125                0
    -0.0050264671    9.9600547e-05      0.013403494    0.00092285435   -6.3146224e-05    0.00043360496    9.1093825e-31   -1.6021766e-19    -9.156439e-20    6.1389473e-19              804                0
   -0.00097845378    9.9160483e-05    -0.0038884615    -0.0054380144    -0.0020052802    -0.0036952195    9.1093825e-31   -1.6021766e-19    -9.156439e-20    6.1389473e-19             3797                1
    0.00045005433    9.5226123e-06     0.0003006811   -1.1433418e-05     0.0020865658   -0.00019121921    9.1093825e-31   -1.6021766e-19    -9.156439e-20    6.1389473e-19             3699                1
    -0.0012873999    2.7677617e-05     0.0066118236     0.0009480415     0.0040388014     0.0059427191    9.1093825e-31   -1.6021766e-19    -9.156439e-20    6.1389473e-19             3712                1
    -0.0014413367    7.1879113e-06     -0.006535253     0.0010813662     0.0048802332    -0.0010859651    9.1093825e-31   -1.6021766e-19    -9.156439e-20    6.1389473e-19             3774                1
   -0.00089071353    7.7962213e-05     0.0069667809   -0.00082307257    -0.0064799488    -0.0038600767    9.1093825e-31   -1.6021766e-19    -9.156439e-20    6.1389473e-19             3736                1
     0.0012566312    8.4079002e-05      0.011498326    0.00020054127    -0.0018478241     0.0015547778    9.1093825e-31   -1.6021766e-19    -9.156439e-20    6.1389473e-19             2668                1
      0.001303428    1.6497519e-05      0.011373257     0.0020738321     -0.013435551   -0.00077627291    9.1093825e-31   -1.6021766e-19    -9.156439e-20    6.1389473e-19             3660                1
    0.00054301973    7.7182172e-05     -0.011852071    4.1808838e-05      0.003431929    0.00023346372    9.1093825e-31   -1.6021766e-19    -9.156439e-20    6.1389473e-19              958                0
     0.0010737588    7.8985788e-05    -0.0095910039     0.0033670617      0.009941333    -0.0012293868    9.1093825e-31   -1.6021766e-19    -9.156439e-20    6.1389473e-19             3520                1
    -0.0067603169    9.2116214e-05      0.012290462    0.00030862185   -0.00031917292    0.00066826289    9.1093825e-31   -1.6021766e-19    -9.156439e-20    6.1389473e-19              988                0
    -0.0025184988    5.3665815e-05    -0.0018308456    -0.0029800141    -0.0046101687    0.00034032896    9.1093825e-31   -1.6021766e-19    -9.156439e-20    6.1389473e-19             3658                1
   -4.6581546e-05    2.2358319e-05     0.0042590322     0.0002777109    -0.0082746437   -0.00018214421    9.1093825e-31   -1.6021766e-19    -9.156439e-20    6.1389473e-19             3412                1
     0.0019203486     6.948338e-05      0.012122933    0.00065500155    -0.0066031967   -0.00011723489    9.1093825e-31   -1.6021766e-19    -9.156439e-20    6.1389473e-19             3671                1
     0.0033764951    5.3755295e-05      0.012661305   -0.00027979005    -0.0068453397     -0.001583292    9.1093825e-31   -1.6021766e-19    -9.156439e-20    6.1389473e-19             3564                1
     0.0017239344    6.3067637e-05    -0.0029849317    -0.0017775029     0.0079422118     0.0012994541    9.1093825e-31   -1.6021766e-19    -9.156439e-20    6.1389473e-19             3603                1
     0.0029988294    3.7307196e-05     -0.004516976     0.0022572093     0.0087801823     -0.002758801    9.1093825e-31   -1.6021766e-19    -9.156439e-20    6.1389473e-19             3715                1
    0.00089565158    4.6278095e-05     0.0026032326     0.0038521243    -0.0064685834    -0.0047724363    9.1093825e-31   -1.6021766e-19    -9.156439e-20    6.1389473e-19             3552                1
   -5.6047265e-05    6.3101717e-05      0.013831006     0.0048295027    -0.0053124642     0.0039437632    9.1093825e-31   -1.6021766e-19    -9.156439e-20    6.1389473e-19             3502                1
     0.0010884412    3.2218239e-05      0.011382826    -0.0017216149     -0.010530054    -0.0024926958    9.1093825e-31   -1.6021766e-19    -9.156439e-20    6.1389473e-19             3626                1
     -0.002468389     2.021882e-05     0.0061658579      0.001289528    -0.0033711579    0.00040793273    9.1093825e-31   -1.6021766e-19    -9.156439e-20    6.1389473e-19              485                0
   -4.8301321e-05    5.0044987e-06     0.0035299913     -0.005326862     -0.010213085    -0.0052413922    9.1093825e-31   -1.6021766e-19    -9.156439e-20    6.1389473e-19             3529                1
     0.0016964347     4.535271e-05       0.01130641    -0.0039210957     -0.009014477      0.001500287    9.1093825e-31   -1.6021766e-19    -9.156439e-20    6.1389473e-19             3627                1
   -9.6398171e-06    7.8143756e-05      0.013775573    -0.0028106032     -0.005860873     0.0020915305    9.1093825e-31   -1.6021766e-19    -9.156439e-20    6.1389473e-19             3705                1
     0.0013954596    6.7699053e-05     -0.008601496   -0.00046814253      0.010061048    8.0144382e-05    9.1093825e-31   -1.6021766e-19    -9.156439e-20    6.1389473e-19             3599                1
    -0.0041860552     9.098764e-05     -0.012197774     0.0047492022     -0.003589781    0.00021768024    9.1093825e-31   -1.6021766e-19    -9.156439e-20    6.1389473e-19             3761                1
    -0.0016503959    5.6197582e-06     -0.011187933    -0.0035309906   -0.00042282621    0.00081184384    9.1093825e-31   -1.6021766e-19    -9.156439e-20    6.1389473e-19             3137                1
     0.0014674335    1.5670111e-06      0.011376169    0.00020492887     -0.012118124    -7.836819e-05    9.1093825e-31   -1.6021766e-19    -9.156439e-20    6.1389473e-19             3561                1
    -0.0019241096    1.8190201e-05     0.0019675044   -1.2766558e-05      0.005193064     0.0004832008    9.1093825e-31   -1.6021766e-19    -9.156439e-20    6.1389473e-19             3739                1
    -0.0015938148    7.7788885e-05     -0.012446842     9.070598e-05     0.0087047294   -0.00096126425    9.1093825e-31   -1.6021766e-19    -9.156439e-20    6.1389473e-19             3431                1
     0.0010685575    5.9176495e-05     0.0077740173    -0.0012817648    -0.0076940199   -1.9404399e-05    9.1093825e-31   -1.6021766e-19    -9.156439e-20    6.1389473e-19             3663                1
     0.0023524701    1.5585108e-05    -0.0091440864     0.0018897457     0.0055325823    -0.0019132645    9.1093825e-31   -1.6021766e-19    -9.156439e-20    6.1389473e-19             3741                1
     0.0017339459    7.9283433e-05      0.006817631     0.0002272897    6.7887479e-05    0.00060145912    9.1093825e-31   -1.6021766e-19    -9.156439e-20    6.1389473e-19             3409                1
    -0.0029378671    4.3468357e-05     -0.014569553   -4.1401046e-05     0.0029538553    -0.0013783161    9.1093825e-31   -1.6021766e-19    -9.156439e-20    6.1389473e-19              422                0
    -0.0013981425    9.3806622e-05     -0.008410844    0.00066454336     -0.010257946   -2.6794127e-05    9.1093825e-31   -1.6021766e-19    -9.156439e-20    6.1389473e-19             3794                1
     0.0014995898    1.1740283e-05      0.011376026     0.0035112114    -0.0094779246    0.00057068083    9.1093825e-31   -1.6021766e-19    -9.156439e-20    6.1389473e-19             3475                1
    -0.0010613247    5.2507323e-05     0.0060348897    0.00056044111    -0.0015880959    -0.0025815815    9.1093825e-31   -1.6021766e-19    -9.156439e-20    6.1389473e-19             3396                1
    -0.0044827829    9.6728312e-05      0.010416337    -0.0029084655    -0.0012600851     0.0010077949    9.1093825e-31   -1.6021766e-19    -9.156439e-20    6.1389473e-19              687                0
   -0.00093989918    2.6411009e-05     0.0059271837     0.0030858752    -0.0087117217    0.00049478392    9.1093825e-31   -1.6021766e-19    -9.156439e-20    6.1389473e-19             3452                1
     1.380851e-05    7.1554268e-06     0.0043514315     0.0027136812      0.003749562   -0.00081545574    9.1093825e-31   -1.6021766e-19    -9.156439e-20    6.1389473e-19             3769                1
     0.0010227134    2.1656224e-05    -0.0096165491     -0.003780796     0.0058868551    0.00041855438    9.1093825e-31   -1.6021766e-19    -9.156439e-20    6.1389473e-19             3709                1
      0.005374786    3.8230974e-05     0.0032534108      0.000257537    -0.0023086879    -0.0007036301    9.1093825e-31   -1.6021766e-19    -9.156439e-20    6.1389473e-19              581                0
    -0.0013898914    5.3578566e-05    -0.0084721558   -9.8890669e-06     0.0091540562    1.3264859e-05    9.1093825e-31   -1.6021766e-19    -9.156439e-20    6.1389473e-19             3641                1
    -0.0015405178    5.8582154e-05    -0.0083214846    -0.0017229069     0.0086844629    0.00024146267    9.1093825e-31   -1.6021766e-19    -9.156439e-20    6.1389473e-19             3565                1
      0.001387276    6.7776709e-05     0.0015601024   -8.3544212e-05    -0.0027598187    -0.0016341081    9.1093825e-31   -1.6021766e-19    -9.156439e-20    6.1389473e-19              641                0
   -0.00092984986    5.3618314e-05     -0.002911991    0.00051046559     0.0072585214    -0.0019937984    9.1093825e-31   -1.6021766e-19    -9.156439e-20    6.1389473e-19             3618                1
    0.00080408645    3.0291583e-06     0.0059290957     0.0033838465       0.01018375     0.0057146624    9.1093825e-31   -1.6021766e-19    -9.156439e-20    6.1389473e-19             3802                1
    -0.0016863955    8.7361674e-05     -0.011128161    -0.0027793476    -0.0071128849    -0.0037468716    9.1093825e-31   -1.6021766e-19    -9.156439e-20    6.1389473e-19             3777                1
    -0.0029560796    9.0653368e-05     -0.010340543   -4.5810066e-05    -0.0048037278   -0.00013121941    9.1093825e-31   -1.6021766e-19    -9.156439e-20    6.1389473e-19             3771                1
     0.0025272828     7.540224e-05    -0.0076674893     0.0014119211     0.0092507331     0.0033715956    9.1093825e-31   -1.6021766e-19    -9.156439e-20    6.1389473e-19             3534                1
    -0.0004053236    8.0033555e-05    -0.0082834801    0.00040210932         0.012079   -0.00035961211    9.1093825e-31   -1.6021766e-19    -9.156439e-20    6.1389473e-19             3634                1
    -0.0013272492    1.0007854e-05     0.0055592698    -0.0047511309     0.0022913618     0.0023468365    9.1093825e-31   -1.6021766e-19    -9.156439e-20    6.1389473e-19             3743                1
    0.00025412295    6.4848464e-05    -0.0087868879    -0.0004609657     0.0099078063    0.00027755814    9.1093825e-31   -1.6021766e-19    -9.156439e-20    6.1389473e-19             3604                1
     0.0094194505    4.4303903e-05    -0.0041117892    0.00047688914   -0.00029353489     0.0016114177    9.1093825e-31   -1.6021766e-19    -9.156439e-20    6.1389473e-19              821                0
    -0.0018091745     8.271893e-07     0.0018865872    -0.0037003872     0.0028176988    -0.0012257948    9.1093825e-31   -1.6021766e-19    -9.156439e-20    6.1389473e-19             3801                1
    -0.0013963631    3.6755464e-05      0.011134946    0.00080896815    -0.0088806273     0.0035724482    9.1093825e-31   -1.6021766e-19    -9.156439e-20    6.1389473e-19             3546                1
     0.0019768311    2.7543103e-05     -0.012656399   -0.00039701836     0.0056850468    -0.0034311526    9.1093825e-31   -1.6021766e-19    -9.156439e-20    6.1389473e-19             3669                1
    -0.0018358312    1.6797232e-05     0.0020016662     0.0022299066     0.0050749322    0.00028166277    9.1093825e-31   -1.6021766e-19    -9.156439e-20    6.1389473e-19             3744                1
     0.0026928992    3.7410842e-05      0.012213731    0.00021637267    -0.0071145329   -0.00050945114    9.1093825e-31   -1.6021766e-19    -9.156439e-20    6.1389473e-19             3467                1
    -0.0052147731    1.7680393e-05      -0.01082552    -0.0031096144    0.00039112213    0.00044301644    9.1093825e-31   -1.6021766e-19    -9.156439e-20    6.1389473e-19             2846                1
    -0.0013164512    7.5216543e-05     -0.012604565    -0.0092266332    -0.0019338911    -0.0022597737    9.1093825e-31   -1.6021766e-19    -9.156439e-20    6.1389473e-19             3693                1
   -0.00084187725    7.3831368e-05    -0.0084971758    0.00029446487    -0.0033208681   -0.00054111268    9.1093825e-31   -1.6021766e-19    -9.156439e-20    6.1389473e-19             3718                1
   -0.00094958331    8.7842716e-05    -0.0083660353    -0.0013716377      0.013023963    -0.0028107141    9.1093825e-31   -1.6021766e-19    -9.156439e-20    6.1389473e-19             3636                1
     0.0017970796    8.8968472e-06     0.0072686672    -0.0001247031     0.0079934653   -0.00012812187    9.1093825e-31   -1.6021766e-19    -9.156439e-20    6.1389473e-19             3787                1
    -0.0033420257    6.9667949e-05    -0.0099016139     0.0022423838     0.0081682215   -0.00099019287    9.1093825e-31   -1.6021766e-19    -9.156439e-20    6.1389473e-19             3470                1
   -0.00084393338     9.662185e-05    -0.0084073674   -0.00024322684    -0.0011519492      0.002205824    9.1093825e-31   -1.6021766e-19    -9.156439e-20    6.1389473e-19             3770                1
    0.00027813631    5.2852083e-05    -0.0088640759   -0.00056861067     0.0076924143    -0.0046790959    9.1093825e-31   -1.6021766e-19    -9.156439e-20    6.1389473e-19             3503                1
     0.0040057879    2.3727449e-05     0.0010054066    -0.0015241551    -0.0025797545     -0.001508317    9.1093825e-31   -1.6021766e-19    -9.156439e-20    6.1389473e-19              118                0
     0.0014724735    8.2364451e-05    -0.0088953665   -0.00032652993      0.010615178    -0.0013828115    9.1093825e-31   -1.6021766e-19    -9.156439e-20    6.1389473e-19             3550                1
    -0.0093962336    4.1192015e-05    -0.0036082745    0.00051620038    9.7374643e-05    0.00042811877    9.1093825e-31   -1.6021766e-19    -9.156439e-20    6.1389473e-19              158                0
     0.0015142147    5.1592374e-06     0.0024669059    -0.0018611596     0.0018944598     0.0022144951    9.1093825e-31   -1.6021766e-19    -9.156439e-20    6.1389473e-19             3750                1
    -0.0025110231    7.9876663e-05    0.00075373345   -0.00080199074     0.0095230509    0.00094273337    9.1093825e-31   -1.6021766e-19    -9.156439e-20    6.1389473e-19             3649                1
    -0.0031891505    4.6644589e-05     0.0065666805     0.0021110009    -0.0069125844     0.0046154335    9.1093825e-31   -1.6021766e-19    -9.156439e-20    6.1389473e-19             3441                1
    -0.0010649399    2.7894157e-05     -0.005792635    -0.0053554005     0.0065409993   -0.00023141273    9.1093825e-31   -1.6021766e-19    -9.156439e-20    6.1389473e-19             3695                1
     0.0068483385    7.7624041e-05     -0.013498583    -0.0004455208     0.0017678094    0.00094275887    9.1093825e-31   -1.6021766e-19    -9.156439e-20    6.1389473e-19              213                0
     0.0018089069    9.7410149e-05     -0.012440789     0.0022038745      -0.00649607    -0.0060800109    9.1093825e-31   -1.6021766e-19    -9.156439e-20    6.1389473e-19             3798                1
   -0.00095965108    5.9396289e-06     0.0059603089     0.0019827462    -0.0095854243     0.0027268163    9.1093825e-31   -1.6021766e-19    -9.156439e-20    6.1389473e-19             3423                1
    -0.0028908828    5.6806482e-05    -0.0057994202   -0.00088154193     0.0090914667    -0.0028277359    9.1093825e-31   -1.6021766e-19    -9.156439e-20    6.1389473e-19             3650                1
    0.00022196308    2.0277954e-05      0.012351354    -0.0028488699    -0.0075460291    0.00049491727    9.1093825e-31   -1.6021766e-19    -9.156439e-20    6.1389473e-19             3437                1
   -0.00066333544    6.2475512e-05    -0.0079768645    1.6773389e-06      0.010623316   -6.1159626e-05    9.1093825e-31   -1.6021766e-19    -9.156439e-20    6.1389473e-19             3659                1
    -0.0011036801    5.4056582e-05     0.0057853526   -0.00031567886    -0.0079133632   -3.0616076e-05    9.1093825e-31   -1.6021766e-19    -9.156439e-20    6.1389473e-19             3672                1
    -0.0013720442    2.2492773e-05    -0.0084429951      0.002038552     0.0055803829     0.0033530216    9.1093825e-31   -1.6021766e-19    -9.156439e-20    6.1389473e-19             3642                1
        0.0015763    1.4473101e-05     0.0024997836     0.0037136599    -0.0084789656     0.0022379411    9.1093825e-31   -1.6021766e-19    -9.156439e-20    6.1389473e-19             3479                1
     -0.001280187     8.457373e-05     -0.014148682    -0.0017820523    -0.0044807014     0.0030606054    9.1093825e-31   -1.6021766e-19    -9.156439e-20    6.1389473e-19             3748                1
   -1.7215132e-05    1.1915886e-05     0.0034188642    -0.0027014005     0.0040013511   -0.00051962974    9.1093825e-31   -1.6021766e-19    -9.156439e-20    6.1389473e-19             3751                1
   -0.00096991647    6.9939738e-06     0.0055933669   -8.1621765e-05     0.0077876281     0.0002428135    9.1093825e-31   -1.6021766e-19    -9.156439e-20    6.1389473e-19             3788                1
      0.002047915    5.4450706e-05      0.014586216   -0.00028658201    -0.0083368234   -0.00035388704    9.1093825e-31   -1.6021766e-19    -9.156439e-20    6.1389473e-19             3679                1
    -0.0020716777    2.5562701e-06     0.0063041355    -0.0022319164     0.0064249812     0.0010595275    9.1093825e-31   -1.6021766e-19    -9.156439e-20    6.1389473e-19             3799                1
    -0.0029602419    9.9173696e-05     -0.010597592    -0.0064263912      0.010317167    -0.0058057066    9.1093825e-31   -1.6021766e-19    -9.156439e-20    6.1389473e-19             3464                1
     0.0032381208    8.7029155e-05     0.0079057524   -0.00070428557    -0.0024430836   -0.00054130371    9.1093825e-31   -1.6021766e-19    -9.156439e-20    6.1389473e-19              903                0
    -0.0084317448    5.7126344e-05       0.01020531    0.00098511553   -0.00018500802    0.00071630004    9.1093825e-31   -1.6021766e-19    -9.156439e-20    6.1389473e-19              578                0
     0.0014751805    2.7426646e-05    -0.0052949637    -0.0010721011     0.0068341577    -0.0052566589    9.1093825e-31   -1.6021766e-19    -9.156439e-20    6.1389473e-19             3707                1
     0.0083608963    3.9164683e-05     0.0096157761     0.0017455829    -0.0004052493    0.00014754044    9.1093825e-31   -1.6021766e-19    -9.156439e-20    6.1389473e-19              618                0
    -0.0024194689    7.3459567e-05    -0.0020825029    0.00025222564     0.0086979317    0.00042236244    9.1093825e-31   -1.6021766e-19    -9.156439e-20    6.1389473e-19             3611                1
   -0.00054268033    3.6003507e-06    -0.0026268144   -0.00069871463     0.0074171973     0.0018032262    9.1093825e-31   -1.6021766e-19    -9.156439e-20    6.1389473e-19             3796                1
   -0.00098892918    5.3491763e-06     0.0060242224   -3.6746562e-05    0.00081986008   -0.00047564015    9.1093825e-31   -1.6021766e-19    -9.156439e-20    6.1389473e-19             3740                1
   -0.00092486682    4.8165217e-05    -0.0027157848   -0.00019306775     0.0093643712    0.00019574208    9.1093825e-31   -1.6021766e-19    -9.156439e-20    6.1389473e-19             3703                1
    -0.0016107511    7.1543545e-05    -0.0084133772     -0.004824901     0.0085779568     0.0051691239    9.1093825e-31   -1.6021766e-19    -9.156439e-20    6.1389473e-19             3484                1
      0.001524608     1.337741e-05    -0.0053584338     0.0047294064     0.0063088918     0.0012110696    9.1093825e-31   -1.6021766e-19    -9.156439e-20    6.1389473e-19             3757                1
    -0.0037254468    5.0504812e-05      0.011512896    -0.0024977024    -0.0081630722    -0.0025158776    9.1093825e-31   -1.6021766e-19    -9.156439e-20    6.1389473e-19             3645                1
    -0.0011786282    9.1458627e-05     -0.012583892      0.003807981     -0.002031178     -0.007400013    9.1093825e-31   -1.6021766e-19    -9.156439e-20    6.1389473e-19             3747                1
     0.0041519641    4.8230173e-05     -0.011606321     0.0037473666     0.0070322435     0.0027913023    9.1093825e-31   -1.6021766e-19    -9.156439e-20    6.1389473e-19             3555                1
    -0.0012676304    1.1222478e-05     0.0061795632    0.00016319461     -0.010184103    0.00032647606    9.1093825e-31   -1.6021766e-19    -9.156439e-20    6.1389473e-19             3489                1
    -0.0067059873    2.4121182e-05     0.0051490692   -0.00047741711    -0.0016794222     0.0010697366    9.1093825e-31   -1.6021766e-19    -9.156439e-20    6.1389473e-19              573                0
    -0.0036441546    2.9584413e-05       0.01151661     0.0028373515    -0.0079539716     -0.005072332    9.1093825e-31   -1.6021766e-19    -9.156439e-20    6.1389473e-19             3494                1
   -0.00029783789    4.8962149e-05    -0.0083859367     0.0036499503     0.0079958374    -0.0081172148    9.1093825e-31   -1.6021766e-19    -9.156439e-20    6.1389473e-19             3571                1
    -0.0016344248    5.4790558e-05      0.010654835     0.0025359555    -0.0072615077      0.005731659    9.1093825e-31   -1.6021766e-19    -9.156439e-20    6.1389473e-19             3540                1
     0.0011483602      7.62131e-06     0.0058486569      0.004339484     0.0063035949     4.076654e-06    9.1093825e-31   -1.6021766e-19    -9.156439e-20    6.1389473e-19             3785                1
     0.0014898563    7.1414041e-05    -0.0086735403   -0.00076839892      0.012144458     0.0012691354    9.1093825e-31   -1.6021766e-19    -9.156439e-20    6.1389473e-19             3673                1
    -0.0015897497    8.2247003e-05     -0.012364663    -0.0057544331      0.011797932     0.0033608438    9.1093825e-31   -1.6021766e-19    -9.156439e-20    6.1389473e-19             3628                1
     0.0035470806    2.6056399e-05      0.012708002     0.0097512491    -0.0093538295     0.0016719247    9.1093825e-31   -1.6021766e-19    -9.156439e-20    6.1389473e-19             3570                1
    -0.0063711405     2.315364e-05     0.0052011721   -0.00086243259    -0.0018350722    -0.0027872277    9.1093825e-31   -1.6021766e-19    -9.156439e-20    6.1389473e-19              985                0
     0.0031967089    4.9040413e-05      0.014077597    -0.0025577659    -0.0099021103    -0.0029045716    9.1093825e-31   -1.6021766e-19    -9.156439e-20    6.1389473e-19             3697                1
     0.0076021003    6.4396525e-05    0.00076193729     -0.000535328   -0.00091672642     0.0012068365    9.1093825e-31   -1.6021766e-19    -9.156439e-20    6.1389473e-19              614                0
   -0.00097114616    2.3605246e-05      0.005930278     0.0019038507    -0.0091971187    -0.0032418419    9.1093825e-31   -1.6021766e-19    -9.156439e-20    6.1389473e-19             3480                1
     0.0047613289    5.0016504e-05     0.0072303731    -0.0053338027    -0.0075149285    0.00030565896    9.1093825e-31   -1.6021766e-19    -9.156439e-20    6.1389473e-19             3629                1
    8.7015098e-05      2.45253e-05     -0.013325233   -7.7922559e-05     0.0031583756    0.00029502323    9.1093825e-31   -1.6021766e-19    -9.156439e-20    6.1389473e-19               79                0
    -0.0031284147    1.7392642e-05    -0.0019099955     -0.001792502     0.0046219821      0.008781801    9.1093825e-31   -1.6021766e-19    -9.156439e-20    6.1389473e-19             3720                1
     0.0016731828    2.4757821e-05     0.0074403803    -0.0013674251     -0.010202959    0.00082359242    9.1093825e-31   -1.6021766e-19    -9.156439e-20    6.1389473e-19             3572                1
     0.0081645809    9.4199357e-05     -0.013312693   -0.00013532555     0.0017318421    0.00082659605    9.1093825e-31   -1.6021766e-19    -9.156439e-20    6.1389473e-19             1982                1
    -0.0011686609    5.7793437e-05     0.0054817684    -0.0018470697    -0.0067128241   -6.7608358e-05    9.1093825e-31   -1.6021766e-19    -9.156439e-20    6.1389473e-19             3558                1
     0.0029643869    7.7276527e-05       0.01429331    -0.0068756519    -0.0059015374    -0.0019081619    9.1093825e-31   -1.6021766e-19    -9.156439e-20    6.1389473e-19             3710                1
     -0.003664034    7.1075512e-05       0.01162851     0.0014106398    -0.0049471864     0.0029381153    9.1093825e-31   -1.6021766e-19    -9.156439e-20    6.1389473e-19             3495                1
    -0.0013577353    7.8010038e-05    -0.0085528754   -9.0421883e-05     0.0091566956    0.00097461668    9.1093825e-31   -1.6021766e-19    -9.156439e-20    6.1389473e-19             3486                1
     0.0020151986    9.7690274e-05     -0.012347941   -0.00018639662      0.012833413    0.00055097754    9.1093825e-31   -1.6021766e-19    -9.156439e-20    6.1389473e-19             3606                1
      0.001828282    6.7243462e-05      0.010422699    -0.0037017718    -0.0066547538    0.00091217668    9.1093825e-31   -1.6021766e-19    -9.156439e-20    6.1389473e-19             3635                1
     0.0013331235    5.2551255e-05    -0.0051300763    -0.0008715695     0.0079005407     0.0035925549    9.1093825e-31   -1.6021766e-19    -9.156439e-20    6.1389473e-19             3612                1
   -0.00094538619    5.3894255e-05    -0.0058406526    -0.0015738184     0.0081554111    0.00042604911    9.1093825e-31   -1.6021766e-19    -9.156439e-20    6.1389473e-19             3600                1
     0.0020057152    7.7868986e-05     -0.012677183     0.0031092595     0.0089571876     0.0014022231    9.1093825e-31   -1.6021766e-19    -9.156439e-20    6.1389473e-19             3456                1
     0.0004214496    1.1670907e-05    0.00020584208      0.002152317     0.0060410146    -0.0013977309    9.1093825e-31   -1.6021766e-19    -9.156439e-20    6.1389473e-19             3767                1
     0.0010195861    1.6427743e-05    -0.0066958955    3.8296534e-05     0.0052630738   -0.00073346077    9.1093825e-31   -1.6021766e-19    -9.156439e-20    6.1389473e-19             3727                1
   -0.00079938042    6.4442538e-05    -0.0083516426     0.0058895024     0.0098057091    -0.0045885951    9.1093825e-31   -1.6021766e-19    -9.156439e-20    6.1389473e-19             3605                1
     0.0049107661    1.6996421e-05     0.0071611661   -0.00089108088     0.0075046932    0.00074540084    9.1093825e-31   -1.6021766e-19    -9.156439e-20    6.1389473e-19             3765                1
    -0.0010349172    1.1123289e-05     0.0059260139      -0.00190764     0.0060323379    -0.0007484809    9.1093825e-31   -1.6021766e-19    -9.156439e-20    6.1389473e-19             3772                1
    -0.0029998457    2.0655785e-05    -0.0017814542     0.0060499008    -0.0053756344    0.00048983446    9.1093825e-31   -1.6021766e-19    -9.156439e-20    6.1389473e-19             3461                1
    -0.0018746115    1.6115651e-05     0.0018664792    -0.0013841304      0.003572983     0.0045786602    9.1093825e-31   -1.6021766e-19    -9.156439e-20    6.1389473e-19             3724                1
    1.2474269e-05    7.9117424e-05    -0.0058736075    -0.0020102032      0.010119891    0.00032334123    9.1093825e-31   -1.6021766e-19    -9.156439e-20    6.1389473e-19             3573                1
    -0.0022449561    1.1719333e-05     0.0028106882     0.0009707819     0.0043294174     0.0029300263    9.1093825e-31   -1.6021766e-19    -9.156439e-20    6.1389473e-19             3752                1
    -0.0030099272     4.464385e-05     -0.010468401     0.0017472829     0.0079232519   -0.00028590226    9.1093825e-31   -1.6021766e-19    -9.156439e-20    6.1389473e-19             3652                1
     0.0014732317    9.9511592e-05    -0.0088944556   -2.3490689e-05      0.015875073    5.6904704e-05    9.1093825e-31   -1.6021766e-19    -9.156439e-20    6.1389473e-19             3674                1
    -0.0029006449     3.248428e-05    -0.0056356224   -0.00061440322     0.0064080986     0.0010336861    9.1093825e-31   -1.6021766e-19    -9.156439e-20    6.1389473e-19             3664                1
    -0.0036780564    9.5080912e-05     -0.014374315   -7.5210934e-05    -0.0011966386   -1.4474021e-05    9.1093825e-31   -1.6021766e-19    -9.156439e-20    6.1389473e-19             3746                1
     0.0010535981    6.4007203e-05      0.013612595   -0.00061082619    -0.0068129273     0.0024242839    9.1093825e-31   -1.6021766e-19    -9.156439e-20    6.1389473e-19             3648                1
   -0.00082794885    5.0786672e-05    -0.0029432538     0.0027450302     0.0089808814   -0.00025296593    9.1093825e-31   -1.6021766e-19    -9.156439e-20    6.1389473e-19             3685                1
   -7.3507239e-05    9.1025086e-06     0.0043068505    -0.0029715151     0.0041031833   -3.4726203e-05    9.1093825e-31   -1.6021766e-19    -9.156439e-20    6.1389473e-19             3766                1
     0.0013899402    5.3140895e-05      0.011574513    -0.0024891102    -0.0085823499   -0.00081353617    9.1093825e-31   -1.6021766e-19    -9.156439e-20    6.1389473e-19             3654                1
     0.0011256583    6.8723668e-05      0.013750511   -0.00057221565    -0.0078408634    -0.0032631827    9.1093825e-31   -1.6021766e-19    -9.156439e-20    6.1389473e-19             3713                1
     0.0014269103    9.0979629e-05      -0.01315802     0.0099465344      0.010140087    -0.0034554182    9.1093825e-31   -1.6021766e-19    -9.156439e-20    6.1389473e-19             3468                1
     0.0014485717    6.1498933e-05      0.011575634     0.0015651562    -0.0073350109    7.6809185e-05    9.1093825e-31   -1.6021766e-19    -9.156439e-20    6.1389473e-19             3637                1
   -0.00093548576     5.578974e-05    -0.0028909498   -8.2470789e-05     0.0074784546    0.00022039653    9.1093825e-31   -1.6021766e-19    -9.156439e-20    6.1389473e-19             3619                1
   -0.00085129746    2.5572092e-05     -0.002830531    -0.0014116443     0.0072618425    -0.0032807488    9.1093825e-31   -1.6021766e-19    -9.156439e-20    6.1389473e-19             3731                1
     0.0012327801    1.6247743e-05      0.011352239    0.00083920796     -0.011501649   -7.1276438e-05    9.1093825e-31   -1.6021766e-19    -9.156439e-20    6.1389473e-19             3596                1
     0.0017384607    4.5295303e-05     -0.012899201     0.0047301711     0.0070888144      0.002883303    9.1093825e-31   -1.6021766e-19    -9.156439e-20    6.1389473e-19             3501                1
   -0.00078200159    2.9974797e-05    -0.0058622486    2.5799309e-05      0.010174373   -3.4276276e-05    9.1093825e-31   -1.6021766e-19    -9.156439e-20    6.1389473e-19             3745                1
     0.0017339077    9.8700941e-05    -0.0030200516     0.0089990348    -0.0031731732    -0.0036018169    9.1093825e-31   -1.6021766e-19    -9.156439e-20    6.1389473e-19             3800                1
   -0.00093293347    5.6821184e-05      0.005841427    0.00052651949    -0.0069625215     -0.002195304    9.1093825e-31   -1.6021766e-19    -9.156439e-20    6.1389473e-19             3574                1
    -0.0025547286    1.9876836e-05    0.00074123155     0.0012163033      0.004234558     0.0023115526    9.1093825e-31   -1.6021766e-19    -9.156439e-20    6.1389473e-19             3714                1
     0.0011944498     7.993108e-05    -0.0093051866    -0.0045119119      0.012125033    -0.0046233195    9.1093825e-31   -1.6021766e-19    -9.156439e-20    6.1389473e-19             3638                1
     0.0011911633    1.6878108e-05      0.011521386    0.00021844296    -0.0096599571     0.0013768347    9.1093825e-31   -1.6021766e-19    -9.156439e-20    6.1389473e-19             3509                1
    -0.0039160727    3.0937525e-05      0.011626249   -0.00010450107     -0.008734609   -0.00016774457    9.1093825e-31   -1.6021766e-19    -9.156439e-20    6.1389473e-19             3554                1
     0.0028130268    4.6377962e-05    -0.0072197951     0.0016186201     0.0089501981   -0.00095514802    9.1093825e-31   -1.6021766e-19    -9.156439e-20    6.1389473e-19             3686                1
    -0.0027948993    6.8685913e-05    -0.0068261102     0.0030666897     0.0089696972    -0.0034886412    9.1093825e-31   -1.6021766e-19    -9.156439e-20    6.1389473e-19             3562                1
     0.0021613138    3.1470809e-06   -0.00010086253    0.00066399673     0.0027255279     0.0025275003    9.1093825e-31   -1.6021766e-19    -9.156439e-20    6.1389473e-19             3784                1
    -0.0006431432    4.3881952e-05    -0.0081626717    -0.0056045847     0.0065697446     0.0079624308    9.1093825e-31   -1.6021766e-19    -9.156439e-20    6.1389473e-19             3476                1
    -0.0011013407    1.1947849e-05     0.0061512031    -0.0039776685     -0.011020814     0.0035840748    9.1093825e-31   -1.6021766e-19    -9.156439e-20    6.1389473e-19             3563                1
     -0.001245764    1.7327598e-05     0.0066377427    -0.0011883277     0.0059992471     2.079572e-05    9.1093825e-31   -1.6021766e-19    -9.156439e-20    6.1389473e-19             3753                1
    0.00081622164    5.8615249e-05     0.0097341361    -0.0014744024    -0.0073990771    0.00054126122    9.1093825e-31   -1.6021766e-19    -9.156439e-20    6.1389473e-19             3576                1
     0.0016273705    5.2748317e-05      0.010357631    -0.0005607818      -0.00780793    -0.0017602659    9.1093825e-31   -1.6021766e-19    -9.156439e-20    6.1389473e-19             3577                1
     0.0016553955    1.6596011e-06       0.01035918     0.0020359464     -0.012538857    -0.0016054866    9.1093825e-31   -1.6021766e-19    -9.156439e-20    6.1389473e-19             3578                1
    -0.0039471956    4.3102802e-05      0.011576355   -1.9520547e-05    -0.0079841428     -0.004262846    9.1093825e-31   -1.6021766e-19    -9.156439e-20    6.1389473e-19             3579                1
     0.0010972022    6.9709473e-05      0.013619469    -0.0021947396    -0.0056008766   -0.00091301347    9.1093825e-31   -1.6021766e-19    -9.156439e-20    6.1389473e-19             3580                1
   -0.00090399862    3.1882857e-06     0.0060543423     0.0023588063     0.0034934403    7.3418182e-06    9.1093825e-31   -1.6021766e-19    -9.156439e-20    6.1389473e-19             3789                1
    -0.0014949824    6.1233877e-05     -0.006611763    -0.0020085243     0.0092057521    -0.0023674574    9.1093825e-31   -1.6021766e-19    -9.156439e-20    6.1389473e-19             3607                1
    -0.0014291481    2.2591688e-05    -0.0066473857     0.0062639723     0.0053629405    -0.0015168532    9.1093825e-31   -1.6021766e-19    -9.156439e-20    6.1389473e-19             3639                1
   -8.7430279e-05    5.1484367e-06     0.0034831921   -0.00039274784     0.0031089671    -0.0005249629    9.1093825e-31   -1.6021766e-19    -9.156439e-20    6.1389473e-19             3773                1
   -0.00049361226    9.9252771e-05    -0.0082259113     0.0045707119    -0.0075480812    2.4917401e-05    9.1093825e-31   -1.6021766e-19    -9.156439e-20    6.1389473e-19             3803                1
    -0.0009068186    6.9362477e-07     0.0061181877   -0.00012554429     0.0070064859    0.00088494882    9.1093825e-31   -1.6021766e-19    -9.156439e-20    6.1389473e-19             3804                1
   -0.00090715213    6.9005216e-07     0.0061184685     -0.003494415     0.0069704838     0.0037151736    9.1093825e-31   -1.6021766e-19    -9.156439e-20    6.1389473e-19             3805                1
