%  ASCII export : 
%
%  Momentum is normalized to the product of particle's mass and speed of light.
%  All other quantities are in SI units.
%
%            posX             posY             posZ             momX             momY             momZ             mass           charge     macro-charge             time       particleID         sourceID

   -0.00013500973    2.3825876e-05     0.0033424639    -0.0024178361     0.0040909862    -0.0085671982    9.1093825e-31   -1.6021766e-19    -9.156439e-20    6.1818769e-19             3721                1
   -0.00051710015    5.3941319e-05    -0.0082860459     0.0012446668     0.0082305046   -0.00066963583    9.1093825e-31   -1.6021766e-19    -9.156439e-20    6.1818769e-19             3566                1
     0.0020165655    9.3466995e-05     -0.012345593     0.0012856736    -0.0059361691     0.0020650139    9.1093825e-31   -1.6021766e-19    -9.156439e-20    6.1818769e-19             3813                1
     0.0023950366    4.4953653e-05    -0.0092599737     0.0020411238     0.0076944474    0.00080060365    9.1093825e-31   -1.6021766e-19    -9.156439e-20    6.1818769e-19             3655                1
    -0.0025014237    2.3285091e-05    -0.0019879858    -0.0011123302    -0.0034642217     0.0018010283    9.1093825e-31   -1.6021766e-19    -9.156439e-20    6.1818769e-19             3253                1
    0.00076474604    3.3894161e-05     0.0010716709    2.8757355e-05     0.0050947573     0.0030134101    9.1093825e-31   -1.6021766e-19    -9.156439e-20    6.1818769e-19             3690                1
     0.0011510357    9.0148875e-05    -0.0068550729     0.0035407185     0.0097908098    -0.0036480187    9.1093825e-31   -1.6021766e-19    -9.156439e-20    6.1818769e-19             3505                1
   -0.00062696048    3.2683529e-05     -0.012262448    0.00042110169     0.0032192422    -0.0011815971    9.1093825e-31   -1.6021766e-19    -9.156439e-20    6.1818769e-19               55                0
    -0.0012025726    1.0164231e-05    -0.0085266372     0.0013349146   -0.00088827888    -0.0010864044    9.1093825e-31   -1.6021766e-19    -9.156439e-20    6.1818769e-19             3421                1
    -0.0018714064    1.3281277e-05     0.0018821653       0.00311802     0.0042427774   -0.00054833305    9.1093825e-31   -1.6021766e-19    -9.156439e-20    6.1818769e-19             3759                1
     0.0043900628    2.2420203e-05     0.0052382164    -0.0005272135    -0.0026627223   -0.00038261857    9.1093825e-31   -1.6021766e-19    -9.156439e-20    6.1818769e-19              154                0
     0.0066746841    7.8168072e-05     -0.013248052     0.0014546529     0.0016627685     0.0013955159    9.1093825e-31   -1.6021766e-19    -9.156439e-20    6.1818769e-19              488                0
    -0.0025475754     3.945045e-05     -0.014776535    -0.0012446071     0.0028696053    0.00063925056    9.1093825e-31   -1.6021766e-19    -9.156439e-20    6.1818769e-19               27                0
     0.0026538577      1.03172e-05      0.012276818    0.00075855682     0.0049221949    -0.0012392648    9.1093825e-31   -1.6021766e-19    -9.156439e-20    6.1818769e-19             3795                1
     0.0011775487    3.8932576e-05      0.011316147    -0.0044730194    -0.0080885002   -0.00043865517    9.1093825e-31   -1.6021766e-19    -9.156439e-20    6.1818769e-19             3499                1
    -0.0016454019    2.3321236e-05      0.010599944     0.0014850005     -0.009567746     0.0011485161    9.1093825e-31   -1.6021766e-19    -9.156439e-20    6.1818769e-19             3539                1
    -0.0022449819    3.5362737e-05      0.002940987     0.0019409526    -0.0057516978     0.0014768285    9.1093825e-31   -1.6021766e-19    -9.156439e-20    6.1818769e-19             3354                1
     0.0023683568    8.8469002e-05    -0.0075745871     0.0017665752      0.012064244      0.001375073    9.1093825e-31   -1.6021766e-19    -9.156439e-20    6.1818769e-19             3647                1
     0.0010804678           0.0001    -0.0065662921     -0.004060817      0.012039428    -0.0020104398    9.1093825e-31   -1.6021766e-19    -9.156439e-20    6.1818769e-19             3591                1
    0.00039866942    9.3447066e-05     -0.003702509    -0.0010026853      0.010388776     0.0015528972    9.1093825e-31   -1.6021766e-19    -9.156439e-20    6.1818769e-19             3581                1
    -0.0024673033    3.1893178e-05    -0.0020459017   -0.00056814239     0.0073353085     0.0042099385    9.1093825e-31   -1.6021766e-19    -9.156439e-20    6.1818769e-19             3729                1
   -1.2998811e-05    4.0024206e-05      0.003911111    -0.0009512275     0.0066985642    -0.0008726822    9.1093825e-31   -1.6021766e-19    -9.156439e-20    6.1818769e-19             3725                1
    -0.0051086382    5.0247192e-05     0.0089147408     0.0014378863    -0.0023688478   -0.00043744891    9.1093825e-31   -1.6021766e-19    -9.156439e-20    6.1818769e-19              355                0
      0.007601901    1.1732483e-05     -0.011834965   -0.00080446474    0.00077244372    0.00070926355    9.1093825e-31   -1.6021766e-19    -9.156439e-20    6.1818769e-19              451                0
   -0.00022074918    1.2107969e-05    -0.0028326083     0.0038521942     0.0034713284    -0.0030341451    9.1093825e-31   -1.6021766e-19    -9.156439e-20    6.1818769e-19             3616                1
    -0.0064320285    2.0445848e-05    -0.0019501554   -0.00015626461    -0.0004212496    0.00093315484    9.1093825e-31   -1.6021766e-19    -9.156439e-20    6.1818769e-19               32                0
    -0.0002570863     8.584412e-05    -0.0027709419    0.00048538719      0.010278266     0.0026916873    9.1093825e-31   -1.6021766e-19    -9.156439e-20    6.1818769e-19             3617                1
     0.0081229471    1.7716646e-05    0.00058520905      -0.00164063    -0.0005744886   -0.00062176882    9.1093825e-31   -1.6021766e-19    -9.156439e-20    6.1818769e-19              455                0
     0.0010825673    2.0702864e-05     0.0057194382      0.000104828    -0.0084279021   -0.00060259271    9.1093825e-31   -1.6021766e-19    -9.156439e-20    6.1818769e-19             3457                1
    0.00041302762    7.1130475e-05    -0.0037967728    -0.0023935842     0.0085779084     -0.003488017    9.1093825e-31   -1.6021766e-19    -9.156439e-20    6.1818769e-19             3583                1
    -0.0028752985    3.1224979e-05     -0.010221203     -0.002735354     0.0076047233     0.0031263833    9.1093825e-31   -1.6021766e-19    -9.156439e-20    6.1818769e-19             3742                1
     0.0011347218    1.5098535e-05     0.0077087269    0.00027793983     0.0070080236   -0.00025915448    9.1093825e-31   -1.6021766e-19    -9.156439e-20    6.1818769e-19             3791                1
    0.00042701393    5.0131006e-05    0.00032870029     -0.003072534     0.0078255776     0.0035708526    9.1093825e-31   -1.6021766e-19    -9.156439e-20    6.1818769e-19             3700                1
   -0.00071157573    6.1469211e-05    -0.0081091709    2.5900443e-05      0.010075903   -0.00059525546    9.1093825e-31   -1.6021766e-19    -9.156439e-20    6.1818769e-19             3675                1
     0.0014008554    3.1753261e-05     -0.013006382    0.00095288095    0.00085682253    -0.0022182169    9.1093825e-31   -1.6021766e-19    -9.156439e-20    6.1818769e-19             3385                1
     0.0019194201    3.3556706e-05      0.012181959    0.00045473111     -0.010478374     0.0066094305    9.1093825e-31   -1.6021766e-19    -9.156439e-20    6.1818769e-19             3670                1
    0.00039574702    9.0201298e-05    -0.0037517725    -0.0012446078       0.01013911    -0.0025264174    9.1093825e-31   -1.6021766e-19    -9.156439e-20    6.1818769e-19             3582                1
      0.002408568    7.7778808e-05    -0.0091861552    -0.0014763545     0.0091624437    3.0600531e-05    9.1093825e-31   -1.6021766e-19    -9.156439e-20    6.1818769e-19             3510                1
     0.0011493473    9.1044247e-05    -0.0065011894    -0.0092254253    -0.0019579215    0.00085250865    9.1093825e-31   -1.6021766e-19    -9.156439e-20    6.1818769e-19             3776                1
    -0.0063798069    1.3000548e-05     0.0037930789     0.0030509206    -0.0016677597     -0.001591489    9.1093825e-31   -1.6021766e-19    -9.156439e-20    6.1818769e-19              695                0
     0.0017995195    1.5356522e-05     0.0072727157    0.00096891384     0.0062183049     0.0016444476    9.1093825e-31   -1.6021766e-19    -9.156439e-20    6.1818769e-19             3786                1
     0.0048107821    1.5572736e-05    -0.0035239276     0.0017238408     0.0042397687     3.790082e-05    9.1093825e-31   -1.6021766e-19    -9.156439e-20    6.1818769e-19             3732                1
     0.0067622266    8.5172818e-05    -0.0074670697     0.0022756783     0.0014223958     0.0016490299    9.1093825e-31   -1.6021766e-19    -9.156439e-20    6.1818769e-19                4                0
     0.0016805721    2.6058457e-05      0.012132106     0.0022190288     -0.011180623     0.0013191745    9.1093825e-31   -1.6021766e-19    -9.156439e-20    6.1818769e-19             3661                1
    -0.0016166235    8.3016886e-05      -0.01124276   -0.00015103647      0.012135377    0.00035544956    9.1093825e-31   -1.6021766e-19    -9.156439e-20    6.1818769e-19             3681                1
   -0.00096811238    7.3084998e-06     0.0059283469    0.00011047366     0.0026410106     0.0081519503    9.1093825e-31   -1.6021766e-19    -9.156439e-20    6.1818769e-19             3783                1
    1.3158997e-05    3.8706945e-05       0.01376679    0.00094761892     -0.011297176    0.00047103138    9.1093825e-31   -1.6021766e-19    -9.156439e-20    6.1818769e-19             3706                1
     0.0016554574    7.2322637e-06      0.010360502   -0.00018950617     0.0064007444      0.001406432    9.1093825e-31   -1.6021766e-19    -9.156439e-20    6.1818769e-19             3815                1
     0.0012500724    6.3816692e-06      0.011450635    3.6648365e-05     0.0061829421   -5.8934431e-05    9.1093825e-31   -1.6021766e-19    -9.156439e-20    6.1818769e-19             3816                1
     0.0015875122    1.6729331e-05     0.0025067735   -0.00078416889     0.0054568248      0.004375915    9.1093825e-31   -1.6021766e-19    -9.156439e-20    6.1818769e-19             3768                1
     0.0015161986    3.6777266e-05      0.011395671     0.0061519453    -0.0095535424     0.0025726471    9.1093825e-31   -1.6021766e-19    -9.156439e-20    6.1818769e-19             3630                1
     0.0060309554    2.8031038e-05     0.0048867972    -0.0010691029    -0.0017809956    0.00066440529    9.1093825e-31   -1.6021766e-19    -9.156439e-20    6.1818769e-19              751                0
   -3.5887697e-05    3.8434257e-05     0.0039056065    -0.0048046927     0.0064322283    -0.0017993503    9.1093825e-31   -1.6021766e-19    -9.156439e-20    6.1818769e-19             3726                1
     0.0035580317    4.9546994e-05     0.0092157284     0.0058467397    -0.0068042367     0.0052122772    9.1093825e-31   -1.6021766e-19    -9.156439e-20    6.1818769e-19             3482                1
     0.0011694751    8.5798492e-05    -0.0065048877    -0.0024480512    -0.0037239089   -0.00039419177    9.1093825e-31   -1.6021766e-19    -9.156439e-20    6.1818769e-19             3775                1
    -0.0074784667    5.4353561e-05    -0.0072879861    -0.0011898292    0.00058138627    -0.0026721689    9.1093825e-31   -1.6021766e-19    -9.156439e-20    6.1818769e-19              532                0
   -0.00095878728    2.0766063e-06     0.0059653255   -0.00060504698     0.0035076381     0.0056120488    9.1093825e-31   -1.6021766e-19    -9.156439e-20    6.1818769e-19             3822                1
     0.0013130516    3.3259377e-05     0.0025570777    -0.0004940753      0.006700499     0.0024705816    9.1093825e-31   -1.6021766e-19    -9.156439e-20    6.1818769e-19             3733                1
    -0.0015980399    7.7407378e-05      -0.01244022     0.0026107696    -0.0022791035   -0.00089892599    9.1093825e-31   -1.6021766e-19    -9.156439e-20    6.1818769e-19             3716                1
     0.0014250061     3.279345e-05      0.011430372     0.0043615759    -0.0083585428     0.0012970913    9.1093825e-31   -1.6021766e-19    -9.156439e-20    6.1818769e-19             3491                1
    0.00037257432    2.9368046e-05    0.00021862536    -0.0074702017     0.0063932315     0.0016674479    9.1093825e-31   -1.6021766e-19    -9.156439e-20    6.1818769e-19             3728                1
      -0.00103433    7.9681973e-05    -0.0058672219   -0.00023848609      0.011062763    -0.0065840986    9.1093825e-31   -1.6021766e-19    -9.156439e-20    6.1818769e-19             3631                1
     0.0013304563    4.3798656e-05      0.011285744     0.0056313318    -0.0082188062   -0.00071517419    9.1093825e-31   -1.6021766e-19    -9.156439e-20    6.1818769e-19             3549                1
     0.0013959137    5.4965931e-06      0.011490815    0.00025109731     0.0091114091    0.00013559063    9.1093825e-31   -1.6021766e-19    -9.156439e-20    6.1818769e-19             3821                1
     0.0047184667    5.3625823e-05    -0.0032317264    -0.0015402199     0.0018313642     0.0034777445    9.1093825e-31   -1.6021766e-19    -9.156439e-20    6.1818769e-19             2961                1
    -0.0012208611    2.9187338e-05     0.0061042868     0.0034579341     0.0074726678     0.0055639665    9.1093825e-31   -1.6021766e-19    -9.156439e-20    6.1818769e-19             3754                1
     0.0016593551    3.1225293e-06      0.010356814     0.0033899595     0.0026265474    -0.0019800006    9.1093825e-31   -1.6021766e-19    -9.156439e-20    6.1818769e-19             3814                1
     0.0014505595    9.8523844e-05     -0.013042338    -0.0051881229      0.010385553    -0.0014014282    9.1093825e-31   -1.6021766e-19    -9.156439e-20    6.1818769e-19             3522                1
    -0.0040428624     6.314151e-05      -0.00968746     0.0024938625     0.0082820617    0.00035209226    9.1093825e-31   -1.6021766e-19    -9.156439e-20    6.1818769e-19             3588                1
    -0.0082813911    8.0105594e-05      0.014733347    5.4561791e-05     0.0001196675     0.0012155472    9.1093825e-31   -1.6021766e-19    -9.156439e-20    6.1818769e-19              719                0
     -0.009115913    1.5614731e-05     0.0025005282   -0.00066960702   -0.00069840328     0.0014007885    9.1093825e-31   -1.6021766e-19    -9.156439e-20    6.1818769e-19              874                0
     -0.001462249    8.8561319e-05    -0.0084845107    -0.0027630141    -0.0049164784     0.0010398666    9.1093825e-31   -1.6021766e-19    -9.156439e-20    6.1818769e-19             3790                1
    -0.0016147328    8.1704376e-05     -0.012429983    1.6424712e-05    -0.0016118598    0.00069266342    9.1093825e-31   -1.6021766e-19    -9.156439e-20    6.1818769e-19             3717                1
    -0.0041331118    6.2051979e-05     0.0059645604       0.00154766    -0.0027007384   -0.00078191457    9.1093825e-31   -1.6021766e-19    -9.156439e-20    6.1818769e-19              628                0
     0.0012501841    9.1779311e-06      0.011451482    0.00014942956       0.00900786    0.00079577032    9.1093825e-31   -1.6021766e-19    -9.156439e-20    6.1818769e-19             3817                1
       0.00336821    5.9938349e-05      0.012678079   -0.00023613025    -0.0065685655    2.0450032e-05    9.1093825e-31   -1.6021766e-19    -9.156439e-20    6.1818769e-19             3597                1
   -0.00091568293    2.5801643e-05     0.0060799671    0.00049264345    -0.0080375569     0.0032850234    9.1093825e-31   -1.6021766e-19    -9.156439e-20    6.1818769e-19             3433                1
    -0.0025618118    4.4919067e-05    -0.0020797264     -0.003161367     0.0059120823    0.00059241318    9.1093825e-31   -1.6021766e-19    -9.156439e-20    6.1818769e-19             3608                1
      0.007240742    7.5145152e-05     0.0060991044    -0.0005971184    -0.0013009881     0.0019556046    9.1093825e-31   -1.6021766e-19    -9.156439e-20    6.1818769e-19              828                0
    0.00078547251    3.5803503e-05     0.0010355033     0.0026456953     0.0053491425    -0.0015530839    9.1093825e-31   -1.6021766e-19    -9.156439e-20    6.1818769e-19             3691                1
    -0.0017434417    1.3344762e-05      0.010832652   -0.00058897753     -0.005165657    -0.0014042261    9.1093825e-31   -1.6021766e-19    -9.156439e-20    6.1818769e-19             3157                1
     0.0019253006    3.9829676e-05      0.010528694    0.00041371572    -0.0090061771    0.00042540033    9.1093825e-31   -1.6021766e-19    -9.156439e-20    6.1818769e-19             3623                1
       0.00538516    9.6327376e-06     0.0064001088      0.001140401    -0.0025300141   -0.00040013867    9.1093825e-31   -1.6021766e-19    -9.156439e-20    6.1818769e-19              580                0
     0.0015036307    2.9205281e-05    -0.0088986866     0.0021097611     0.0061296346    -0.0015105553    9.1093825e-31   -1.6021766e-19    -9.156439e-20    6.1818769e-19             3551                1
     0.0082066264    8.0021753e-05     -0.012505487    -0.0022143116     0.0011504004     0.0022226702    9.1093825e-31   -1.6021766e-19    -9.156439e-20    6.1818769e-19              586                0
   -0.00052485801    4.7169451e-05     0.0094947163    -0.0042288592    -0.0084286742   -0.00083291659    9.1093825e-31   -1.6021766e-19    -9.156439e-20    6.1818769e-19             3632                1
    -0.0049723219    5.9035185e-05    -0.0052691158     0.0010016928    0.00094884547   -0.00094691222    9.1093825e-31   -1.6021766e-19    -9.156439e-20    6.1818769e-19              660                0
    -0.0021327338    6.3883475e-05      0.006363112    0.00095633912    -0.0055754087    -0.0002895426    9.1093825e-31   -1.6021766e-19    -9.156439e-20    6.1818769e-19             3394                1
    -0.0077225748    2.8231101e-05      0.011108201    0.00059996248   -0.00087917177     0.0015233885    9.1093825e-31   -1.6021766e-19    -9.156439e-20    6.1818769e-19              652                0
    -0.0014056436     9.068587e-05    -0.0084141837    -0.0037777678      -0.00442363    -0.0017854185    9.1093825e-31   -1.6021766e-19    -9.156439e-20    6.1818769e-19             3793                1
     0.0015945968    4.5435376e-05    -0.0051489724    0.00017997518     0.0082843695    1.0656615e-05    9.1093825e-31   -1.6021766e-19    -9.156439e-20    6.1818769e-19             3688                1
     0.0018666052    5.1968484e-05      0.012229673     0.0010137934    -0.0066395751     0.0011765871    9.1093825e-31   -1.6021766e-19    -9.156439e-20    6.1818769e-19             3472                1
     0.0013328628    2.6330996e-05      0.002368412    -0.0075289882     0.0081249112    -0.0030210742    9.1093825e-31   -1.6021766e-19    -9.156439e-20    6.1818769e-19             3762                1
   -0.00012874982    4.2062977e-05      0.003409822    -0.0013810814     0.0070933443     0.0025873734    9.1093825e-31   -1.6021766e-19    -9.156439e-20    6.1818769e-19             3722                1
   -0.00086482771    4.6606896e-05    -0.0084975101    -0.0033872204    -0.0062614516   -0.00049082958    9.1093825e-31   -1.6021766e-19    -9.156439e-20    6.1818769e-19             3719                1
   -0.00027365601    4.3107892e-05    -0.0028533447    -0.0034061195     0.0077180704    -0.0018739185    9.1093825e-31   -1.6021766e-19    -9.156439e-20    6.1818769e-19             3694                1
     0.0028329326    5.6514755e-06    -0.0056387936    -0.0016913264    0.00093021372    1.1735747e-05    9.1093825e-31   -1.6021766e-19    -9.156439e-20    6.1818769e-19              860                0
   -0.00092395378     2.544183e-05     0.0056144134    -0.0031163674     0.0087993061     0.0036397639    9.1093825e-31   -1.6021766e-19    -9.156439e-20    6.1818769e-19             3778                1
    -0.0033257636    2.2589662e-05     -0.012635577   -0.00089840224     0.0027914604    -0.0015391806    9.1093825e-31   -1.6021766e-19    -9.156439e-20    6.1818769e-19              900                0
    -0.0064446274    2.4184224e-05     -0.008890341    0.00088856625     0.0013811676    -0.0013276611    9.1093825e-31   -1.6021766e-19    -9.156439e-20    6.1818769e-19              132                0
     0.0011267945     7.782293e-05    -0.0096406136     0.0022904209    -0.0054804706     0.0046160789    9.1093825e-31   -1.6021766e-19    -9.156439e-20    6.1818769e-19             3763                1
    -0.0018520004    4.7219171e-05     0.0018429231     0.0026577627     0.0084696561   -0.00029450021    9.1093825e-31   -1.6021766e-19    -9.156439e-20    6.1818769e-19             3723                1
     0.0019225458    1.0188081e-05      0.011336213     0.0078206416     -0.011523014    0.00031312721    9.1093825e-31   -1.6021766e-19    -9.156439e-20    6.1818769e-19             3601                1
     0.0078015015    5.1531784e-05     -0.013140425     0.0023986248     0.0010745077    -0.0016999468    9.1093825e-31   -1.6021766e-19    -9.156439e-20    6.1818769e-19              311                0
      0.002485364    8.3548897e-05    -9.827163e-06     0.0009649439    -0.0018213965    0.00075748842    9.1093825e-31   -1.6021766e-19    -9.156439e-20    6.1818769e-19             3730                1
     0.0011920355    5.2705345e-05      0.013548595     0.0059618284    -0.0083154822     0.0019446402    9.1093825e-31   -1.6021766e-19    -9.156439e-20    6.1818769e-19             3666                1
     0.0017741309    2.0559501e-06      0.010457339    -0.0044833343      0.002429486    -0.0008559429    9.1093825e-31   -1.6021766e-19    -9.156439e-20    6.1818769e-19             3819                1
     0.0010891064    5.3546566e-05    -0.0068744393    -0.0014237037     0.0079218904     0.0025645294    9.1093825e-31   -1.6021766e-19    -9.156439e-20    6.1818769e-19             3560                1
    -0.0072214394    2.8382135e-05    -0.0014418443     0.0023312713    -0.0018158122   -0.00055382366    9.1093825e-31   -1.6021766e-19    -9.156439e-20    6.1818769e-19             2944                1
    -0.0062040999    1.4433592e-06     0.0028689599   -6.1670621e-06    -0.0016020559   -0.00011835036    9.1093825e-31   -1.6021766e-19    -9.156439e-20    6.1818769e-19              677                0
    -0.0018824704    2.0732057e-05     0.0018676672    9.8055098e-05     0.0062808301    -0.0045055547    9.1093825e-31   -1.6021766e-19    -9.156439e-20    6.1818769e-19             3760                1
     0.0018129743    7.4051961e-05      0.012302388    -0.0020628837    0.00068170187     0.0015994648    9.1093825e-31   -1.6021766e-19    -9.156439e-20    6.1818769e-19             3432                1
     0.0014681071    9.7348158e-05     -0.013041159    2.9804736e-05       0.01010869   -0.00041778715    9.1093825e-31   -1.6021766e-19    -9.156439e-20    6.1818769e-19             3500                1
      0.007887912    5.6779198e-05     0.0085519105   -0.00029434188   -0.00088186248     0.0012623336    9.1093825e-31   -1.6021766e-19    -9.156439e-20    6.1818769e-19              254                0
     0.0058345622    4.7151767e-05     0.0043789437   -0.00059099228    -0.0020074067    -0.0008801074    9.1093825e-31   -1.6021766e-19    -9.156439e-20    6.1818769e-19              270                0
    1.6972195e-05    2.0391872e-05    -0.0013782984   -0.00024454531     0.0045398069    0.00012677758    9.1093825e-31   -1.6021766e-19    -9.156439e-20    6.1818769e-19             3702                1
      0.002078274    6.6589084e-05      0.014667333    0.00011250034    -0.0083026951    -0.0001251186    9.1093825e-31   -1.6021766e-19    -9.156439e-20    6.1818769e-19             3737                1
    -0.0016799446    7.6228018e-05     -0.012498378    -0.0046137422     0.0096507249   -0.00025262951    9.1093825e-31   -1.6021766e-19    -9.156439e-20    6.1818769e-19             3610                1
    -0.0011965346    5.1225816e-05    -0.0086317612      0.010354229     0.0074014296    -0.0042171222    9.1093825e-31   -1.6021766e-19    -9.156439e-20    6.1818769e-19             3485                1
   -0.00059532555    2.6367921e-05     0.0068173609     0.0057997955     0.0012766925    -0.0045012957    9.1093825e-31   -1.6021766e-19    -9.156439e-20    6.1818769e-19             3683                1
     0.0010076924     9.080115e-05    -0.0093103368    -0.0046402621      0.012348434    -0.0030315593    9.1093825e-31   -1.6021766e-19    -9.156439e-20    6.1818769e-19             3640                1
     0.0085515222    1.8364999e-06      0.010208422    0.00027798367   -0.00063079724    -9.223185e-05    9.1093825e-31   -1.6021766e-19    -9.156439e-20    6.1818769e-19              410                0
    -6.223104e-05    1.4540768e-05     0.0039221989     0.0016562057     0.0056714476    -0.0035692349    9.1093825e-31   -1.6021766e-19    -9.156439e-20    6.1818769e-19             3782                1
    -0.0010501555    3.9329174e-05      0.005938807     -0.002913849    -0.0072142105     0.0014044113    9.1093825e-31   -1.6021766e-19    -9.156439e-20    6.1818769e-19             3422                1
     0.0022548512     8.203381e-05    -0.0091359438    -0.0069100801      0.011300553   -0.00076313532    9.1093825e-31   -1.6021766e-19    -9.156439e-20    6.1818769e-19             3643                1
    -0.0015600121    9.6475545e-05     -0.011289901    6.3890184e-05      0.012936573   -0.00018229669    9.1093825e-31   -1.6021766e-19    -9.156439e-20    6.1818769e-19             3656                1
   -8.7935725e-05    9.3654762e-06     0.0034825169   -0.00039271588     0.0034645726   -0.00052414852    9.1093825e-31   -1.6021766e-19    -9.156439e-20    6.1818769e-19             3773                1
    -0.0093910284    9.4984294e-05    -0.0066148336    0.00039084998    0.00023575741    0.00041478005    9.1093825e-31   -1.6021766e-19    -9.156439e-20    6.1818769e-19              192                0
      -0.00315274    6.9599024e-05    -0.0017602282   -0.00012264754     0.0020378463    0.00030593364    9.1093825e-31   -1.6021766e-19    -9.156439e-20    6.1818769e-19             3282                1
    -0.0031875265    8.0792059e-05     -0.010282136    0.00091676222    -0.0061269351    0.00073923578    9.1093825e-31   -1.6021766e-19    -9.156439e-20    6.1818769e-19             3780                1
     0.0014377799    9.8050186e-05     -0.013161393     0.0052550589    -0.0049256911   -0.00080988556    9.1093825e-31   -1.6021766e-19    -9.156439e-20    6.1818769e-19             3824                1
     0.0036008672    1.0297494e-05     0.0035187611     0.0012173825    -0.0027079224     0.0021989476    9.1093825e-31   -1.6021766e-19    -9.156439e-20    6.1818769e-19              991                0
     0.0018251312    4.8990703e-05    -0.0020166126     0.0054096822     0.0085820518   -0.00030574101    9.1093825e-31   -1.6021766e-19    -9.156439e-20    6.1818769e-19             3704                1
    -0.0090908417    1.2126621e-05    -0.0019965915     0.0011688437   -0.00020516836   -0.00095279986    9.1093825e-31   -1.6021766e-19    -9.156439e-20    6.1818769e-19              212                0
     0.0084528588    3.0807148e-06     0.0015062869    0.00023785088   -0.00058097695   -0.00082997978    9.1093825e-31   -1.6021766e-19    -9.156439e-20    6.1818769e-19              525                0
     0.0093379095    7.3406209e-06    -0.0092887953     0.0011461015    0.00028152895    -0.0014043848    9.1093825e-31   -1.6021766e-19    -9.156439e-20    6.1818769e-19              690                0
    -0.0016653003    3.1387637e-05      0.010491105    5.2027612e-05    -0.0086661996   -1.8619605e-05    9.1093825e-31   -1.6021766e-19    -9.156439e-20    6.1818769e-19             3507                1
    -0.0033711425    6.2027146e-05    -0.0098641049     0.0046478403     0.0084198266    3.4266691e-06    9.1093825e-31   -1.6021766e-19    -9.156439e-20    6.1818769e-19             3593                1
    -0.0086460849    2.7748947e-05     -0.001137964    0.00089971739   -0.00049788464    0.00099265913    9.1093825e-31   -1.6021766e-19    -9.156439e-20    6.1818769e-19              750                0
     0.0013835718     2.993105e-05       0.01153814     0.0021757472     -0.009050956     0.0047482504    9.1093825e-31   -1.6021766e-19    -9.156439e-20    6.1818769e-19             3538                1
     0.0018020811    2.2069893e-05      0.012093704     0.0021470885     -0.012114056     0.0021147444    9.1093825e-31   -1.6021766e-19    -9.156439e-20    6.1818769e-19             3682                1
   -0.00043308819    1.7139751e-05    0.00025513387    -0.0025450364     0.0032626949    -0.0028242217    9.1093825e-31   -1.6021766e-19    -9.156439e-20    6.1818769e-19             3687                1
     0.0034725757    1.7512476e-06      0.012754521     0.0022226085    -0.0044312323     0.0022839562    9.1093825e-31   -1.6021766e-19    -9.156439e-20    6.1818769e-19             2934                1
    -0.0057479194    5.1014707e-05     0.0059136064    -0.0011522522    -0.0019109519     0.0010294078    9.1093825e-31   -1.6021766e-19    -9.156439e-20    6.1818769e-19              220                0
    0.00018799372    3.9569713e-05    -0.0010415748    0.00056579203     0.0057383026    0.00016267515    9.1093825e-31   -1.6021766e-19    -9.156439e-20    6.1818769e-19             3651                1
     0.0061518336    4.6936668e-05    -0.0085334294    -0.0027031349     0.0015814144   -0.00053901999    9.1093825e-31   -1.6021766e-19    -9.156439e-20    6.1818769e-19              931                0
    -0.0030961849    3.9658142e-05    -0.0019064227   -0.00064735429     0.0062154052     -0.001414242    9.1093825e-31   -1.6021766e-19    -9.156439e-20    6.1818769e-19             3667                1
    -0.0026399007    3.9744704e-05       0.00691678   -0.00047051872      0.010439151   -0.00040599756    9.1093825e-31   -1.6021766e-19    -9.156439e-20    6.1818769e-19             3758                1
     0.0014098772      1.10589e-05    -0.0033563473   -0.00037698878     0.0037126238     0.0010455806    9.1093825e-31   -1.6021766e-19    -9.156439e-20    6.1818769e-19             3678                1
    -0.0020409373    1.5710782e-05     0.0063752546     0.0023638045     -0.010301101    -0.0033172546    9.1093825e-31   -1.6021766e-19    -9.156439e-20    6.1818769e-19             3625                1
   -0.00068758021    5.6774257e-05    -0.0078840572      8.36853e-05      0.010136065   -0.00042761027    9.1093825e-31   -1.6021766e-19    -9.156439e-20    6.1818769e-19             3696                1
      0.005840851     1.426169e-05    -0.0031566331     -0.001081204    8.2488463e-05    -0.0022776022    9.1093825e-31   -1.6021766e-19    -9.156439e-20    6.1818769e-19              256                0
   -0.00073530158    7.7608049e-05    -0.0084092934    1.4101445e-06     0.0094064716    5.8358848e-05    9.1093825e-31   -1.6021766e-19    -9.156439e-20    6.1818769e-19             3517                1
    0.00030643636    5.4724511e-05      0.012312827     0.0030623281    -0.0073255925      0.002815994    9.1093825e-31   -1.6021766e-19    -9.156439e-20    6.1818769e-19             3553                1
     0.0004460295    7.0728129e-05    -0.0087086791    -0.0027589784      0.010041014     0.0055063893    9.1093825e-31   -1.6021766e-19    -9.156439e-20    6.1818769e-19             3609                1
     0.0035810412    3.1527088e-05     0.0091078635      0.007327402    -0.0079599936    -0.0017249673    9.1093825e-31   -1.6021766e-19    -9.156439e-20    6.1818769e-19             3483                1
    -0.0093503762     8.386658e-05     0.0020609894    -0.0022438916    0.00013038066    -0.0018363162    9.1093825e-31   -1.6021766e-19    -9.156439e-20    6.1818769e-19              978                0
    -0.0015986627    9.3761271e-05     -0.012365052    -0.0011771334   -0.00024876071     0.0021518674    9.1093825e-31   -1.6021766e-19    -9.156439e-20    6.1818769e-19             3735                1
      0.009389638    2.0711146e-05    0.00090056093     0.0014196312   -0.00054620282   -0.00017844116    9.1093825e-31   -1.6021766e-19    -9.156439e-20    6.1818769e-19              637                0
     0.0032125025    5.8726506e-05      0.013993437    -0.0013506215    -0.0096887974     0.0011693602    9.1093825e-31   -1.6021766e-19    -9.156439e-20    6.1818769e-19             3738                1
    -0.0012124657    2.1437894e-05     0.0060737068   -0.00011515173    -0.0088172359     0.0014842222    9.1093825e-31   -1.6021766e-19    -9.156439e-20    6.1818769e-19             3515                1
     0.0046641096    7.8387646e-05     0.0022503303    -0.0006744439    -0.0017076833     0.0011528638    9.1093825e-31   -1.6021766e-19    -9.156439e-20    6.1818769e-19              229                0
    -0.0012739836    9.8908356e-05    -0.0085455189   -9.8535005e-05      0.010640723    0.00040787959    9.1093825e-31   -1.6021766e-19    -9.156439e-20    6.1818769e-19             3497                1
    -0.0084980214    3.0885556e-05    -0.0014910988    0.00079827599   -0.00046539761   -0.00040305391    9.1093825e-31   -1.6021766e-19    -9.156439e-20    6.1818769e-19              894                0
     0.0075729894    9.0429538e-05     0.0055042733   -0.00099777267   -0.00096637005     0.0030266605    9.1093825e-31   -1.6021766e-19    -9.156439e-20    6.1818769e-19              219                0
      0.008034626    2.3825343e-05    -0.0029630936     0.0016744799   -0.00038091288     0.0023100644    9.1093825e-31   -1.6021766e-19    -9.156439e-20    6.1818769e-19              309                0
    -0.0089612119    6.5595945e-05      0.011172177   -0.00023684917   -0.00016147498   -0.00060471904    9.1093825e-31   -1.6021766e-19    -9.156439e-20    6.1818769e-19              329                0
    -0.0017010461    6.8229914e-05      0.010485648     -0.002371555    -0.0061635375   -0.00039565403    9.1093825e-31   -1.6021766e-19    -9.156439e-20    6.1818769e-19             3508                1
     0.0089678625    6.0777213e-05     0.0080729062     -0.001004742   -0.00036538584     0.0016580836    9.1093825e-31   -1.6021766e-19    -9.156439e-20    6.1818769e-19              369                0
    -0.0012024048    1.9524537e-05     0.0066521242   -0.00079735008    0.00061911193     9.241009e-05    9.1093825e-31   -1.6021766e-19    -9.156439e-20    6.1818769e-19             3684                1
    -0.0016367745    5.8282963e-05     -0.012438728    -0.0050346665     0.0073338351    -0.0033816712    9.1093825e-31   -1.6021766e-19    -9.156439e-20    6.1818769e-19             3439                1
     -0.001391996    4.4976026e-05      0.011157392    0.00021543498    -0.0092812991    0.00076810108    9.1093825e-31   -1.6021766e-19    -9.156439e-20    6.1818769e-19             3676                1
     0.0014374091     2.441268e-05      0.011383248    -0.0046867086     -0.010458582     0.0014993933    9.1093825e-31   -1.6021766e-19    -9.156439e-20    6.1818769e-19             3613                1
   -0.00040663287    6.7187488e-05    -0.0083029838    0.00022261421      0.010038652    -0.0022274109    9.1093825e-31   -1.6021766e-19    -9.156439e-20    6.1818769e-19             3633                1
      0.001767864    6.5399414e-05      0.012055249     -0.003348808    -0.0060969293    -0.0023029868    9.1093825e-31   -1.6021766e-19    -9.156439e-20    6.1818769e-19             3512                1
    -0.0041707181    6.4097825e-05    -0.0096902465    -0.0082689477     0.0083228014    0.00011751361    9.1093825e-31   -1.6021766e-19    -9.156439e-20    6.1818769e-19             3589                1
     0.0072072204    6.0967919e-05     0.0008036514    -0.0015154412    -0.0004650004    -0.0008519899    9.1093825e-31   -1.6021766e-19    -9.156439e-20    6.1818769e-19              476                0
    -0.0048177969    5.6705183e-05     -0.012878016     0.0013074484     0.0026588475    -0.0016436867    9.1093825e-31   -1.6021766e-19    -9.156439e-20    6.1818769e-19              549                0
   -0.00081426802    9.3296294e-05      0.010243597     0.0026141985    -0.0028088205    0.00071830873    9.1093825e-31   -1.6021766e-19    -9.156439e-20    6.1818769e-19              569                0
    -0.0016060281    7.7482189e-05     -0.012383252    -0.0025539007    -0.0032957671    -0.0012544239    9.1093825e-31   -1.6021766e-19    -9.156439e-20    6.1818769e-19             3734                1
     0.0015535371    2.9281711e-05     0.0072744768   -0.00066703925    -0.0077846809    -0.0031905884    9.1093825e-31   -1.6021766e-19    -9.156439e-20    6.1818769e-19             3416                1
   -0.00018789293    2.5924737e-05      0.013773353    -0.0036754457     -0.011355248    0.00097116717    9.1093825e-31   -1.6021766e-19    -9.156439e-20    6.1818769e-19             3668                1
     0.0014391919    7.2212621e-05    -0.0033770672     0.0029858844      0.010737011    -0.0013208225    9.1093825e-31   -1.6021766e-19    -9.156439e-20    6.1818769e-19             3677                1
    -0.0077235685    4.4882516e-05     0.0039442875     0.0011603707   -0.00098436454    0.00098704523    9.1093825e-31   -1.6021766e-19    -9.156439e-20    6.1818769e-19              934                0
   -0.00085796014    6.0304581e-05    -0.0083630979    -0.0012484732      0.010023279    -0.0020172461    9.1093825e-31   -1.6021766e-19    -9.156439e-20    6.1818769e-19             3680                1
     0.0014968495    4.9682317e-06       0.01143363    -0.0014225291     -0.010708448     0.0030230749    9.1093825e-31   -1.6021766e-19    -9.156439e-20    6.1818769e-19             3527                1
     0.0012162905    6.3703534e-05     -0.006548495     0.0073990119     0.0088976016   -0.00050724688    9.1093825e-31   -1.6021766e-19    -9.156439e-20    6.1818769e-19             3590                1
     0.0016761419    3.7024947e-05     -0.012827079   -0.00024530859     0.0052549294    0.00017378725    9.1093825e-31   -1.6021766e-19    -9.156439e-20    6.1818769e-19             3329                1
    -0.0014086667    3.9014474e-05      0.011123132    -0.0016210972     0.0077914791     0.0030976427    9.1093825e-31   -1.6021766e-19    -9.156439e-20    6.1818769e-19             3749                1
     0.0012122634    8.7569199e-05    -0.0069366246    -0.0011922789      0.011697078      0.001441187    9.1093825e-31   -1.6021766e-19    -9.156439e-20    6.1818769e-19             3624                1
     0.0054542683    1.6982398e-05     0.0022359679    0.00060988287    -0.0018360788     0.0025733369    9.1093825e-31   -1.6021766e-19    -9.156439e-20    6.1818769e-19               20                0
    0.00058259175    5.3746837e-05    0.00022928459   -0.00068961928     0.0083401427    -0.0010802861    9.1093825e-31   -1.6021766e-19    -9.156439e-20    6.1818769e-19             3698                1
   -0.00094942743     9.909612e-05    -0.0083692158     0.0047316756    -0.0029899494    -0.0021013634    9.1093825e-31   -1.6021766e-19    -9.156439e-20    6.1818769e-19             3829                1
    -0.0012392238    2.7242224e-05     0.0060810358    -0.0014234589     0.0069586467   -0.00061679236    9.1093825e-31   -1.6021766e-19    -9.156439e-20    6.1818769e-19             3755                1
     0.0015636473    5.5058259e-05    -0.0052170958   -0.00020641697     0.0077388841   -0.00029956325    9.1093825e-31   -1.6021766e-19    -9.156439e-20    6.1818769e-19             3585                1
     0.0011049076    3.6662092e-05    -0.0094690314   -4.8523252e-05     0.0064990721    -0.0018475337    9.1093825e-31   -1.6021766e-19    -9.156439e-20    6.1818769e-19             3474                1
     0.0048792358    8.7217304e-05    -0.0032636798    0.00089553499     0.0029745139     0.0028400216    9.1093825e-31   -1.6021766e-19    -9.156439e-20    6.1818769e-19             3169                1
     0.0034126195    6.8517293e-06    -0.0076142787    0.00011795052    0.00027309282   -0.00027441574    9.1093825e-31   -1.6021766e-19    -9.156439e-20    6.1818769e-19             2921                1
     0.0059848251     7.450136e-05      0.012075417   -0.00064196397    -0.0012267623     0.0020722302    9.1093825e-31   -1.6021766e-19    -9.156439e-20    6.1818769e-19              280                0
     0.0001255736     1.988606e-05    -0.0011522563    -0.0012379375     0.0034133932   -0.00022334479    9.1093825e-31   -1.6021766e-19    -9.156439e-20    6.1818769e-19             3621                1
     0.0013727468     7.219382e-05    -0.0088527808     -0.002458751     0.0094706714    -0.0030020336    9.1093825e-31   -1.6021766e-19    -9.156439e-20    6.1818769e-19             3547                1
     0.0014465873    9.3952927e-05    -0.0088895559    -0.0019873283       0.01217916   -0.00080124778    9.1093825e-31   -1.6021766e-19    -9.156439e-20    6.1818769e-19             3615                1
      0.001121179    2.4406756e-05     0.0058046775     0.0031484589     0.0062686577     0.0056868037    9.1093825e-31   -1.6021766e-19    -9.156439e-20    6.1818769e-19             3756                1
     0.0028816126    7.2525945e-05     0.0099192299     0.0003922777    -0.0024879521   -0.00023498414    9.1093825e-31   -1.6021766e-19    -9.156439e-20    6.1818769e-19              177                0
    -0.0019439955    5.9519093e-06     0.0064421999     0.0040629329     -0.010615344    -0.0029294631    9.1093825e-31   -1.6021766e-19    -9.156439e-20    6.1818769e-19             3586                1
      0.002050665    3.6383866e-05      0.010627316     0.0015467425    -0.0084007503   -0.00068702892    9.1093825e-31   -1.6021766e-19    -9.156439e-20    6.1818769e-19             3524                1
    -0.0031968001     8.829635e-05     -0.010283508    -0.0023142416    -0.0035142666    0.00026253425    9.1093825e-31   -1.6021766e-19    -9.156439e-20    6.1818769e-19             3779                1
    -0.0082611414    1.7528249e-05     0.0034142726    0.00095751148   -0.00095413503     -0.003189692    9.1093825e-31   -1.6021766e-19    -9.156439e-20    6.1818769e-19              184                0
    -0.0019540528    7.3967778e-05     0.0039775399    -0.0014187871     -0.002891945    9.4296352e-05    9.1093825e-31   -1.6021766e-19    -9.156439e-20    6.1818769e-19              699                0
   -0.00048772979    9.0114074e-05    -0.0082258815     0.0045709736    -0.0067467419    2.0920232e-05    9.1093825e-31   -1.6021766e-19    -9.156439e-20    6.1818769e-19             3803                1
    -0.0012656775    2.4397841e-05     0.0065871421     0.0040859934     0.0026130769    0.00099530001    9.1093825e-31   -1.6021766e-19    -9.156439e-20    6.1818769e-19             3711                1
    -0.0085945623    3.0596708e-05      0.002094151    0.00042585324   -0.00056109024   -0.00017244137    9.1093825e-31   -1.6021766e-19    -9.156439e-20    6.1818769e-19              264                0
     0.0051081507    2.3178194e-05    0.00019622532    0.00026664502    -0.0014272088    -0.0012753262    9.1093825e-31   -1.6021766e-19    -9.156439e-20    6.1818769e-19              284                0
    -0.0018024889    8.4351137e-05      0.010574229     0.0034455336    -0.0055074589    1.0322618e-05    9.1093825e-31   -1.6021766e-19    -9.156439e-20    6.1818769e-19             3764                1
      -0.00142724    7.5771153e-05    -0.0080249701     0.0058067259        0.0112806    0.00019341525    9.1093825e-31   -1.6021766e-19    -9.156439e-20    6.1818769e-19             3657                1
     0.0040250341    5.2819876e-05    -0.0067901947     -0.003359817   -0.00038542153    0.00024832989    9.1093825e-31   -1.6021766e-19    -9.156439e-20    6.1818769e-19             3523                1
   -0.00077379314    2.8518811e-05    -0.0028700393    -0.0075528016    -0.0029930698   -4.0335708e-05    9.1093825e-31   -1.6021766e-19    -9.156439e-20    6.1818769e-19             3498                1
   -0.00099487905    4.9229757e-06    -0.0020913885   -8.3358827e-05   -0.00076351163    0.00018917999    9.1093825e-31   -1.6021766e-19    -9.156439e-20    6.1818769e-19              384                0
   -0.00092712627    4.3267981e-05    -0.0084430883   -0.00013071511      0.007022866    0.00034469165    9.1093825e-31   -1.6021766e-19    -9.156439e-20    6.1818769e-19             3514                1
    -0.0033290882    1.0017051e-05     0.0062429942     -0.001000191     0.0034763438    -0.0045686392    9.1093825e-31   -1.6021766e-19    -9.156439e-20    6.1818769e-19             3781                1
    -0.0092199175    5.0136114e-05   -0.00039942702     1.104412e-05   -0.00027336646    0.00067073753    9.1093825e-31   -1.6021766e-19    -9.156439e-20    6.1818769e-19              444                0
    -0.0059217173    1.0698988e-05     -0.002040725    0.00017853886   -0.00028508302    -0.0010533151    9.1093825e-31   -1.6021766e-19    -9.156439e-20    6.1818769e-19              464                0
    -0.0037266577    2.4537338e-05      0.011685839    0.00029162588   -0.00033149688   -0.00042235904    9.1093825e-31   -1.6021766e-19    -9.156439e-20    6.1818769e-19             3644                1
     0.0056568799    9.4327639e-05     0.0093964385     0.0016091079    -0.0013069803     0.0017081518    9.1093825e-31   -1.6021766e-19    -9.156439e-20    6.1818769e-19             1322                1
      0.002668245    7.1224109e-05      0.012195255    -0.0013258605    -0.0052345903    -0.0016161833    9.1093825e-31   -1.6021766e-19    -9.156439e-20    6.1818769e-19             3466                1
     0.0011323382    1.9248027e-05     0.0077098613    -0.0008688246     0.0090040304    0.00028627715    9.1093825e-31   -1.6021766e-19    -9.156439e-20    6.1818769e-19             3792                1
     0.0083808033    5.3588294e-05     -0.003802812   -0.00064527994    0.00033529926    0.00088331162    9.1093825e-31   -1.6021766e-19    -9.156439e-20    6.1818769e-19              564                0
      0.001116556    3.9298771e-05    -0.0064279707    -0.0021379821     0.0070130988     0.0040714652    9.1093825e-31   -1.6021766e-19    -9.156439e-20    6.1818769e-19             3614                1
     0.0031847386    4.0977844e-05        0.0140211     0.0026969418    -0.0088942284    -0.0027724789    9.1093825e-31   -1.6021766e-19    -9.156439e-20    6.1818769e-19             3653                1
     0.0017404587    6.4413318e-05    -0.0030007879   -9.5697156e-05     0.0080625117   -0.00026347424    9.1093825e-31   -1.6021766e-19    -9.156439e-20    6.1818769e-19             3602                1
      0.001106557    1.1319435e-05     0.0059901518   -0.00019368427     -0.008746881      0.010911359    9.1093825e-31   -1.6021766e-19    -9.156439e-20    6.1818769e-19             3429                1
    -0.0068207611    8.8150307e-05     0.0008162437    0.00020118884   -0.00054278126   -8.8656547e-05    9.1093825e-31   -1.6021766e-19    -9.156439e-20    6.1818769e-19              664                0
    -0.0035010909    8.8789959e-05    -0.0099554481   -0.00023896041      0.012195968    0.00035614081    9.1093825e-31   -1.6021766e-19    -9.156439e-20    6.1818769e-19             3662                1
     0.0033825834    5.2951695e-05     0.0046005342    -0.0001769003     -0.002645809    -0.0018758487    9.1093825e-31   -1.6021766e-19    -9.156439e-20    6.1818769e-19              704                0
    -0.0042522214    4.8411042e-05     -0.011990132   -0.00068980968     0.0078040189    -0.0010960578    9.1093825e-31   -1.6021766e-19    -9.156439e-20    6.1818769e-19             3701                1
    0.00021775576    1.7781524e-06    0.00012455499    -0.0078294314      0.001027385    8.8373949e-05    9.1093825e-31   -1.6021766e-19    -9.156439e-20    6.1818769e-19             3622                1
     0.0024026989    6.3542917e-05    -0.0092806229   -0.00049010798     0.0072997124    0.00054802001    9.1093825e-31   -1.6021766e-19    -9.156439e-20    6.1818769e-19             3435                1
    -0.0066012796    6.6727269e-05     -0.010850194    0.00095914095     0.0013966926    0.00099963497    9.1093825e-31   -1.6021766e-19    -9.156439e-20    6.1818769e-19              125                0
    -0.0050252797    9.9057346e-05      0.013404052    0.00092277769   -0.00071965571    0.00043378439    9.1093825e-31   -1.6021766e-19    -9.156439e-20    6.1818769e-19              804                0
   -0.00098545244    9.7279961e-05     -0.003893218    -0.0054380228   -0.00099350093    -0.0036962822    9.1093825e-31   -1.6021766e-19    -9.156439e-20    6.1818769e-19             3797                1
    0.00045003954    1.2725583e-05    0.00030043587   -1.1519864e-05     0.0028636907   -0.00018987442    9.1093825e-31   -1.6021766e-19    -9.156439e-20    6.1818769e-19             3699                1
    -0.0012861794    3.2739095e-05     0.0066194716    0.00094864011     0.0038870729     0.0059422962    9.1093825e-31   -1.6021766e-19    -9.156439e-20    6.1818769e-19             3712                1
    -0.0014399452    1.4118868e-05    -0.0065366481     0.0010810078     0.0058008875    -0.0010825134    9.1093825e-31   -1.6021766e-19    -9.156439e-20    6.1818769e-19             3774                1
   -0.00089177326    6.9445363e-05     0.0069618137   -0.00082376652    -0.0066903378    -0.0038591139    9.1093825e-31   -1.6021766e-19    -9.156439e-20    6.1818769e-19             3736                1
     0.0012568894    8.1120583e-05      0.011500328    0.00020074553    -0.0026580857     0.0015560569    9.1093825e-31   -1.6021766e-19    -9.156439e-20    6.1818769e-19             2668                1
     0.0013058985    2.7959362e-18      0.011372337     0.0020751504     -0.014234762   -0.00076855358    9.1093825e-31   -1.6021766e-19    -9.156439e-20    6.1818769e-19             3660                1
    0.00054307363    8.1850318e-05      -0.01185177    4.2035354e-05     0.0037503373     0.0002342661    9.1093825e-31   -1.6021766e-19    -9.156439e-20    6.1818769e-19              958                0
     0.0010780927     9.224614e-05    -0.0095925815     0.0033680967      0.010578757    -0.0012248277    9.1093825e-31   -1.6021766e-19    -9.156439e-20    6.1818769e-19             3520                1
    -0.0067599197    9.1423331e-05      0.012291322    0.00030844935   -0.00071626029    0.00066840602    9.1093825e-31   -1.6021766e-19    -9.156439e-20    6.1818769e-19              988                0
    -0.0025223347    4.8332575e-05    -0.0018304094    -0.0029804581     -0.003729231    0.00033777184    9.1093825e-31   -1.6021766e-19    -9.156439e-20    6.1818769e-19             3658                1
   -4.6224177e-05    1.1838201e-05     0.0042587966    0.00027766754    -0.0080426708   -0.00018346767    9.1093825e-31   -1.6021766e-19    -9.156439e-20    6.1818769e-19             3412                1
      0.001921192    6.0388589e-05      0.012122785     0.0006558231    -0.0074417065   -0.00011312497    9.1093825e-31   -1.6021766e-19    -9.156439e-20    6.1818769e-19             3671                1
     0.0033761358     4.438965e-05      0.012659271    -0.0002785699    -0.0076304646    -0.0015793291    9.1093825e-31   -1.6021766e-19    -9.156439e-20    6.1818769e-19             3564                1
     0.0017216466    7.3953626e-05    -0.0029832553     -0.001777802     0.0089093884     0.0013051492    9.1093825e-31   -1.6021766e-19    -9.156439e-20    6.1818769e-19             3603                1
     0.0030017341    4.9235132e-05    -0.0045205224     0.0022574463     0.0096839899    -0.0027530089    9.1093825e-31   -1.6021766e-19    -9.156439e-20    6.1818769e-19             3715                1
    0.00090060948    3.8259128e-05     0.0025970894     0.0038527199    -0.0059863813    -0.0047745374    9.1093825e-31   -1.6021766e-19    -9.156439e-20    6.1818769e-19             3552                1
   -4.9831928e-05    5.5567507e-05      0.013836084     0.0048294938    -0.0063068885     0.0039477982    9.1093825e-31   -1.6021766e-19    -9.156439e-20    6.1818769e-19             3502                1
     0.0010862262    1.8089997e-05      0.011379623    -0.0017207453     -0.011334598    -0.0024865642    9.1093825e-31   -1.6021766e-19    -9.156439e-20    6.1818769e-19             3626                1
    -0.0024667301    1.5798232e-05     0.0061663827     0.0012885368     -0.003446457    0.00040811187    9.1093825e-31   -1.6021766e-19    -9.156439e-20    6.1818769e-19              485                0
     0.0015284556    9.6929121e-05     -0.012956272    -0.0015316447    -0.0034293195     0.0038946038    9.1093825e-31   -1.6021766e-19    -9.156439e-20    6.1818769e-19             3818                1
     0.0016913894    3.3194443e-05      0.011308344    -0.0039199181    -0.0097910296     0.0015053826    9.1093825e-31   -1.6021766e-19    -9.156439e-20    6.1818769e-19             3627                1
   -1.3256968e-05    6.9903072e-05      0.013778266    -0.0028106053    -0.0068556988     0.0020959389    9.1093825e-31   -1.6021766e-19    -9.156439e-20    6.1818769e-19             3705                1
     0.0013948579    8.1186481e-05    -0.0086013889   -0.00046697448      0.010809179    8.5579733e-05    9.1093825e-31   -1.6021766e-19    -9.156439e-20    6.1818769e-19             3599                1
     -0.004179942    8.6535794e-05     -0.012197494      0.004750764    -0.0033820989    0.00021718015    9.1093825e-31   -1.6021766e-19    -9.156439e-20    6.1818769e-19             3761                1
    -0.0016549401    5.3865028e-06     -0.011186888    -0.0035309561   -1.5354788e-05    0.00081178162    9.1093825e-31   -1.6021766e-19    -9.156439e-20    6.1818769e-19             3137                1
    -0.0029597906    9.4637973e-05     -0.010602405    0.00081181276    -0.0043432657    -0.0036617352    9.1093825e-31   -1.6021766e-19    -9.156439e-20    6.1818769e-19             3806                1
    -0.0019241255     2.522801e-05     0.0019681277   -1.1730524e-05     0.0057414118    0.00048528475    9.1093825e-31   -1.6021766e-19    -9.156439e-20    6.1818769e-19             3739                1
    -0.0015936992    8.9174006e-05     -0.012448078    8.9060464e-05     0.0089238547   -0.00095992227    9.1093825e-31   -1.6021766e-19    -9.156439e-20    6.1818769e-19             3431                1
     0.0010669086    4.9012251e-05      0.007773994    -0.0012808108    -0.0080291517   -1.7555314e-05    9.1093825e-31   -1.6021766e-19    -9.156439e-20    6.1818769e-19             3663                1
     0.0023549029    2.3177081e-05    -0.0091465469     0.0018909347     0.0061815823    -0.0019105963    9.1093825e-31   -1.6021766e-19    -9.156439e-20    6.1818769e-19             3741                1
     0.0017342385    7.9215206e-05     0.0068184049    0.00022729926   -0.00011254659    0.00060146191    9.1093825e-31   -1.6021766e-19    -9.156439e-20    6.1818769e-19             3409                1
    -0.0029379211    4.7223271e-05     -0.014571326   -4.2390653e-05     0.0028452673    -0.0013784695    9.1093825e-31   -1.6021766e-19    -9.156439e-20    6.1818769e-19              422                0
    -0.0013972867    8.1158512e-05    -0.0084108822    0.00066560274    -0.0094890939   -3.2075252e-05    9.1093825e-31   -1.6021766e-19    -9.156439e-20    6.1818769e-19             3794                1
    -0.0011058522    1.1173784e-06     0.0061551812    -0.0011277768     0.0056457263    0.00057840301    9.1093825e-31   -1.6021766e-19    -9.156439e-20    6.1818769e-19             3831                1
    -0.0010606035    5.0390441e-05     0.0060315672    0.00056023209    -0.0016471245    -0.0025815149    9.1093825e-31   -1.6021766e-19    -9.156439e-20    6.1818769e-19             3396                1
    -0.0044865264    9.4727911e-05      0.010417634    -0.0029090173    -0.0017815462     0.0010083535    9.1093825e-31   -1.6021766e-19    -9.156439e-20    6.1818769e-19              687                0
   -0.00093592855    1.5138166e-05     0.0059278207     0.0030848857    -0.0087539013    0.00049503881    9.1093825e-31   -1.6021766e-19    -9.156439e-20    6.1818769e-19             3452                1
    1.7300972e-05    1.2099854e-05     0.0043503824     0.0027136735     0.0039670761   -0.00081487012    9.1093825e-31   -1.6021766e-19    -9.156439e-20    6.1818769e-19             3769                1
      0.001017848    2.9697481e-05     -0.009616009    -0.0037801985     0.0065219994     0.0004213005    9.1093825e-31   -1.6021766e-19    -9.156439e-20    6.1818769e-19             3709                1
     0.0053751185    3.5412406e-05     0.0032525051    0.00025869726    -0.0020607363   -0.00070400623    9.1093825e-31   -1.6021766e-19    -9.156439e-20    6.1818769e-19              581                0
    -0.0013899049    6.5909051e-05    -0.0084721344   -1.0927585e-05     0.0099175069    1.8324548e-05    9.1093825e-31   -1.6021766e-19    -9.156439e-20    6.1818769e-19             3641                1
    -0.0015427358    7.0312475e-05    -0.0083211698    -0.0017239681     0.0094550448     0.0002463352    9.1093825e-31   -1.6021766e-19    -9.156439e-20    6.1818769e-19             3565                1
     0.0013871688    6.4626794e-05     0.0015579987   -8.3218925e-05    -0.0021436343    -0.0016351641    9.1093825e-31   -1.6021766e-19    -9.156439e-20    6.1818769e-19              641                0
   -0.00092919276    6.3643645e-05    -0.0029145533    0.00051062426     0.0082540968    -0.0019884082    9.1093825e-31   -1.6021766e-19    -9.156439e-20    6.1818769e-19             3618                1
    0.00080844044     1.607344e-05     0.0059364494      0.003382856      0.010141484     0.0057143592    9.1093825e-31   -1.6021766e-19    -9.156439e-20    6.1818769e-19             3802                1
    -0.0016899715    7.8525023e-05     -0.011132985    -0.0027780866    -0.0066962098    -0.0037488691    9.1093825e-31   -1.6021766e-19    -9.156439e-20    6.1818769e-19             3777                1
    -0.0029561378    8.4829211e-05     -0.010340714   -4.4493616e-05    -0.0043218737   -0.00013276152    9.1093825e-31   -1.6021766e-19    -9.156439e-20    6.1818769e-19             3771                1
      0.002529101      8.78664e-05    -0.0076631471     0.0014134888       0.01003423     0.0033769025    9.1093825e-31   -1.6021766e-19    -9.156439e-20    6.1818769e-19             3534                1
   -0.00040480637    9.6150783e-05    -0.0082839373    0.00040172497      0.012876239   -0.00035267742    9.1093825e-31   -1.6021766e-19    -9.156439e-20    6.1818769e-19             3634                1
    -0.0013333636    1.2937861e-05     0.0055622901    -0.0047507691     0.0023098176     0.0023468654    9.1093825e-31   -1.6021766e-19    -9.156439e-20    6.1818769e-19             3743                1
    0.00025352984      7.81368e-05    -0.0087865265   -0.00046074606      0.010651501    0.00028289785    9.1093825e-31   -1.6021766e-19    -9.156439e-20    6.1818769e-19             3604                1
     0.0094200643    4.4002871e-05    -0.0041097151    0.00047689019   -0.00018283231     0.0016113992    9.1093825e-31   -1.6021766e-19    -9.156439e-20    6.1818769e-19              821                0
    -0.0018139365    4.8183119e-06     0.0018850104    -0.0036998419       0.00338089    -0.0012245828    9.1093825e-31   -1.6021766e-19    -9.156439e-20    6.1818769e-19             3801                1
    -0.0013953227    2.4771101e-05      0.011139547    0.00080797612    -0.0096532684     0.0035774396    9.1093825e-31   -1.6021766e-19    -9.156439e-20    6.1818769e-19             3546                1
      0.001976321    3.5016081e-05     -0.012660814   -0.00039567362     0.0058671264    -0.0034304215    9.1093825e-31   -1.6021766e-19    -9.156439e-20    6.1818769e-19             3669                1
    -0.0018329606    2.3681161e-05     0.0020020299     0.0022308761     0.0056209723    0.00028369491    9.1093825e-31   -1.6021766e-19    -9.156439e-20    6.1818769e-19             3744                1
     0.0026931784    2.7679656e-05      0.012213077    0.00021755035    -0.0079233274   -0.00050521432    9.1093825e-31   -1.6021766e-19    -9.156439e-20    6.1818769e-19             3467                1
    -0.0052187755    1.8417555e-05      -0.01082495    -0.0031098919    0.00070128299    0.00044313542    9.1093825e-31   -1.6021766e-19    -9.156439e-20    6.1818769e-19             2846                1
    -0.0013283251    7.2894632e-05     -0.012607474    -0.0092263529    -0.0017383106    -0.0022600254    9.1093825e-31   -1.6021766e-19    -9.156439e-20    6.1818769e-19             3693                1
   -0.00084149814    7.0112481e-05    -0.0084978743    0.00029465737    -0.0025503442   -0.00054268446    9.1093825e-31   -1.6021766e-19    -9.156439e-20    6.1818769e-19             3718                1
     0.0014367851    9.8601471e-05     -0.013161338     0.0027427445    -0.0035334299   -0.00067132997    9.1093825e-31   -1.6021766e-19    -9.156439e-20    6.1818769e-19             3825                1
     0.0017969179     1.898096e-05     0.0072685014   -0.00012633583     0.0077436902   -0.00012949023    9.1093825e-31   -1.6021766e-19    -9.156439e-20    6.1818769e-19             3787                1
    -0.0033391416    8.0561047e-05    -0.0099028861     0.0022397514      0.008685817   -0.00098716258    9.1093825e-31   -1.6021766e-19    -9.156439e-20    6.1818769e-19             3470                1
   -0.00084424648    9.5699063e-05    -0.0084045297   -0.00024317946   -0.00037395899     0.0022054103    9.1093825e-31   -1.6021766e-19    -9.156439e-20    6.1818769e-19             3770                1
    0.00027740467    6.3284751e-05    -0.0088700941   -0.00056841969     0.0084286807    -0.0046749595    9.1093825e-31   -1.6021766e-19    -9.156439e-20    6.1818769e-19             3503                1
      0.004003827    2.0772983e-05     0.0010034648     -0.001523391    -0.0020248871    -0.0015092096    9.1093825e-31   -1.6021766e-19    -9.156439e-20    6.1818769e-19              118                0
     0.0014720542    9.6540338e-05    -0.0088971425   -0.00032517198      0.011326415    -0.0013773579    9.1093825e-31   -1.6021766e-19    -9.156439e-20    6.1818769e-19             3550                1
    -0.0093955696    4.1394014e-05    -0.0036077234    0.00051620684    0.00020842846    0.00042813065    9.1093825e-31   -1.6021766e-19    -9.156439e-20    6.1818769e-19              158                0
     0.0015118191    7.9091196e-06     0.0024697564    -0.0018614917     0.0023836754     0.0022152299    9.1093825e-31   -1.6021766e-19    -9.156439e-20    6.1818769e-19             3750                1
    -0.0025120538    9.2576047e-05    0.00075494969   -0.00079995434      0.010193722    0.00094733702    9.1093825e-31   -1.6021766e-19    -9.156439e-20    6.1818769e-19             3649                1
    -0.0031864357    3.7632282e-05     0.0065726209     0.0021084505    -0.0070404615     0.0046160575    9.1093825e-31   -1.6021766e-19    -9.156439e-20    6.1818769e-19             3441                1
    -0.0010718321    3.6995887e-05    -0.0057929298    -0.0053556506     0.0075150738   -0.00022664916    9.1093825e-31   -1.6021766e-19    -9.156439e-20    6.1818769e-19             3695                1
     0.0068477658    7.9929319e-05     -0.013497369   -0.00044433228     0.0017912602     0.0009427878    9.1093825e-31   -1.6021766e-19    -9.156439e-20    6.1818769e-19              213                0
     0.0018117423     8.923118e-05     -0.012448614     0.0022025285    -0.0062788269    -0.0060809734    9.1093825e-31   -1.6021766e-19    -9.156439e-20    6.1818769e-19             3798                1
   -5.0808161e-05    8.5035781e-06     0.0035269873    0.00014883578      0.010855087   -0.00053077418    9.1093825e-31   -1.6021766e-19    -9.156439e-20    6.1818769e-19             3820                1
    -0.0028920176    6.9124952e-05    -0.0058030551   -0.00088243093     0.0099722575     -0.002821906    9.1093825e-31   -1.6021766e-19    -9.156439e-20    6.1818769e-19             3650                1
    0.00021829679    9.9236995e-06      0.012351994     -0.002848767    -0.0084514385    0.00049995468    9.1093825e-31   -1.6021766e-19    -9.156439e-20    6.1818769e-19             3437                1
   -0.00066333357    7.6735363e-05     -0.007976939     1.155761e-06      0.011445247   -5.4803182e-05    9.1093825e-31   -1.6021766e-19    -9.156439e-20    6.1818769e-19             3659                1
    -0.0011040871    4.3827436e-05     0.0057853134   -0.00031673332    -0.0079320082   -3.0513702e-05    9.1093825e-31   -1.6021766e-19    -9.156439e-20    6.1818769e-19             3672                1
    -0.0013694211    3.0225547e-05    -0.0084386775     0.0020379138     0.0063459408     0.0033562025    9.1093825e-31   -1.6021766e-19    -9.156439e-20    6.1818769e-19             3642                1
     0.0015810801    3.8691078e-06     0.0025026619     0.0037150197    -0.0079952506     0.0022351469    9.1093825e-31   -1.6021766e-19    -9.156439e-20    6.1818769e-19             3479                1
      -0.00128248     7.880287e-05     -0.014144744    -0.0017813666    -0.0045325682     0.0030607693    9.1093825e-31   -1.6021766e-19    -9.156439e-20    6.1818769e-19             3748                1
   -2.0691787e-05    1.7288863e-05     0.0034181962    -0.0027013924     0.0043676733   -0.00051856262    9.1093825e-31   -1.6021766e-19    -9.156439e-20    6.1818769e-19             3751                1
   -0.00097002089    1.6992979e-05     0.0055936794   -8.0716462e-05     0.0078001446    0.00024288311    9.1093825e-31   -1.6021766e-19    -9.156439e-20    6.1818769e-19             3788                1
     0.0020475462    4.3054883e-05      0.014585765   -0.00028629429    -0.0092930878   -0.00034800678    9.1093825e-31   -1.6021766e-19    -9.156439e-20    6.1818769e-19             3679                1
    -0.0020745492    1.0727196e-05     0.0063054985    -0.0022303613     0.0063275523     0.0010590886    9.1093825e-31   -1.6021766e-19    -9.156439e-20    6.1818769e-19             3799                1
   -0.00090697967    9.6283275e-06     0.0061193267   -0.00012478849     0.0069336952    0.00088459306    9.1093825e-31   -1.6021766e-19    -9.156439e-20    6.1818769e-19             3804                1
     0.0032372151    8.3643892e-05     0.0079050567   -0.00070336787    -0.0027532475    -0.0005407391    9.1093825e-31   -1.6021766e-19    -9.156439e-20    6.1818769e-19              903                0
    -0.0084304763    5.6798388e-05      0.010206231    0.00098497933   -0.00030843832    0.00071632129    9.1093825e-31   -1.6021766e-19    -9.156439e-20    6.1818769e-19              578                0
     0.0014738009    3.6906815e-05    -0.0053017256    -0.0010718444     0.0078136837    -0.0052516437    9.1093825e-31   -1.6021766e-19    -9.156439e-20    6.1818769e-19             3707                1
     0.0083631426    3.8558232e-05     0.0096159671     0.0017458558   -0.00052048644    0.00014757794    9.1093825e-31   -1.6021766e-19    -9.156439e-20    6.1818769e-19              618                0
    -0.0024191437    8.5266489e-05    -0.0020819553    0.00025304311     0.0095964419    0.00042808722    9.1093825e-31   -1.6021766e-19    -9.156439e-20    6.1818769e-19             3611                1
   -0.00054357946    1.3823927e-05    -0.0026244901   -0.00069859606      0.008406288     0.0018087301    9.1093825e-31   -1.6021766e-19    -9.156439e-20    6.1818769e-19             3796                1
   -0.00098897633     6.332481e-06       0.00602361   -3.6655572e-05    0.00076243642   -0.00047567193    9.1093825e-31   -1.6021766e-19    -9.156439e-20    6.1818769e-19             3740                1
   -0.00092511514    6.0893308e-05    -0.0027155282   -0.00019283229       0.01035101    0.00020256429    9.1093825e-31   -1.6021766e-19    -9.156439e-20    6.1818769e-19             3703                1
    -0.0016169611    8.3126964e-05    -0.0084067211    -0.0048260177     0.0093344329     0.0051738587    9.1093825e-31   -1.6021766e-19    -9.156439e-20    6.1818769e-19             3484                1
     0.0015306947    2.2175594e-05     -0.005356872     0.0047296654      0.007279254     0.0012156956    9.1093825e-31   -1.6021766e-19    -9.156439e-20    6.1818769e-19             3757                1
    -0.0037286624     3.951438e-05      0.011509661    -0.0024998246    -0.0088402629    -0.0025118508    9.1093825e-31   -1.6021766e-19    -9.156439e-20    6.1818769e-19             3645                1
    -0.0011737273    8.9015957e-05     -0.012593416     0.0038082444    -0.0018295479    -0.0074002822    9.1093825e-31   -1.6021766e-19    -9.156439e-20    6.1818769e-19             3747                1
     0.0041567888    5.7495181e-05     -0.011602727     0.0037504851     0.0073083621     0.0027927002    9.1093825e-31   -1.6021766e-19    -9.156439e-20    6.1818769e-19             3555                1
    -0.0011056281    1.5700579e-07      0.006155435    4.2042088e-06     0.0007952585      0.001858101    9.1093825e-31   -1.6021766e-19    -9.156439e-20    6.1818769e-19             3832                1
    -0.0067066024    2.1972237e-05     0.0051504457   -0.00047850749       -0.0016405     0.0010696915    9.1093825e-31   -1.6021766e-19    -9.156439e-20    6.1818769e-19              573                0
    -0.0036405043    1.8857083e-05      0.011510085      0.002835321    -0.0086398525    -0.0050683664    9.1093825e-31   -1.6021766e-19    -9.156439e-20    6.1818769e-19             3494                1
   -0.00029314085    5.9822611e-05    -0.0083963796     0.0036497575     0.0087889042    -0.0081126094    9.1093825e-31   -1.6021766e-19    -9.156439e-20    6.1818769e-19             3571                1
    -0.0016311618    4.4933153e-05      0.010662213     0.0025349213    -0.0079697641     0.0057354472    9.1093825e-31   -1.6021766e-19    -9.156439e-20    6.1818769e-19             3540                1
     0.0011539444    1.5682117e-05     0.0058486615     0.0043386146     0.0062752478    3.9501838e-06    9.1093825e-31   -1.6021766e-19    -9.156439e-20    6.1818769e-19             3785                1
     0.0014888685    8.7573542e-05    -0.0086719031   -0.00076688832      0.012879848     0.0012755537    9.1093825e-31   -1.6021766e-19    -9.156439e-20    6.1818769e-19             3673                1
    -0.0015971564    9.7619784e-05     -0.012360336    -0.0057566487       0.01202853     0.0033627674    9.1093825e-31   -1.6021766e-19    -9.156439e-20    6.1818769e-19             3628                1
     0.0035596301    1.3473903e-05      0.012710158     0.0097529311     -0.010123967     0.0016771827    9.1093825e-31   -1.6021766e-19    -9.156439e-20    6.1818769e-19             3570                1
    -0.0063722515    2.0802985e-05     0.0051975846   -0.00086359063    -0.0017958154    -0.0027872771    9.1093825e-31   -1.6021766e-19    -9.156439e-20    6.1818769e-19              985                0
     0.0031934176    3.5691599e-05      0.014073864    -0.0025569552     -0.010767382    -0.0028983313    9.1093825e-31   -1.6021766e-19    -9.156439e-20    6.1818769e-19             3697                1
      0.007601412    6.3367457e-05    0.00076349039   -0.00053492741   -0.00068884931      0.001206709    9.1093825e-31   -1.6021766e-19    -9.156439e-20    6.1818769e-19              614                0
   -0.00096869678    1.1707586e-05     0.0059261066     0.0019027714    -0.0092393961    -0.0032415721    9.1093825e-31   -1.6021766e-19    -9.156439e-20    6.1818769e-19             3480                1
     0.0047544669    4.0196101e-05     0.0072307666    -0.0053299544     -0.007698027    0.00030661392    9.1093825e-31   -1.6021766e-19    -9.156439e-20    6.1818769e-19             3629                1
    8.6914835e-05    2.8679928e-05     -0.013324853   -7.7888093e-05     0.0032411867    0.00029520923    9.1093825e-31   -1.6021766e-19    -9.156439e-20    6.1818769e-19               79                0
    -0.0031307212    2.3909559e-05     -0.001898692    -0.0017918815     0.0054564783     0.0087847421    9.1093825e-31   -1.6021766e-19    -9.156439e-20    6.1818769e-19             3720                1
     0.0016714244     1.140521e-05     0.0074414415    -0.0013654351     -0.010480298    0.00082559558    9.1093825e-31   -1.6021766e-19    -9.156439e-20    6.1818769e-19             3572                1
     0.0081644077    9.6448573e-05     -0.013311628   -0.00013407836     0.0017507989     0.0008266191    9.1093825e-31   -1.6021766e-19    -9.156439e-20    6.1818769e-19             1982                1
    -0.0011710386    4.9143735e-05     0.0054816818    -0.0018480107    -0.0066819638   -6.7753033e-05    9.1093825e-31   -1.6021766e-19    -9.156439e-20    6.1818769e-19             3558                1
     0.0029555385    6.9059417e-05      0.014290857    -0.0068752891    -0.0067921067    -0.0019042015    9.1093825e-31   -1.6021766e-19    -9.156439e-20    6.1818769e-19             3710                1
    -0.0036622193    6.4215856e-05      0.011632293     0.0014093699    -0.0056362879     0.0029406769    9.1093825e-31   -1.6021766e-19    -9.156439e-20    6.1818769e-19             3495                1
    -0.0013578522    9.0338348e-05    -0.0085516181   -9.1450464e-05     0.0099116946    0.00097962806    9.1093825e-31   -1.6021766e-19    -9.156439e-20    6.1818769e-19             3486                1
     0.0014760422    9.5384064e-05    -0.0088941269     0.0023660925    -0.0036030516    0.00027462095    9.1093825e-31   -1.6021766e-19    -9.156439e-20    6.1818769e-19             3807                1
     0.0018235188    5.8188049e-05      0.010423874    -0.0037006687    -0.0073312516     0.0009154997    9.1093825e-31   -1.6021766e-19    -9.156439e-20    6.1818769e-19             3635                1
      0.001332002    6.3407439e-05    -0.0051254486   -0.00087134016     0.0088865962     0.0035983757    9.1093825e-31   -1.6021766e-19    -9.156439e-20    6.1818769e-19             3612                1
   -0.00094741175    6.5074229e-05    -0.0058401003    -0.0015740977     0.0091299806    0.00043190707    9.1093825e-31   -1.6021766e-19    -9.156439e-20    6.1818769e-19             3600                1
      0.002009718     8.954946e-05     -0.012675377     0.0031113944     0.0091347508     0.0014033488    9.1093825e-31   -1.6021766e-19    -9.156439e-20    6.1818769e-19             3456                1
    0.00042421944    1.9970872e-05    0.00020404556     0.0021521079     0.0068288911    -0.0013941841    9.1093825e-31   -1.6021766e-19    -9.156439e-20    6.1818769e-19             3767                1
     0.0010196356    2.3852766e-05     -0.006696837    3.8587026e-05     0.0061843768   -0.00072976737    9.1093825e-31   -1.6021766e-19    -9.156439e-20    6.1818769e-19             3727                1
   -0.00079180161    7.7627788e-05    -0.0083575435      0.005888877       0.01059326    -0.0045830212    9.1093825e-31   -1.6021766e-19    -9.156439e-20    6.1818769e-19             3605                1
     0.0049096164    2.6515856e-05     0.0071621248    -0.0008949152     0.0073357732    0.00074453169    9.1093825e-31   -1.6021766e-19    -9.156439e-20    6.1818769e-19             3765                1
    -0.0010373718    1.8826056e-05     0.0059250509     -0.001906894      0.005991091   -0.00074865477    9.1093825e-31   -1.6021766e-19    -9.156439e-20    6.1818769e-19             3772                1
    -0.0029920603    1.4310262e-05    -0.0017808259     0.0060492689     -0.004534082     0.0004869253    9.1093825e-31   -1.6021766e-19    -9.156439e-20    6.1818769e-19             3461                1
    -0.0018763924    2.1077258e-05     0.0018723727    -0.0013834288     0.0041335137     0.0045801676    9.1093825e-31   -1.6021766e-19    -9.156439e-20    6.1818769e-19             3724                1
    9.8872943e-06    9.2836679e-05     -0.005873186    -0.0020101985      0.011110409    0.00033064961    9.1093825e-31   -1.6021766e-19    -9.156439e-20    6.1818769e-19             3573                1
    -0.0022437058    1.7557248e-05     0.0028144601    0.00097185315     0.0047522322     0.0029313748    9.1093825e-31   -1.6021766e-19    -9.156439e-20    6.1818769e-19             3752                1
    -0.0030076802    5.5186727e-05     -0.010468767     0.0017448381     0.0083873188   -0.00028324756    9.1093825e-31   -1.6021766e-19    -9.156439e-20    6.1818769e-19             3652                1
   -0.00091164873    9.5785736e-06      0.006123249    -0.0034936611     0.0068978872      0.003714818    9.1093825e-31   -1.6021766e-19    -9.156439e-20    6.1818769e-19             3805                1
    -0.0029014361    4.1349751e-05    -0.0056342892   -0.00061498518     0.0072901854     0.0010379046    9.1093825e-31   -1.6021766e-19    -9.156439e-20    6.1818769e-19             3664                1
    -0.0036781528    9.3515977e-05     -0.014374334   -7.4707052e-05    -0.0012708128   -1.4413557e-05    9.1093825e-31   -1.6021766e-19    -9.156439e-20    6.1818769e-19             3746                1
     0.0010528122    5.4559041e-05      0.013615719   -0.00061055709    -0.0077812439      0.002429209    9.1093825e-31   -1.6021766e-19    -9.156439e-20    6.1818769e-19             3648                1
   -0.00082441606    6.3029809e-05    -0.0029435749      0.002745199     0.0099782795   -0.00024636128    9.1093825e-31   -1.6021766e-19    -9.156439e-20    6.1818769e-19             3685                1
   -7.7331504e-05    1.4506809e-05     0.0043068063    -0.0029714785     0.0043273969   -3.4065833e-05    9.1093825e-31   -1.6021766e-19    -9.156439e-20    6.1818769e-19             3766                1
     0.0013867375    4.1512878e-05       0.01157347    -0.0024882383    -0.0093971323   -0.00080840796    9.1093825e-31   -1.6021766e-19    -9.156439e-20    6.1818769e-19             3654                1
     0.0011249221    5.7947094e-05      0.013746315   -0.00057191309    -0.0088181579    -0.0032575335    9.1093825e-31   -1.6021766e-19    -9.156439e-20    6.1818769e-19             3713                1
     0.0011401876     3.149614e-06      0.013534768     0.0042356621     0.0062213335     0.0059620403    9.1093825e-31   -1.6021766e-19    -9.156439e-20    6.1818769e-19             3823                1
     0.0014505865    5.1478495e-05      0.011575736     0.0015659399    -0.0081463363    8.1211183e-05    9.1093825e-31   -1.6021766e-19    -9.156439e-20    6.1818769e-19             3637                1
   -0.00093559182    6.6096305e-05    -0.0028906625   -8.2303355e-05     0.0084715523    0.00022593552    9.1093825e-31   -1.6021766e-19    -9.156439e-20    6.1818769e-19             3619                1
   -0.00085311406    3.5600733e-05    -0.0028347494    -0.0014114885     0.0082566962    -0.0032753581    9.1093825e-31   -1.6021766e-19    -9.156439e-20    6.1818769e-19             3731                1
     0.0012338607    8.7364975e-07      0.011352153    0.00084028608     -0.012299797   -6.4645195e-05    9.1093825e-31   -1.6021766e-19    -9.156439e-20    6.1818769e-19             3596                1
     0.0017445493    5.4549389e-05      -0.01289549     0.0047316477     0.0072339196     0.0028840369    9.1093825e-31   -1.6021766e-19    -9.156439e-20    6.1818769e-19             3501                1
   -0.00078196859    4.3754819e-05    -0.0058622877    2.5510781e-05      0.011151633   -2.7034559e-05    9.1093825e-31   -1.6021766e-19    -9.156439e-20    6.1818769e-19             3745                1
     0.0017454888    9.5285228e-05    -0.0030246882     0.0089991344    -0.0022018023    -0.0036036333    9.1093825e-31   -1.6021766e-19    -9.156439e-20    6.1818769e-19             3800                1
    -0.0009322564    4.7809142e-05     0.0058386014    0.00052573223    -0.0069902996    -0.0021951699    9.1093825e-31   -1.6021766e-19    -9.156439e-20    6.1818769e-19             3574                1
    -0.0025531629    2.5769643e-05    0.00074420788     0.0012172568     0.0049038716     0.0023136851    9.1093825e-31   -1.6021766e-19    -9.156439e-20    6.1818769e-19             3714                1
     0.0011886444    9.6024021e-05    -0.0093111312    -0.0045105792      0.012797033    -0.0046174754    9.1093825e-31   -1.6021766e-19    -9.156439e-20    6.1818769e-19             3638                1
      0.001191445    3.8640069e-06      0.011523162    0.00021929205     -0.010473394     0.0013825734    9.1093825e-31   -1.6021766e-19    -9.156439e-20    6.1818769e-19             3509                1
    -0.0039162086    1.9216135e-05      0.011626036   -0.00010680031    -0.0094063431   -0.00016347175    9.1093825e-31   -1.6021766e-19    -9.156439e-20    6.1818769e-19             3554                1
     0.0028151106    5.8468915e-05    -0.0072210208     0.0016201205       0.00975597   -0.00094990869    9.1093825e-31   -1.6021766e-19    -9.156439e-20    6.1818769e-19             3686                1
    -0.0027909535    8.0819285e-05    -0.0068305959     0.0030653726     0.0098030968    -0.0034831879    9.1093825e-31   -1.6021766e-19    -9.156439e-20    6.1818769e-19             3562                1
      0.002162168    7.1677682e-06   -9.7608579e-05    0.00066352688      0.003491811     0.0025291739    9.1093825e-31   -1.6021766e-19    -9.156439e-20    6.1818769e-19             3784                1
   -0.00065035594    5.2910833e-05    -0.0081524225    -0.0056049195     0.0073702675     0.0079663536    9.1093825e-31   -1.6021766e-19    -9.156439e-20    6.1818769e-19             3476                1
   -0.00095096027    9.7216398e-05    -0.0083679343   -0.00042949928    -0.0093195522     0.0022133931    9.1093825e-31   -1.6021766e-19    -9.156439e-20    6.1818769e-19             3830                1
    -0.0012472927    2.4909099e-05     0.0066377688    -0.0011874597      0.005843488    2.0148807e-05    9.1093825e-31   -1.6021766e-19    -9.156439e-20    6.1818769e-19             3753                1
    0.00081432454     4.863806e-05     0.0097348345    -0.0014737953    -0.0080186157    0.00054458319    9.1093825e-31   -1.6021766e-19    -9.156439e-20    6.1818769e-19             3576                1
     0.0016266496    4.2207823e-05      0.010355369   -0.00055962405    -0.0084850453    -0.0017563995    9.1093825e-31   -1.6021766e-19    -9.156439e-20    6.1818769e-19             3577                1
     0.0014734503    9.8854987e-05    -0.0088898633     0.0001845432   -0.00068178546     0.0038644576    9.1093825e-31   -1.6021766e-19    -9.156439e-20    6.1818769e-19             3808                1
    -0.0039472221     3.234993e-05      0.011570872   -2.1669886e-05    -0.0086517027    -0.0042589665    9.1093825e-31   -1.6021766e-19    -9.156439e-20    6.1818769e-19             3579                1
     0.0010943777    6.1819846e-05      0.013618297    -0.0021945063     -0.006571013   -0.00090890826    9.1093825e-31   -1.6021766e-19    -9.156439e-20    6.1818769e-19             3580                1
   -0.00090096262     7.608799e-06      0.006054352     0.0023591791     0.0034307588    7.1905311e-06    9.1093825e-31   -1.6021766e-19    -9.156439e-20    6.1818769e-19             3789                1
    -0.0014975676    7.3726798e-05    -0.0066148052    -0.0020092141      0.010119447    -0.0023612715    9.1093825e-31   -1.6021766e-19    -9.156439e-20    6.1818769e-19             3607                1
     -0.001421087    3.0140334e-05    -0.0066493354     0.0062635695     0.0062780194    -0.0015131236    9.1093825e-31   -1.6021766e-19    -9.156439e-20    6.1818769e-19             3639                1
     0.0016095542    8.9936984e-06     0.0025478695    -0.0019438716     0.0084653087    -0.0032019913    9.1093825e-31   -1.6021766e-19    -9.156439e-20    6.1818769e-19             3809                1
     0.0023683012    9.5621959e-05    -0.0075866412     0.0013262157    -0.0037255795    -0.0030261148    9.1093825e-31   -1.6021766e-19    -9.156439e-20    6.1818769e-19             3810                1
     0.0014651158     7.846199e-06      0.011373298    -0.0021529032     0.0069157137     -0.002627074    9.1093825e-31   -1.6021766e-19    -9.156439e-20    6.1818769e-19             3811                1
     0.0020141257    8.7574139e-05      -0.01234912   -0.00095558295     -0.011347838    -0.0011733116    9.1093825e-31   -1.6021766e-19    -9.156439e-20    6.1818769e-19             3812                1
   -0.00087612664    9.9230558e-05    -0.0059420359     -0.008063795    -0.0025193489    -0.0035368458    9.1093825e-31   -1.6021766e-19    -9.156439e-20    6.1818769e-19             3826                1
     0.0015662728    9.9564073e-05      -0.01300869   -2.8068844e-05    -0.0014675757    -0.0030969083    9.1093825e-31   -1.6021766e-19    -9.156439e-20    6.1818769e-19             3827                1
     0.0018187104    4.8332805e-07      0.012188312     0.0018084658     0.0015672575    0.00050833524    9.1093825e-31   -1.6021766e-19    -9.156439e-20    6.1818769e-19             3828                1
    -0.0012355827    9.9704746e-05     -0.012506601    -0.0052520107    -0.0029824071     0.0020712167    9.1093825e-31   -1.6021766e-19    -9.156439e-20    6.1818769e-19             3833                1
     0.0015037423    6.3048532e-07      0.011377188   -0.00016697039     0.0063687428     0.0048636119    9.1093825e-31   -1.6021766e-19    -9.156439e-20    6.1818769e-19             3834                1
    -0.0012667185    5.8893681e-07     0.0061796359       0.00741331     0.0059491498    -0.0028788375    9.1093825e-31   -1.6021766e-19    -9.156439e-20    6.1818769e-19             3835                1
