%  ASCII export : 
%
%  Momentum is normalized to the product of particle's mass and speed of light.
%  All other quantities are in SI units.
%
%            posX             posY             posZ             momX             momY             momZ             mass           charge     macro-charge             time       particleID         sourceID

    -0.0017123749    1.1314717e-05     -0.011166399     0.0034446535     0.0084128119     0.0021553058    9.1093825e-31   -1.6021766e-19    -9.156439e-20    6.5484301e-19             4078                1
     0.0031871239    3.4342236e-05      0.014022797    -0.0012763406     0.0066121337     0.0019165174    9.1093825e-31   -1.6021766e-19    -9.156439e-20    6.5484301e-19             3960                1
     0.0020306495     2.534945e-06     -0.012322761     0.0012829965     -0.011706137     0.0021004677    9.1093825e-31   -1.6021766e-19    -9.156439e-20    6.5484301e-19             3813                1
    -0.0026278293    6.6620632e-05     0.0069151632      0.002632342    -0.0043477649    9.3308445e-05    9.1093825e-31   -1.6021766e-19    -9.156439e-20    6.5484301e-19             3989                1
    -0.0025136445    1.5215927e-05    -0.0019682336     -0.001112061   -0.00057739654     0.0017969677    9.1093825e-31   -1.6021766e-19    -9.156439e-20    6.5484301e-19             3253                1
     0.0024253377    8.3158862e-05    -0.0092680426     0.0041114818    -0.0057151546    -0.0035480403    9.1093825e-31   -1.6021766e-19    -9.156439e-20    6.5484301e-19             4025                1
     0.0014854443    1.3027968e-05    -0.0088727921     0.0012713112      -0.01126963     0.0023583439    9.1093825e-31   -1.6021766e-19    -9.156439e-20    6.5484301e-19             3848                1
    -0.0006223396    4.1337615e-05     -0.012275454    0.00042019552    -0.0028302597    -0.0011824149    9.1093825e-31   -1.6021766e-19    -9.156439e-20    6.5484301e-19               55                0
    -0.0013586403    8.9992071e-05    -0.0066650631     0.0011917929    -0.0088457074     -0.000853365    9.1093825e-31   -1.6021766e-19    -9.156439e-20    6.5484301e-19             4083                1
    -0.0018371539     9.862204e-05     0.0018763149     0.0031111734     0.0099199228   -0.00052039302    9.1093825e-31   -1.6021766e-19    -9.156439e-20    6.5484301e-19             3759                1
      0.004384296    1.9370487e-05     0.0052339947   -0.00052298495     0.0022659043   -0.00038330693    9.1093825e-31   -1.6021766e-19    -9.156439e-20    6.5484301e-19              154                0
      0.006690695    8.2273327e-05     -0.013232722     0.0014582708    -0.0012363819     0.0013950868    9.1093825e-31   -1.6021766e-19    -9.156439e-20    6.5484301e-19              488                0
    -0.0025612693    3.7430254e-05     -0.014769523    -0.0012477611    -0.0031897242    0.00064037944    9.1093825e-31   -1.6021766e-19    -9.156439e-20    6.5484301e-19               27                0
     0.0026621427    6.1119936e-05      0.012263193    0.00075057894     0.0069994652      -0.00123065    9.1093825e-31   -1.6021766e-19    -9.156439e-20    6.5484301e-19             3795                1
    -0.0037228777    3.7371618e-05      0.011506541     0.0024168552     0.0074615842     0.0011020052    9.1093825e-31   -1.6021766e-19    -9.156439e-20    6.5484301e-19             3967                1
     0.0013735001    5.0182174e-05      0.011387853    -0.0061397324     0.0084462119    0.00015710578    9.1093825e-31   -1.6021766e-19    -9.156439e-20    6.5484301e-19             3911                1
    -0.0022236702    9.4491625e-06     0.0029571245     0.0019394475    0.00016770166     0.0014652667    9.1093825e-31   -1.6021766e-19    -9.156439e-20    6.5484301e-19             3354                1
     0.0015642302     5.348281e-05      0.011417028     0.0064814873     0.0079206359    -0.0017017775    9.1093825e-31   -1.6021766e-19    -9.156439e-20    6.5484301e-19             3852                1
     0.0015018662    7.2683899e-05      0.011430648   -0.00017305778     0.0093959011      0.004880338    9.1093825e-31   -1.6021766e-19    -9.156439e-20    6.5484301e-19             3834                1
    -0.0012772469    9.9256933e-05     0.0066836667    -0.0027552275    -0.0018063174     0.0035473604    9.1093825e-31   -1.6021766e-19    -9.156439e-20    6.5484301e-19             4103                1
    -0.0026511187    7.7968238e-05     0.0069204895    -0.0015691725     -0.002303967     0.0010564576    9.1093825e-31   -1.6021766e-19    -9.156439e-20    6.5484301e-19             3990                1
   -0.00028491038    6.7009285e-05    -0.0028780771     0.0016607151    -0.0073861131    -0.0026984315    9.1093825e-31   -1.6021766e-19    -9.156439e-20    6.5484301e-19             4000                1
    -0.0050928821     3.600799e-05      0.008909924     0.0014322598     0.0010654124   -0.00043901967    9.1093825e-31   -1.6021766e-19    -9.156439e-20    6.5484301e-19              355                0
     0.0075930757    1.2529998e-05     -0.011827172   -0.00080225797    -0.0010650805    0.00070945115    9.1093825e-31   -1.6021766e-19    -9.156439e-20    6.5484301e-19              451                0
   -0.00017842298    7.9241443e-05    -0.0028658484     0.0038512666     0.0057639116    -0.0030267444    9.1093825e-31   -1.6021766e-19    -9.156439e-20    6.5484301e-19             3616                1
    -0.0064337645    3.1878681e-05    -0.0019398961   -0.00016118666     0.0011332755    0.00093354023    9.1093825e-31   -1.6021766e-19    -9.156439e-20    6.5484301e-19               32                0
     0.0035972383    8.4855397e-05      0.012648243     0.0025756955      0.010792984    -0.0065911049    9.1093825e-31   -1.6021766e-19    -9.156439e-20    6.5484301e-19             3880                1
      0.008104925    2.0546262e-05    0.00057837612    -0.0016386377    0.00063383864   -0.00062174618    9.1093825e-31   -1.6021766e-19    -9.156439e-20    6.5484301e-19              455                0
    -0.0013871409    8.7764311e-05      0.011156123     0.0007319767      0.013019862    0.00094304327    9.1093825e-31   -1.6021766e-19    -9.156439e-20    6.5484301e-19             3918                1
    0.00044861741    3.9547143e-05    -0.0086308578     0.0012619775     -0.010176396     0.0077184089    9.1093825e-31   -1.6021766e-19    -9.156439e-20    6.5484301e-19             3925                1
   -5.1154813e-05    9.8535085e-05     0.0034105335    -0.0050900476    -0.0036848322    -0.0059956764    9.1093825e-31   -1.6021766e-19    -9.156439e-20    6.5484301e-19             4105                1
    -0.0012467805    8.0781283e-05     0.0060781646     0.0014773736    -0.0062378361    0.00075189024    9.1093825e-31   -1.6021766e-19    -9.156439e-20    6.5484301e-19             4054                1
     0.0018544634    6.7469664e-05    -0.0020380535     0.0004570538    -0.0060732374    -0.0033092711    9.1093825e-31   -1.6021766e-19    -9.156439e-20    6.5484301e-19             3981                1
    0.00040604323    6.6799446e-05    -0.0038070693    1.5294989e-05    -0.0054776981    9.6535541e-06    9.1093825e-31   -1.6021766e-19    -9.156439e-20    6.5484301e-19             3929                1
     0.0014113293    1.1619939e-05     -0.013030731      0.000954088    -0.0053315507    -0.0022085065    9.1093825e-31   -1.6021766e-19    -9.156439e-20    6.5484301e-19             3385                1
     0.0013660702    7.3315234e-05    -0.0088640517    2.3761448e-05    -0.0060028695   -0.00034719231    9.1093825e-31   -1.6021766e-19    -9.156439e-20    6.5484301e-19             3926                1
     0.0014207609    6.5736451e-05    -0.0088362005    -0.0023687931    -0.0063137966      0.005131471    9.1093825e-31   -1.6021766e-19    -9.156439e-20    6.5484301e-19             3853                1
    -0.0033331835    2.6340458e-05    -0.0099039283    0.00012581455     -0.011039966    0.00014377122    9.1093825e-31   -1.6021766e-19    -9.156439e-20    6.5484301e-19             3912                1
     0.0010479693    7.7720833e-05    -0.0064918273    -0.0092261788    -0.0034605823    0.00085537491    9.1093825e-31   -1.6021766e-19    -9.156439e-20    6.5484301e-19             3776                1
    -0.0063462988    1.3963306e-05     0.0037755838     0.0030473047     0.0015913199    -0.0015915837    9.1093825e-31   -1.6021766e-19    -9.156439e-20    6.5484301e-19              695                0
     0.0012496236    9.4220399e-05      0.011461919    -0.0025670081    -0.0070287376     0.0029811815    9.1093825e-31   -1.6021766e-19    -9.156439e-20    6.5484301e-19             4089                1
     0.0048298212    8.0109989e-05    -0.0035234464     0.0017438293      0.005360378    4.1674604e-05    9.1093825e-31   -1.6021766e-19    -9.156439e-20    6.5484301e-19             3732                1
     0.0013149463    9.1428883e-05      0.011376464     0.0019590685    -0.0020549062    -0.0014291683    9.1093825e-31   -1.6021766e-19    -9.156439e-20    6.5484301e-19             4056                1
    -0.0014470229    6.6467248e-05    -0.0080514988    -0.0035608686    -0.0064574792    -0.0030139824    9.1093825e-31   -1.6021766e-19    -9.156439e-20    6.5484301e-19             3902                1
   -0.00025403881     8.533994e-05    -0.0027816724    0.00025144333    -0.0021240178    -0.0014835283    9.1093825e-31   -1.6021766e-19    -9.156439e-20    6.5484301e-19             3882                1
   -0.00096689072    6.8348942e-05     0.0060180333    0.00011005373     0.0090357699     0.0081780953    9.1093825e-31   -1.6021766e-19    -9.156439e-20    6.5484301e-19             3783                1
     0.0019320298    9.5652402e-05      0.012211771     0.0014152763      0.014398255     0.0012813703    9.1093825e-31   -1.6021766e-19    -9.156439e-20    6.5484301e-19             3930                1
      0.001653328    8.6005268e-05      0.010376005   -0.00019574899      0.010290395     0.0014292402    9.1093825e-31   -1.6021766e-19    -9.156439e-20    6.5484301e-19             3815                1
     0.0012504419    7.6058866e-05      0.011450001     3.174958e-05     0.0092044231   -4.2689335e-05    9.1093825e-31   -1.6021766e-19    -9.156439e-20    6.5484301e-19             3816                1
    0.00043904202    9.6155214e-05    0.00019716396   -0.00099594647    -0.0016095047      0.001573071    9.1093825e-31   -1.6021766e-19    -9.156439e-20    6.5484301e-19             4055                1
    -0.0016736814    6.0722006e-05      0.010498283    -0.0011358261      0.010620979    0.00097734691    9.1093825e-31   -1.6021766e-19    -9.156439e-20    6.5484301e-19             3943                1
     0.0060192291    2.8114189e-05     0.0048940913    -0.0010652476     0.0018179822    0.00066444976    9.1093825e-31   -1.6021766e-19    -9.156439e-20    6.5484301e-19              751                0
     0.0012962805    7.2081755e-05     0.0023398988     0.0040437439    -0.0067238058    -0.0019020262    9.1093825e-31   -1.6021766e-19    -9.156439e-20    6.5484301e-19             4021                1
     0.0010780225    2.0597186e-05      0.013611449    0.00016033949     0.0074312375    3.4301014e-05    9.1093825e-31   -1.6021766e-19    -9.156439e-20    6.5484301e-19             4045                1
     0.0011425599    5.2990163e-05    -0.0065092361    -0.0024503863    -0.0052396385   -0.00038941548    9.1093825e-31   -1.6021766e-19    -9.156439e-20    6.5484301e-19             3775                1
    -0.0074915653    6.1769104e-05    -0.0073173493    -0.0011932808   -0.00020257766    -0.0026722695    9.1093825e-31   -1.6021766e-19    -9.156439e-20    6.5484301e-19              532                0
    -0.0009654258    7.2560637e-05     0.0060271211   -0.00060532702     0.0099007674     0.0056420192    9.1093825e-31   -1.6021766e-19    -9.156439e-20    6.5484301e-19             3822                1
    -0.0030977856    8.3458304e-05     -0.001892627    0.00081427227     -0.004968849     0.0063391696    9.1093825e-31   -1.6021766e-19    -9.156439e-20    6.5484301e-19             4035                1
    -0.0015693365     2.552464e-05     -0.012450019     0.0026110506     -0.008240696   -0.00087712746    9.1093825e-31   -1.6021766e-19    -9.156439e-20    6.5484301e-19             3716                1
   -0.00094630278    5.7756115e-05    -0.0058274041    0.00086676818     -0.007601161     0.0014961306    9.1093825e-31   -1.6021766e-19    -9.156439e-20    6.5484301e-19             3944                1
    -0.0009371413     9.282495e-05     0.0056616403     0.0023147885   -0.00087104831     0.0055116066    9.1093825e-31   -1.6021766e-19    -9.156439e-20    6.5484301e-19             4029                1
     0.0022300684    7.5134681e-06    -0.0091310441    -0.0014986608      -0.01268342    0.00066818832    9.1093825e-31   -1.6021766e-19    -9.156439e-20    6.5484301e-19             3886                1
    0.00054760004    9.2181654e-05    0.00021697667    -0.0050246408     -0.001091425    -0.0011709282    9.1093825e-31   -1.6021766e-19    -9.156439e-20    6.5484301e-19             3975                1
     0.0012510213    9.6475305e-05      0.011461113   -0.00080226158    -0.0041812616     0.0019648606    9.1093825e-31   -1.6021766e-19    -9.156439e-20    6.5484301e-19             4088                1
     0.0047015981    9.3129951e-05    -0.0031934716    -0.0015279291     0.0032062859     0.0034801455    9.1093825e-31   -1.6021766e-19    -9.156439e-20    6.5484301e-19             2961                1
    0.00018376802    6.7424931e-05    -0.0010459374    -0.0022083053    -0.0091350833    -0.0014948716    9.1093825e-31   -1.6021766e-19    -9.156439e-20    6.5484301e-19             4034                1
     0.0016965885    4.0535793e-05      0.010335081     0.0033875171     0.0065340898    -0.0019674683    9.1093825e-31   -1.6021766e-19    -9.156439e-20    6.5484301e-19             3814                1
    -0.0012932812    3.9435941e-05     -0.012483746    -0.0052516391    -0.0090470416     0.0020966439    9.1093825e-31   -1.6021766e-19    -9.156439e-20    6.5484301e-19             3833                1
   -0.00024415817    3.4678884e-05    -0.0084099527     0.0049708621     -0.012097152     0.0031247789    9.1093825e-31   -1.6021766e-19    -9.156439e-20    6.5484301e-19             3968                1
    -0.0082807969     7.754461e-05      0.014746704    5.3539941e-05    5.6992736e-05     0.0012155266    9.1093825e-31   -1.6021766e-19    -9.156439e-20    6.5484301e-19              719                0
    -0.0091232769    1.2327558e-05     0.0025159202    -0.0006699278   -2.5636735e-05     0.0014006176    9.1093825e-31   -1.6021766e-19    -9.156439e-20    6.5484301e-19              874                0
    -0.0014925799    3.0052379e-05     -0.008473061    -0.0027585754    -0.0083097313     0.0010554641    9.1093825e-31   -1.6021766e-19    -9.156439e-20    6.5484301e-19             3790                1
    -0.0016145417    3.7265614e-05     -0.012422305    1.6402817e-05     -0.007555759    0.00071161735    9.1093825e-31   -1.6021766e-19    -9.156439e-20    6.5484301e-19             3717                1
    -0.0041161333     5.771597e-05     0.0059559513     0.0015434034     0.0023639533   -0.00078251178    9.1093825e-31   -1.6021766e-19    -9.156439e-20    6.5484301e-19              628                0
   -0.00090813986    8.6282838e-05     0.0061278017    2.2003915e-05     -0.010383555   -0.00016986066    9.1093825e-31   -1.6021766e-19    -9.156439e-20    6.5484301e-19             4079                1
     0.0011248505     8.802746e-05     0.0077120396   -0.00019338455     -0.003086848   -5.5792862e-05    9.1093825e-31   -1.6021766e-19    -9.156439e-20    6.5484301e-19             4050                1
      0.004916911    9.8508019e-05    -0.0032333625     0.0045535644   -0.00094480801     0.0027452093    9.1093825e-31   -1.6021766e-19    -9.156439e-20    6.5484301e-19             3939                1
     -0.001150259    7.5562071e-05    -0.0086496202    -0.0037145473    -0.0069074281     0.0017259731    9.1093825e-31   -1.6021766e-19    -9.156439e-20    6.5484301e-19             4007                1
     0.0072342008    7.2584189e-05     0.0061205905   -0.00059410848     0.0010751225     0.0019554163    9.1093825e-31   -1.6021766e-19    -9.156439e-20    6.5484301e-19              828                0
    0.00028964935     9.007912e-05    0.00022733022    -0.0078645451    -0.0032475356    -0.0012836853    9.1093825e-31   -1.6021766e-19    -9.156439e-20    6.5484301e-19             4042                1
    -0.0007387689    3.6054196e-05    -0.0084542073     -0.000397478       -0.0101518     -0.005155242    9.1093825e-31   -1.6021766e-19    -9.156439e-20    6.5484301e-19             3910                1
     0.0032105877    4.1054755e-05      0.014019218     0.0021579985     0.0075951288     0.0013936143    9.1093825e-31   -1.6021766e-19    -9.156439e-20    6.5484301e-19             3961                1
     0.0019351977    2.2965916e-05      0.010535225     0.0012098746     0.0057205223     0.0007096536    9.1093825e-31   -1.6021766e-19    -9.156439e-20    6.5484301e-19             3965                1
     0.0015268596    8.9463909e-05    -0.0089153079     0.0021158131     0.0023903262    -0.0015216916    9.1093825e-31   -1.6021766e-19    -9.156439e-20    6.5484301e-19             3551                1
     0.0081823152    8.6611195e-05     -0.012481065    -0.0022116979   -0.00019505252     0.0022222181    9.1093825e-31   -1.6021766e-19    -9.156439e-20    6.5484301e-19              586                0
     0.0032037294    3.0835366e-05      0.014027469   -0.00028414928     0.0069817821     0.0050047254    9.1093825e-31   -1.6021766e-19    -9.156439e-20    6.5484301e-19             3992                1
    -0.0049613551    8.0331803e-05    -0.0052795094    0.00099451188    0.00078293466   -0.00094701716    9.1093825e-31   -1.6021766e-19    -9.156439e-20    6.5484301e-19              660                0
    -0.0021222597    3.1479642e-05     0.0063598589    0.00095250772    0.00040260889   -0.00030037694    9.1093825e-31   -1.6021766e-19    -9.156439e-20    6.5484301e-19             3394                1
    -0.0077160103    1.9727293e-05      0.011124941    0.00059608172    0.00012056209     0.0015231231    9.1093825e-31   -1.6021766e-19    -9.156439e-20    6.5484301e-19              652                0
    -0.0014471302    3.7959559e-05    -0.0084337834    -0.0037739533     -0.007778022     -0.001771215    9.1093825e-31   -1.6021766e-19    -9.156439e-20    6.5484301e-19             3793                1
   -0.00054672419    3.4487126e-05     0.0094861183    0.00028727602     0.0083632013    -0.0007224828    9.1093825e-31   -1.6021766e-19    -9.156439e-20    6.5484301e-19             3994                1
   -6.0229045e-06    9.4183277e-05       0.00389451     0.0032357161    -0.0006526502     -0.002583748    9.1093825e-31   -1.6021766e-19    -9.156439e-20    6.5484301e-19             4015                1
     0.0018749888    3.1516895e-05      0.012246541    0.00034118889     0.0091874506     0.0021636251    9.1093825e-31   -1.6021766e-19    -9.156439e-20    6.5484301e-19             4018                1
   -0.00086313498     8.420286e-05    -0.0028839346   -0.00026719202    -0.0042690467    -0.0060978048    9.1093825e-31   -1.6021766e-19    -9.156439e-20    6.5484301e-19             4009                1
    -0.0011990923    9.3274473e-05     0.0061623929    -0.0014937377    -0.0011954741     0.0046440805    9.1093825e-31   -1.6021766e-19    -9.156439e-20    6.5484301e-19             4043                1
     0.0032088405    3.1497348e-05      0.013987768    0.00063776277     0.0071124835     -0.002156222    9.1093825e-31   -1.6021766e-19    -9.156439e-20    6.5484301e-19             3991                1
     0.0028143749    2.8146833e-05    -0.0056386502    -0.0016865617    0.00036368959    1.1476829e-05    9.1093825e-31   -1.6021766e-19    -9.156439e-20    6.5484301e-19              860                0
     0.0012727103    7.9628851e-05     0.0023484277    -0.0019080379    -0.0048155873    0.00025224435    9.1093825e-31   -1.6021766e-19    -9.156439e-20    6.5484301e-19             4022                1
    -0.0033356638    2.8859609e-05     -0.012652508   -0.00090229139    -0.0025126662     -0.001539695    9.1093825e-31   -1.6021766e-19    -9.156439e-20    6.5484301e-19              900                0
    -0.0064349012    3.5840665e-05    -0.0089049321    0.00088348275   -0.00049404189    -0.0013282466    9.1093825e-31   -1.6021766e-19    -9.156439e-20    6.5484301e-19              132                0
     0.0011519352    5.8962523e-06    -0.0095898313     0.0022869483    -0.0098538464      0.004639518    9.1093825e-31   -1.6021766e-19    -9.156439e-20    6.5484301e-19             3763                1
    0.00061067828    9.0189802e-05    0.00024964867     0.0049309996    -0.0013995668     0.0039857011    9.1093825e-31   -1.6021766e-19    -9.156439e-20    6.5484301e-19             3974                1
    -0.0025021932    9.6746306e-05    0.00083361397     0.0010219878     0.0010286685     0.0076481258    9.1093825e-31   -1.6021766e-19    -9.156439e-20    6.5484301e-19             3863                1
     0.0078278789    5.4693457e-05     -0.013159108     0.0024011044   -0.00070426869    -0.0017001732    9.1093825e-31   -1.6021766e-19    -9.156439e-20    6.5484301e-19              311                0
     0.0024959797    9.8822187e-05   -1.4998604e-06    0.00096851541     0.0025773307    0.00075865962    9.1093825e-31   -1.6021766e-19    -9.156439e-20    6.5484301e-19             3730                1
    -0.0030103116    7.5612414e-05     -0.010490148    -0.0021587808    -0.0062090461    -0.0035760258    9.1093825e-31   -1.6021766e-19    -9.156439e-20    6.5484301e-19             3993                1
     0.0017248465    3.6582031e-05      0.010447955    -0.0044857082     0.0062306798   -0.00084437855    9.1093825e-31   -1.6021766e-19    -9.156439e-20    6.5484301e-19             3819                1
     0.0013351995    2.5958772e-05       0.01128777    -0.0037987998     0.0064353659    0.00092167471    9.1093825e-31   -1.6021766e-19    -9.156439e-20    6.5484301e-19             3980                1
    -0.0071958154    2.1314818e-05    -0.0014479404     0.0023325388   -0.00046043069   -0.00055490254    9.1093825e-31   -1.6021766e-19    -9.156439e-20    6.5484301e-19             2944                1
     0.0014239467    3.5320649e-05    -0.0089134425    -0.0020659473    -0.0092346882    -0.0022229878    9.1093825e-31   -1.6021766e-19    -9.156439e-20    6.5484301e-19             3854                1
   -0.00097102294    9.2685092e-05     0.0055956845   -0.00013391228    -0.0022629278   -5.5635748e-05    9.1093825e-31   -1.6021766e-19    -9.156439e-20    6.5484301e-19             4062                1
     0.0017903069    7.7864664e-05      0.012319966    -0.0020628076      0.002823303      0.001602079    9.1093825e-31   -1.6021766e-19    -9.156439e-20    6.5484301e-19             3432                1
     0.0018095224    9.6251664e-05     0.0072896001    0.00020724922    -0.0052509527    -4.832245e-05    9.1093825e-31   -1.6021766e-19    -9.156439e-20    6.5484301e-19             4092                1
      0.007884698    5.2381103e-05     0.0085657807    -0.0002917196    0.00055897445     0.0012621712    9.1093825e-31   -1.6021766e-19    -9.156439e-20    6.5484301e-19              254                0
     0.0058280895    4.6553814e-05     0.0043692631    -0.0005870437     0.0017706727   -0.00088042114    9.1093825e-31   -1.6021766e-19    -9.156439e-20    6.5484301e-19              270                0
     -0.002097294    9.7817436e-05     0.0063151973    2.1550532e-06    -0.0030212111    -0.0018223497    9.1093825e-31   -1.6021766e-19    -9.156439e-20    6.5484301e-19             4093                1
     -0.003178563    1.9626765e-05     0.0065857982    -0.0010701336     0.0054126885    -0.0031980055    9.1093825e-31   -1.6021766e-19    -9.156439e-20    6.5484301e-19             4008                1
    -0.0014916357     6.781111e-05    -0.0066447542     0.0012707607    -0.0060483562     -0.002839026    9.1093825e-31   -1.6021766e-19    -9.156439e-20    6.5484301e-19             3919                1
   -0.00028131879    8.0621765e-05    -0.0028985599     0.0023582634     -0.004748167    -0.0066791647    9.1093825e-31   -1.6021766e-19    -9.156439e-20    6.5484301e-19             4001                1
   -0.00053159089    6.9129492e-05     0.0067679659      0.005799687     0.0074902168    -0.0044823014    9.1093825e-31   -1.6021766e-19    -9.156439e-20    6.5484301e-19             3683                1
    0.00036051052    8.8879962e-05    -0.0037085728    -0.0036465288    -0.0020426847    -0.0006808195    9.1093825e-31   -1.6021766e-19    -9.156439e-20    6.5484301e-19             3858                1
    -0.0016464866    3.3558605e-05     -0.012454149     0.0053440505     -0.010681931     0.0053484142    9.1093825e-31   -1.6021766e-19    -9.156439e-20    6.5484301e-19             3922                1
     0.0011912726    9.0991263e-05     0.0058501991    -0.0033798811    -0.0067425049     0.0010579887    9.1093825e-31   -1.6021766e-19    -9.156439e-20    6.5484301e-19             4080                1
    -0.0025942328    7.3881834e-05    -0.0020634071     -0.002635092     -0.006940315     0.0029433144    9.1093825e-31   -1.6021766e-19    -9.156439e-20    6.5484301e-19             4016                1
    -0.0015858817    2.1909451e-05      -0.01242703    0.00079331634     -0.011241048     0.0023099051    9.1093825e-31   -1.6021766e-19    -9.156439e-20    6.5484301e-19             3878                1
    -0.0012742857    3.5393852e-05    -0.0085458234   -2.5572921e-05    -0.0090105617   -1.6950969e-05    9.1093825e-31   -1.6021766e-19    -9.156439e-20    6.5484301e-19             3841                1
   -9.2251066e-05     8.695438e-05     0.0034769194   -0.00039293716     0.0099780671   -0.00049362029    9.1093825e-31   -1.6021766e-19    -9.156439e-20    6.5484301e-19             3773                1
    -0.0093867434    9.8407399e-05    -0.0066102752    0.00038925905    5.7867444e-05    0.00041476131    9.1093825e-31   -1.6021766e-19    -9.156439e-20    6.5484301e-19              192                0
   -0.00096182071    7.6900214e-05     0.0056575928    -0.0040768818    -0.0049965773     0.0044605108    9.1093825e-31   -1.6021766e-19    -9.156439e-20    6.5484301e-19             4030                1
    -0.0031773921    2.6266719e-18     -0.010273959    0.00092616427     -0.010390957    0.00076393818    9.1093825e-31   -1.6021766e-19    -9.156439e-20    6.5484301e-19             3780                1
     0.0014955024    1.3834484e-05     -0.013170145      0.005254738     -0.011134083    -0.0007749534    9.1093825e-31   -1.6021766e-19    -9.156439e-20    6.5484301e-19             3824                1
     0.0036142636    1.3042712e-05     0.0035429092     0.0012212825     0.0026675765      0.002198877    9.1093825e-31   -1.6021766e-19    -9.156439e-20    6.5484301e-19              991                0
    -0.0010073479    6.8866153e-05     -0.003911146    0.00046823377    -0.0062298612     -0.000158175    9.1093825e-31   -1.6021766e-19    -9.156439e-20    6.5484301e-19             3976                1
    -0.0090779988    1.3444723e-05    -0.0020070618     0.0011680552    0.00013986725    -0.0009528083    9.1093825e-31   -1.6021766e-19    -9.156439e-20    6.5484301e-19              212                0
     0.0084554777    3.7994389e-06     0.0014971654    0.00023913944    0.00042916098   -0.00083003327    9.1093825e-31   -1.6021766e-19    -9.156439e-20    6.5484301e-19              525                0
     0.0093505122    9.3409453e-06    -0.0093042292     0.0011472105   -0.00017556972    -0.0014044008    9.1093825e-31   -1.6021766e-19    -9.156439e-20    6.5484301e-19              690                0
   -0.00091925741    8.0852347e-05    -0.0027181318    0.00085407851    -0.0033598072   -0.00043346744    9.1093825e-31   -1.6021766e-19    -9.156439e-20    6.5484301e-19             3940                1
    -0.0040418254    4.5921755e-05    -0.0096617257    -0.0014635287     -0.010081979     0.0036614942    9.1093825e-31   -1.6021766e-19    -9.156439e-20    6.5484301e-19             3969                1
    -0.0086361989     2.744801e-05    -0.0011270564    0.00089931453    7.0610804e-05    0.00099257368    9.1093825e-31   -1.6021766e-19    -9.156439e-20    6.5484301e-19              750                0
      0.001924089    4.3228563e-05      0.012203898    0.00041474475      0.007781025    0.00027650539    9.1093825e-31   -1.6021766e-19    -9.156439e-20    6.5484301e-19             3931                1
     0.0021765844    4.1534495e-05    -0.0091921957    -0.0071846861    -0.0090873968    -0.0058414428    9.1093825e-31   -1.6021766e-19    -9.156439e-20    6.5484301e-19             3887                1
   -0.00046106023    9.1865921e-05    0.00022424685    -0.0025470017     0.0082217995    -0.0028043389    9.1093825e-31   -1.6021766e-19    -9.156439e-20    6.5484301e-19             3687                1
    -0.0013009093    3.0852036e-06     -0.014112849    0.00083131227      0.007741516    -0.0012824414    9.1093825e-31   -1.6021766e-19    -9.156439e-20    6.5484301e-19             4104                1
    -0.0057606073    4.9083174e-05     0.0059249108    -0.0011562814     0.0018784791     0.0010293686    9.1093825e-31   -1.6021766e-19    -9.156439e-20    6.5484301e-19              220                0
   -1.8248978e-05    3.2310596e-05      0.013872225   -0.00065072667     0.0096644796     0.0021355138    9.1093825e-31   -1.6021766e-19    -9.156439e-20    6.5484301e-19             4031                1
     0.0061221733     6.174294e-05    -0.0085393535    -0.0026971044   -0.00028748289   -0.00053987245    9.1093825e-31   -1.6021766e-19    -9.156439e-20    6.5484301e-19              931                0
     0.0020058036    2.0408363e-05     -0.012365851   -0.00040185885     0.0041205608    -0.0022147179    9.1093825e-31   -1.6021766e-19    -9.156439e-20    6.5484301e-19             4032                1
    -0.0018644073    7.7700563e-05     0.0018219221    -0.0045468975    -0.0033265343      -0.00340533    9.1093825e-31   -1.6021766e-19    -9.156439e-20    6.5484301e-19             3985                1
     0.0014057662    7.7793251e-05    -0.0033447663   -0.00037026801     0.0054569398     0.0010511465    9.1093825e-31   -1.6021766e-19    -9.156439e-20    6.5484301e-19             3678                1
     0.0036096005     6.883053e-05      0.012694963     0.0038512719     0.0091247642    -0.0017775639    9.1093825e-31   -1.6021766e-19    -9.156439e-20    6.5484301e-19             3879                1
     0.0028130978    5.4662247e-05    -0.0072294846    -0.0011971861    -0.0084998449   -0.00066590618    9.1093825e-31   -1.6021766e-19    -9.156439e-20    6.5484301e-19             3957                1
     0.0058289981    3.0881863e-05    -0.0031816519    -0.0010748114     0.0012103179    -0.0022770995    9.1093825e-31   -1.6021766e-19    -9.156439e-20    6.5484301e-19              256                0
   -0.00018232124     7.130111e-05      0.013768841     0.0015265336      0.010135195   -0.00073697598    9.1093825e-31   -1.6021766e-19    -9.156439e-20    6.5484301e-19             3906                1
   -0.00015087151           0.0001     0.0034226687    -0.0029614419     0.0007492943   -0.00080641982    9.1093825e-31   -1.6021766e-19    -9.156439e-20    6.5484301e-19             4010                1
     0.0014569974    7.8027064e-05    -0.0033900186     0.0012551713    -0.0036166548    -0.0011518509    9.1093825e-31   -1.6021766e-19    -9.156439e-20    6.5484301e-19             3917                1
   -0.00087217067    3.7041009e-05     -0.008384278     -0.001321582     -0.011203261    -0.0018769136    9.1093825e-31   -1.6021766e-19    -9.156439e-20    6.5484301e-19             3951                1
    -0.0093750376    8.9725705e-05     0.0020408116    -0.0022457188    0.00078286254    -0.0018361062    9.1093825e-31   -1.6021766e-19    -9.156439e-20    6.5484301e-19              978                0
    -0.0016115952     6.462029e-05     -0.012341365    -0.0011777497    -0.0061647915     0.0021650814    9.1093825e-31   -1.6021766e-19    -9.156439e-20    6.5484301e-19             3735                1
     0.0094052404    1.9029016e-05    0.00089859916     0.0014198509    3.5996203e-05   -0.00017854456    9.1093825e-31   -1.6021766e-19    -9.156439e-20    6.5484301e-19              637                0
     0.0011007101    6.0106842e-05    -0.0068432726     0.0032981271     -0.008851856      0.003127184    9.1093825e-31   -1.6021766e-19    -9.156439e-20    6.5484301e-19             3986                1
    -0.0015084232    6.3703665e-05    -0.0066254372   -0.00070083159    -0.0065229828   -0.00056936889    9.1093825e-31   -1.6021766e-19    -9.156439e-20    6.5484301e-19             3920                1
     0.0046567149     8.866992e-05     0.0022629993   -0.00066960929     0.0026741999     0.0011543434    9.1093825e-31   -1.6021766e-19    -9.156439e-20    6.5484301e-19              229                0
     0.0010783881    4.5564433e-05    -0.0065491912   -0.00019094435    -0.0072303507     0.0015657198    9.1093825e-31   -1.6021766e-19    -9.156439e-20    6.5484301e-19             3836                1
    -0.0084892511    3.1602929e-05    -0.0014955286    0.00079749722    0.00014323258   -0.00040312295    9.1093825e-31   -1.6021766e-19    -9.156439e-20    6.5484301e-19              894                0
     0.0075620394    9.0622729e-05     0.0055375313    -0.0009952751     0.0011172303     0.0030267686    9.1093825e-31   -1.6021766e-19    -9.156439e-20    6.5484301e-19              219                0
     0.0080530318    2.6510827e-05    -0.0029377083     0.0016759553    0.00014588582     0.0023100229    9.1093825e-31   -1.6021766e-19    -9.156439e-20    6.5484301e-19              309                0
    -0.0089638215    6.4220279e-05      0.011165532   -0.00023768414    0.00020400004   -0.00060471351    9.1093825e-31   -1.6021766e-19    -9.156439e-20    6.5484301e-19              329                0
    -0.0017271574     8.198911e-06      0.010481277    -0.0023783045    -0.0023775671   -0.00040699422    9.1093825e-31   -1.6021766e-19    -9.156439e-20    6.5484301e-19             3508                1
     0.0089568291    5.9164133e-05     0.0080911275    -0.0010036845    0.00024415043      0.001658057    9.1093825e-31   -1.6021766e-19    -9.156439e-20    6.5484301e-19              369                0
    -0.0012111635    5.5326465e-05     0.0066531952   -0.00079791714     0.0067941863    0.00010846086    9.1093825e-31   -1.6021766e-19    -9.156439e-20    6.5484301e-19             3684                1
   -0.00014796256    8.9023844e-05     0.0034166251    -0.0022957614    -0.0016680358    -0.0021274751    9.1093825e-31   -1.6021766e-19    -9.156439e-20    6.5484301e-19             4011                1
     0.0011923657    2.5727015e-05      0.011351665     0.0052978583     0.0062029352     0.0057382844    9.1093825e-31   -1.6021766e-19    -9.156439e-20    6.5484301e-19             3970                1
   -0.00018309942    3.9078674e-05       0.01382461     0.0014380104     0.0064554252     0.0055874051    9.1093825e-31   -1.6021766e-19    -9.156439e-20    6.5484301e-19             3907                1
     0.0032384258    3.4291188e-05      0.014073526     0.0066676922     0.0059701824     0.0010812394    9.1093825e-31   -1.6021766e-19    -9.156439e-20    6.5484301e-19             3932                1
     0.0010847035     2.090826e-07    -0.0096031437     0.0023021004   -0.00011699179    0.00069544988    9.1093825e-31   -1.6021766e-19    -9.156439e-20    6.5484301e-19             4084                1
     0.0002638897    4.7484402e-05    -0.0089304755    -0.0016380419     -0.010158351    -0.0060230889    9.1093825e-31   -1.6021766e-19    -9.156439e-20    6.5484301e-19             3962                1
     0.0071905805     7.078451e-05    0.00079429284    -0.0015110978     0.0015425413   -0.00085124106    9.1093825e-31   -1.6021766e-19    -9.156439e-20    6.5484301e-19              476                0
    -0.0048034638    6.5138418e-05     -0.012896094     0.0013027721    -0.0017545015    -0.0016450884    9.1093825e-31   -1.6021766e-19    -9.156439e-20    6.5484301e-19              549                0
   -0.00078555202    7.1858645e-05      0.010251482     0.0026127265     0.0012928999    0.00071612973    9.1093825e-31   -1.6021766e-19    -9.156439e-20    6.5484301e-19              569                0
    -0.0016340723    1.4680987e-05     -0.012396938    -0.0025531279    -0.0092306063    -0.0012286153    9.1093825e-31   -1.6021766e-19    -9.156439e-20    6.5484301e-19             3734                1
     0.0012045323    7.0205344e-05    -0.0065573249    -0.0053926231    -0.0062494599   -0.00095976715    9.1093825e-31   -1.6021766e-19    -9.156439e-20    6.5484301e-19             3952                1
    -0.0014130003    4.2604846e-05    -0.0079709673     0.0002583664    -0.0091120396     0.0060296152    9.1093825e-31   -1.6021766e-19    -9.156439e-20    6.5484301e-19             3903                1
    -0.0016585034    5.2425741e-05      0.010598358    -0.0019225479     0.0088621862   -0.00048255539    9.1093825e-31   -1.6021766e-19    -9.156439e-20    6.5484301e-19             3913                1
    -0.0077108294    4.5369143e-05     0.0039551319     0.0011580088    0.00094745716    0.00098701823    9.1093825e-31   -1.6021766e-19    -9.156439e-20    6.5484301e-19              934                0
     0.0015313708    2.6516493e-05      0.011401897   -0.00095305569     0.0060363952   -0.00040874351    9.1093825e-31   -1.6021766e-19    -9.156439e-20    6.5484301e-19             3948                1
     0.0014535957    4.7836824e-05    -0.0088529522    -0.0017344151    -0.0079807658     0.0042243013    9.1093825e-31   -1.6021766e-19    -9.156439e-20    6.5484301e-19             3849                1
     0.0014406516    6.3656793e-05      0.011432318   -2.7193475e-05      0.011113565   -0.00036288344    9.1093825e-31   -1.6021766e-19    -9.156439e-20    6.5484301e-19             3949                1
     0.0016734735    6.6472043e-05     -0.012825233   -0.00024219662     -0.000783592    0.00016433214    9.1093825e-31   -1.6021766e-19    -9.156439e-20    6.5484301e-19             3329                1
    -0.0024890692    9.1013717e-05    -0.0019906305    -0.0045903814    -0.0029578069     0.0065744952    9.1093825e-31   -1.6021766e-19    -9.156439e-20    6.5484301e-19             4026                1
     0.0014674492    5.6412104e-05    -0.0086678481    -0.0020705233    -0.0073207789    0.00029586343    9.1093825e-31   -1.6021766e-19    -9.156439e-20    6.5484301e-19             3871                1
     0.0054609864    2.2009999e-05     0.0022642401    0.00061407633     0.0019621646     0.0025735076    9.1093825e-31   -1.6021766e-19    -9.156439e-20    6.5484301e-19               20                0
    -0.0042281873      5.00561e-05     -0.009691094     -0.003384138    -0.0093262093   -0.00018927765    9.1093825e-31   -1.6021766e-19    -9.156439e-20    6.5484301e-19             3966                1
   -0.00089742092    6.2383981e-05     -0.008392293     0.0047332929    -0.0063451203    -0.0020904765    9.1093825e-31   -1.6021766e-19    -9.156439e-20    6.5484301e-19             3829                1
    -0.0024451353    7.5547388e-05    -0.0020016751     0.0067904321    -0.0069633522     0.0037156434    9.1093825e-31   -1.6021766e-19    -9.156439e-20    6.5484301e-19             4027                1
     0.0023949831    7.1921691e-05    -0.0092864167   -0.00088063232    -0.0066748094    -0.0013620943    9.1093825e-31   -1.6021766e-19    -9.156439e-20    6.5484301e-19             3979                1
     0.0011044081    9.7284697e-05    -0.0094893696   -4.4193388e-05     0.0022285222    -0.0018605264    9.1093825e-31   -1.6021766e-19    -9.156439e-20    6.5484301e-19             3474                1
     0.0016678002    3.7572281e-05      0.011326489    -0.0014365438     0.0073561086      0.001736003    9.1093825e-31   -1.6021766e-19    -9.156439e-20    6.5484301e-19             3936                1
     0.0034139296     1.075298e-05    -0.0076172911    0.00011978708    -0.0019729433   -0.00027308002    9.1093825e-31   -1.6021766e-19    -9.156439e-20    6.5484301e-19             2921                1
     0.0059778113    5.9707989e-05       0.01209819   -0.00063605729    0.00012675852     0.0020717059    9.1093825e-31   -1.6021766e-19    -9.156439e-20    6.5484301e-19              280                0
    0.00011197229    9.2962415e-05    -0.0011545778     -0.001237373     0.0072999718   -0.00020876258    9.1093825e-31   -1.6021766e-19    -9.156439e-20    6.5484301e-19             3621                1
      0.001044108    5.7192599e-05     0.0057199313    -0.0046011969     0.0094324704    0.00025652687    9.1093825e-31   -1.6021766e-19    -9.156439e-20    6.5484301e-19             3921                1
     0.0011913388    7.1367991e-05    -0.0093201464    0.00038546327    -0.0059044743   -0.00070765126    9.1093825e-31   -1.6021766e-19    -9.156439e-20    6.5484301e-19             3850                1
    -0.0013982019    5.9042241e-06    -0.0083999624    -0.0031049354     0.0019077993     0.0051448299    9.1093825e-31   -1.6021766e-19    -9.156439e-20    6.5484301e-19             4068                1
     0.0028859566    5.5540782e-05      0.009916639      0.000396566     0.0014497268   -0.00023640489    9.1093825e-31   -1.6021766e-19    -9.156439e-20    6.5484301e-19              177                0
     0.0016444348    9.5438707e-05      0.002485309      0.005868542      0.011364467    -0.0017435928    9.1093825e-31   -1.6021766e-19    -9.156439e-20    6.5484301e-19             3855                1
     0.0014256872    6.4389686e-05    -0.0033662491    -0.0024230999    -0.0052100299      0.001641163    9.1093825e-31   -1.6021766e-19    -9.156439e-20    6.5484301e-19             3916                1
    -0.0032221833    3.5946898e-05     -0.010280576    -0.0023089475    -0.0077717756    0.00027936965    9.1093825e-31   -1.6021766e-19    -9.156439e-20    6.5484301e-19             3779                1
    -0.0082506295    1.5285861e-05     0.0033792185    0.00095604506    0.00039924544     -0.003189954    9.1093825e-31   -1.6021766e-19    -9.156439e-20    6.5484301e-19              184                0
     -0.001969656    7.8529403e-05     0.0039785602     -0.001421364     0.0033172884    9.5225019e-05    9.1093825e-31   -1.6021766e-19    -9.156439e-20    6.5484301e-19              699                0
   -0.00043748715    1.3063227e-05    -0.0082256319     0.0045729904    -0.0099812215    3.9799819e-05    9.1093825e-31   -1.6021766e-19    -9.156439e-20    6.5484301e-19             3803                1
    -0.0012207661    8.2324157e-05      0.006598176     0.0040859967     0.0087995799     0.0010200962    9.1093825e-31   -1.6021766e-19    -9.156439e-20    6.5484301e-19             3711                1
     -0.008589888    3.0667186e-05      0.002092255    0.00042474753    0.00036900374   -0.00017250387    9.1093825e-31   -1.6021766e-19    -9.156439e-20    6.5484301e-19              264                0
     0.0051110964    3.3380569e-05    0.00018221101    0.00027133676     0.0018601806    -0.0012748283    9.1093825e-31   -1.6021766e-19    -9.156439e-20    6.5484301e-19              284                0
    -0.0017646749    3.0915289e-05      0.010574324     0.0034391026    -0.0018124846    8.2229013e-07    9.1093825e-31   -1.6021766e-19    -9.156439e-20    6.5484301e-19             3764                1
   -0.00064025662    5.9736663e-05    -0.0079751676     0.0025619476    -0.0072038551    0.00021819679    9.1093825e-31   -1.6021766e-19    -9.156439e-20    6.5484301e-19             3900                1
     0.0039881212    5.3702923e-05     -0.006787464     -0.003358816    -0.0018365866      0.000249456    9.1093825e-31   -1.6021766e-19    -9.156439e-20    6.5484301e-19             3523                1
   -0.00085678801    2.4132551e-05    -0.0028705124    -0.0075528095   -0.00075035589   -4.3272081e-05    9.1093825e-31   -1.6021766e-19    -9.156439e-20    6.5484301e-19             3498                1
   -0.00099580234    2.8336211e-05    -0.0020892895   -8.5225976e-05     0.0022336165    0.00019071235    9.1093825e-31   -1.6021766e-19    -9.156439e-20    6.5484301e-19              384                0
     0.0013101024    7.5674958e-05     0.0025736333    0.00017588971     -0.006318694   -0.00041274296    9.1093825e-31   -1.6021766e-19    -9.156439e-20    6.5484301e-19             4038                1
    -0.0033400441    7.4990421e-05     0.0061928909    -0.0010002684      0.008947894    -0.0045449547    9.1093825e-31   -1.6021766e-19    -9.156439e-20    6.5484301e-19             3781                1
    -0.0092197992    5.1225699e-05   -0.00039205645    1.0222613e-05    0.00021667658    0.00067072787    9.1093825e-31   -1.6021766e-19    -9.156439e-20    6.5484301e-19              444                0
    -0.0059197787    2.5721523e-05    -0.0020522913    0.00017257505     0.0014393249    -0.0010526244    9.1093825e-31   -1.6021766e-19    -9.156439e-20    6.5484301e-19              464                0
    -0.0037234677    2.1083108e-05      0.011681201    0.00028971204     0.0020008362   -0.00042099308    9.1093825e-31   -1.6021766e-19    -9.156439e-20    6.5484301e-19             3644                1
     0.0056745904    8.8764697e-05     0.0094152074       0.00161281     0.0015460205     0.0017083938    9.1093825e-31   -1.6021766e-19    -9.156439e-20    6.5484301e-19             1322                1
     0.0026537494    1.0896504e-05      0.012177508    -0.0013147793    -0.0030851283    -0.0016224287    9.1093825e-31   -1.6021766e-19    -9.156439e-20    6.5484301e-19             3466                1
     0.0018002673    2.0882371e-05       0.01043337     0.0019242431      0.007913691    0.00074533868    9.1093825e-31   -1.6021766e-19    -9.156439e-20    6.5484301e-19             4049                1
     0.0083737308    6.1833052e-05    -0.0037931032   -0.00064162252    0.00058451906    0.00088339031    9.1093825e-31   -1.6021766e-19    -9.156439e-20    6.5484301e-19              564                0
    -0.0016868005    1.8451339e-06     -0.011189092    -0.0016855433    -0.0007336486    -0.0022146842    9.1093825e-31   -1.6021766e-19    -9.156439e-20    6.5484301e-19             4040                1
    -0.0007294768    2.6329635e-05    -0.0081153233    -0.0024549803     -0.012530738   -0.00053219625    9.1093825e-31   -1.6021766e-19    -9.156439e-20    6.5484301e-19             3947                1
   -0.00090515392    5.9593371e-05    -0.0028673275     0.0030631509     -0.006536162     0.0075658751    9.1093825e-31   -1.6021766e-19    -9.156439e-20    6.5484301e-19             3953                1
   -0.00092137681    9.8633463e-05     0.0058946926     0.0046244119      0.013283785    -0.0027852855    9.1093825e-31   -1.6021766e-19    -9.156439e-20    6.5484301e-19             3881                1
    -0.0068185651    9.9444442e-05    0.00081527472     0.0001963328     0.0017785361   -8.7657289e-05    9.1093825e-31   -1.6021766e-19    -9.156439e-20    6.5484301e-19              664                0
      0.001037451    4.0493687e-05    -0.0092722243     0.0032522676    -0.0089876559     0.0039718295    9.1093825e-31   -1.6021766e-19    -9.156439e-20    6.5484301e-19             3861                1
     0.0033806593    5.5328896e-05     0.0045799068   -0.00017306452     0.0029788841     -0.001875199    9.1093825e-31   -1.6021766e-19    -9.156439e-20    6.5484301e-19              704                0
     0.0011071679    8.8479981e-05    -0.0064003123     0.0017668313    -0.0044862833   -0.00064170494    9.1093825e-31   -1.6021766e-19    -9.156439e-20    6.5484301e-19             4041                1
    0.00013172335    5.1821255e-05     0.0001256125    -0.0078289276     0.0059216754    0.00010029128    9.1093825e-31   -1.6021766e-19    -9.156439e-20    6.5484301e-19             3622                1
     0.0016277003    5.2655265e-05       0.01035293    0.00059077935      0.010658327    0.00095487799    9.1093825e-31   -1.6021766e-19    -9.156439e-20    6.5484301e-19             3978                1
    -0.0065907701    7.3112984e-05     -0.010839213    0.00095526432    -0.0010861219    0.00099936384    9.1093825e-31   -1.6021766e-19    -9.156439e-20    6.5484301e-19              125                0
    -0.0050151725    8.3777792e-05      0.013408825    0.00091739418    3.0056455e-05    0.00043359908    9.1093825e-31   -1.6021766e-19    -9.156439e-20    6.5484301e-19              804                0
    -0.0013927273    4.1658452e-05      0.011164335    -0.0002626589     0.0087294132    0.00054719846    9.1093825e-31   -1.6021766e-19    -9.156439e-20    6.5484301e-19             3972                1
    0.00044991815    8.3126106e-05    0.00029848641   -9.6592685e-06     0.0078622382   -0.00017114372    9.1093825e-31   -1.6021766e-19    -9.156439e-20    6.5484301e-19             3699                1
     0.0018346841    1.6543582e-06     -0.012512047   -9.4751529e-05      0.003244122    2.5574263e-05    9.1093825e-31   -1.6021766e-19    -9.156439e-20    6.5484301e-19             4100                1
    -0.0014281123    8.5686763e-05    -0.0065485067     0.0010736907     0.0042613121    -0.0010879542    9.1093825e-31   -1.6021766e-19    -9.156439e-20    6.5484301e-19             3774                1
    -0.0009008451    2.3854613e-05     0.0069193169   -0.00082588015      -0.00056088    -0.0038745801    9.1093825e-31   -1.6021766e-19    -9.156439e-20    6.5484301e-19             3736                1
     0.0012591148    5.3290434e-05      0.011517431    0.00020346312    0.00030598082      0.001553618    9.1093825e-31   -1.6021766e-19    -9.156439e-20    6.5484301e-19             2668                1
    -0.0011852367    9.7028613e-05     0.0061481786     0.0074137752         0.012274    -0.0028386693    9.1093825e-31   -1.6021766e-19    -9.156439e-20    6.5484301e-19             3835                1
      0.001596362    8.4453437e-05    -0.0051491321    0.00013946045     -0.004401905    -4.758803e-05    9.1093825e-31   -1.6021766e-19    -9.156439e-20    6.5484301e-19             3996                1
    0.00038390816    7.1467577e-05    -0.0036822087    -0.0013742809    -0.0037229753     0.0018809291    9.1093825e-31   -1.6021766e-19    -9.156439e-20    6.5484301e-19             3859                1
     -0.006756559    8.1890001e-05      0.012298669    0.00030421582    0.00028168823    0.00066825387    9.1093825e-31   -1.6021766e-19    -9.156439e-20    6.5484301e-19              988                0
     -0.002555083    3.7801805e-05    -0.0018267425    -0.0029798825    -0.0007249951    0.00033311057    9.1093825e-31   -1.6021766e-19    -9.156439e-20    6.5484301e-19             3658                1
     -0.001623504    3.1197662e-05     -0.011197403   -0.00070208817      -0.01041027     0.0047390675    9.1093825e-31   -1.6021766e-19    -9.156439e-20    6.5484301e-19             3884                1
    0.00084691285    7.7927769e-05     0.0059765549     0.0038063186    -0.0048537264   -0.00021915729    9.1093825e-31   -1.6021766e-19    -9.156439e-20    6.5484301e-19             4036                1
    0.00043241386    4.8205089e-05    0.00035876318     0.0036052291    -0.0087695587     0.0020190885    9.1093825e-31   -1.6021766e-19    -9.156439e-20    6.5484301e-19             3983                1
    -0.0012385926    6.8264766e-05     0.0060938713    -0.0030720267      0.010808473     0.0019706429    9.1093825e-31   -1.6021766e-19    -9.156439e-20    6.5484301e-19             3923                1
   -0.00078621018    5.4723274e-05    -0.0058514057   -0.00067515537    -0.0089059789     0.0017128836    9.1093825e-31   -1.6021766e-19    -9.156439e-20    6.5484301e-19             3973                1
    0.00094295241    1.2367079e-05     0.0025445223     0.0038532696     0.0001646727    -0.0047870688    9.1093825e-31   -1.6021766e-19    -9.156439e-20    6.5484301e-19             3552                1
     -0.001130695    8.1181453e-05    -0.0057820817    -0.0053962306    -0.0060676686     0.0031293803    9.1093825e-31   -1.6021766e-19    -9.156439e-20    6.5484301e-19             4023                1
    -0.0024206899      7.52169e-05    -0.0021059741   -0.00019924951    -0.0028475006    -0.0025928505    9.1093825e-31   -1.6021766e-19    -9.156439e-20    6.5484301e-19             3885                1
     -0.002452594    7.0167939e-06     0.0061708386     0.0012852651       0.00247247     0.0004060973    9.1093825e-31   -1.6021766e-19    -9.156439e-20    6.5484301e-19              485                0
     0.0015116071    3.0269543e-05     -0.012913363    -0.0015318922    -0.0095445151     0.0039224979    9.1093825e-31   -1.6021766e-19    -9.156439e-20    6.5484301e-19             3818                1
    8.3089923e-05    1.3612394e-05        0.0137669     0.0085608419     0.0037521073   -0.00017503678    9.1093825e-31   -1.6021766e-19    -9.156439e-20    6.5484301e-19             3933                1
     0.0017835208    8.9665526e-05     -0.012871722    0.00016152946    -0.0044674645     0.0001310332    9.1093825e-31   -1.6021766e-19    -9.156439e-20    6.5484301e-19             4058                1
      -0.00204183    6.0590246e-05      0.006365099    -0.0004838804     0.0093835285   -0.00052153855    9.1093825e-31   -1.6021766e-19    -9.156439e-20    6.5484301e-19             3888                1
    -0.0041276873    2.8863631e-05     -0.012195036     0.0047536176    -0.0080754692    0.00023593789    9.1093825e-31   -1.6021766e-19    -9.156439e-20    6.5484301e-19             3761                1
    0.00083719526    8.1212645e-05      0.005975992     0.0012232474    -0.0039800559   -0.00036816392    9.1093825e-31   -1.6021766e-19    -9.156439e-20    6.5484301e-19             4037                1
    -0.0029508159    3.1091124e-05     -0.010642577    0.00081744592    -0.0089194523    -0.0036405362    9.1093825e-31   -1.6021766e-19    -9.156439e-20    6.5484301e-19             3806                1
     0.0013269217    9.1094218e-05      0.011370162     0.0062794038    -0.0021741979    -0.0037025362    9.1093825e-31   -1.6021766e-19    -9.156439e-20    6.5484301e-19             4057                1
     0.0025178273    5.3544107e-05    -0.0076100109    -0.0013220285    -0.0072343848     0.0050275046    9.1093825e-31   -1.6021766e-19    -9.156439e-20    6.5484301e-19             3875                1
     0.0020760254    3.4893812e-05      0.014667227   -0.00071197544     0.0093985181    0.00016219971    9.1093825e-31   -1.6021766e-19    -9.156439e-20    6.5484301e-19             4013                1
     0.0023757508    8.2854356e-05    -0.0091675688     0.0018999674     0.0024196736     -0.001921929    9.1093825e-31   -1.6021766e-19    -9.156439e-20    6.5484301e-19             3741                1
     0.0010811619    7.1452068e-06    -0.0096049812    -0.0012754061     0.0068889167    -0.0011631483    9.1093825e-31   -1.6021766e-19    -9.156439e-20    6.5484301e-19             4085                1
    -0.0029384063     4.657406e-05     -0.014586491   -4.5861401e-05    -0.0030067144    -0.0013778993    9.1093825e-31   -1.6021766e-19    -9.156439e-20    6.5484301e-19              422                0
     0.0017929876    9.4180272e-05     0.0072549735    -0.0012265861    -0.0019119793    -0.0054860371    9.1093825e-31   -1.6021766e-19    -9.156439e-20    6.5484301e-19             4066                1
    -0.0011182259    9.4335475e-05     0.0061617079     -0.001127544      0.011980962    0.00061741209    9.1093825e-31   -1.6021766e-19    -9.156439e-20    6.5484301e-19             3831                1
    -0.0010544518    6.4121552e-05     0.0060032117    0.00055905228     0.0047429255    -0.0025746364    9.1093825e-31   -1.6021766e-19    -9.156439e-20    6.5484301e-19             3396                1
    -0.0045185313    8.1379694e-05      0.010428713    -0.0029139891     0.0011605108     0.0010077214    9.1093825e-31   -1.6021766e-19    -9.156439e-20    6.5484301e-19              687                0
   -5.3520202e-05    7.8640376e-05     0.0042549735   -0.00082111493      0.011002685   -0.00035979445    9.1093825e-31   -1.6021766e-19    -9.156439e-20    6.5484301e-19             3889                1
    4.7120491e-05    9.3501374e-05     0.0043415958     0.0027137732      0.010605795   -0.00078115182    9.1093825e-31   -1.6021766e-19    -9.156439e-20    6.5484301e-19             3769                1
    0.00097633892    8.9697583e-05    -0.0096114185    -0.0037763091     0.0021348575    0.00040805707    9.1093825e-31   -1.6021766e-19    -9.156439e-20    6.5484301e-19             3709                1
     0.0053779804     3.802112e-05     0.0032447595    0.00026285611     0.0020322835   -0.00070404593    9.1093825e-31   -1.6021766e-19    -9.156439e-20    6.5484301e-19              581                0
     0.0013927704    6.0916405e-05      0.011555575    0.00031534527      0.010293974    0.00036864809    9.1093825e-31   -1.6021766e-19    -9.156439e-20    6.5484301e-19             3934                1
     -0.002877282     4.879402e-05    -0.0058073672     0.0021311156      -0.00812905    0.00046918314    9.1093825e-31   -1.6021766e-19    -9.156439e-20    6.5484301e-19             3927                1
     0.0013862614    8.0601567e-05     0.0015400337   -8.0996884e-05     0.0035020772    -0.0016324867    9.1093825e-31   -1.6021766e-19    -9.156439e-20    6.5484301e-19              641                0
     0.0013391634    5.6195964e-05    -0.0050925091     0.0014073849      -0.00770364     0.0027149234    9.1093825e-31   -1.6021766e-19    -9.156439e-20    6.5484301e-19             3950                1
     0.0020206587    1.9807676e-06     -0.012334014     0.0034466353   -0.00064674596      0.006034933    9.1093825e-31   -1.6021766e-19    -9.156439e-20    6.5484301e-19             4033                1
     0.0067859851    9.5440293e-05    -0.0074556149     0.0018009682    -0.0023795241    -0.0012162204    9.1093825e-31   -1.6021766e-19    -9.156439e-20    6.5484301e-19             4064                1
    -0.0029565722    2.2975042e-05     -0.010342114   -3.8486116e-05    -0.0087218657   -0.00011262843    9.1093825e-31   -1.6021766e-19    -9.156439e-20    6.5484301e-19             3771                1
     0.0014677786    7.0750048e-07     -0.013045095    -0.0017443973     0.0035516354    -0.0010630114    9.1093825e-31   -1.6021766e-19    -9.156439e-20    6.5484301e-19             4108                1
    -0.0016088424     5.299375e-05     -0.012377222   -0.00097842677    -0.0078315018    -0.0016129769    9.1093825e-31   -1.6021766e-19    -9.156439e-20    6.5484301e-19             3842                1
    -0.0013855601    7.1504823e-05      0.005588185    -0.0047518332     0.0087173739     0.0023715792    9.1093825e-31   -1.6021766e-19    -9.156439e-20    6.5484301e-19             3743                1
     0.0013539682    5.0373728e-05    -0.0086131049    -0.0043571033    -0.0082630711    -0.0012757061    9.1093825e-31   -1.6021766e-19    -9.156439e-20    6.5484301e-19             3894                1
     0.0094253067     4.442655e-05    -0.0040920074    0.00047719345   -7.6859615e-05     0.0016113897    9.1093825e-31   -1.6021766e-19    -9.156439e-20    6.5484301e-19              821                0
    -0.0018546029    8.0775018e-05     0.0018717061    -0.0037061807     0.0090636676    -0.0011999902    9.1093825e-31   -1.6021766e-19    -9.156439e-20    6.5484301e-19             3801                1
    -0.0016254897    3.8466827e-05      0.010638787     0.0019102434     0.0072333817     0.0042083669    9.1093825e-31   -1.6021766e-19    -9.156439e-20    6.5484301e-19             3914                1
     0.0019720101    7.2250936e-05     -0.012698583   -0.00039161768   -3.5700596e-05    -0.0034424153    9.1093825e-31   -1.6021766e-19    -9.156439e-20    6.5484301e-19             3669                1
      0.001582526    8.4162406e-05    -0.0053450847     0.0047313608    -0.0079999045     0.0004828652    9.1093825e-31   -1.6021766e-19    -9.156439e-20    6.5484301e-19             4069                1
    -0.0003777683    7.7363829e-06    -0.0082882252     0.0036039203     -0.014420172     0.0027872003    9.1093825e-31   -1.6021766e-19    -9.156439e-20    6.5484301e-19             3935                1
    -0.0052529615    1.3606463e-05     -0.010820076      -0.00311185    -0.0027630806    0.00044563395    9.1093825e-31   -1.6021766e-19    -9.156439e-20    6.5484301e-19             2846                1
    -0.0014296987    2.5845347e-05     -0.012632234    -0.0092265317    -0.0078208316    -0.0022397747    9.1093825e-31   -1.6021766e-19    -9.156439e-20    6.5484301e-19             3693                1
   -0.00083825173    3.7417947e-05    -0.0085038226    0.00029588107    -0.0060220943    -0.0005323423    9.1093825e-31   -1.6021766e-19    -9.156439e-20    6.5484301e-19             3718                1
     0.0014669079    2.9677269e-05     -0.013168597     0.0027427892    -0.0097462339   -0.00064241939    9.1093825e-31   -1.6021766e-19    -9.156439e-20    6.5484301e-19             3825                1
   -4.5622139e-05    1.6840635e-05      0.013789495    -0.0034676006     0.0074559883    -0.0024513083    9.1093825e-31   -1.6021766e-19    -9.156439e-20    6.5484301e-19             4061                1
    -0.0036424855    4.8014459e-05      0.011515634   -0.00089087983     0.0077033583     0.0018363415    9.1093825e-31   -1.6021766e-19    -9.156439e-20    6.5484301e-19             3908                1
   -0.00084691914    8.7586486e-05    -0.0083802864   -0.00024317688     -0.003742093     0.0022102424    9.1093825e-31   -1.6021766e-19    -9.156439e-20    6.5484301e-19             3770                1
     0.0036098983    5.1481606e-05     0.0090891188    3.9825729e-05     0.0094536738    -0.0016986597    9.1093825e-31   -1.6021766e-19    -9.156439e-20    6.5484301e-19             3955                1
     0.0039871014    3.0309642e-05    0.00098687538    -0.0015190603     0.0023168335    -0.0015087703    9.1093825e-31   -1.6021766e-19    -9.156439e-20    6.5484301e-19              118                0
    -0.0015635991    6.0172959e-05     -0.011234004   -0.00033742501    -0.0071612401     0.0052446178    9.1093825e-31   -1.6021766e-19    -9.156439e-20    6.5484301e-19             3844                1
    -0.0093899081    4.6441375e-05    -0.0036030181     0.0005139382    0.00037616323    0.00042816406    9.1093825e-31   -1.6021766e-19    -9.156439e-20    6.5484301e-19              158                0
     0.0014913687    7.3245501e-05     0.0024942283    -0.0018573246     0.0083884131     0.0022379383    9.1093825e-31   -1.6021766e-19    -9.156439e-20    6.5484301e-19             3750                1
   -1.2753964e-05    2.9716031e-05     -0.005849143    -0.0020760889    -0.0088860122     0.0023259469    9.1093825e-31   -1.6021766e-19    -9.156439e-20    6.5484301e-19             3860                1
     0.0014448115    4.1522497e-05      0.011587714    -0.0028840813     0.0099011362     0.0022416275    9.1093825e-31   -1.6021766e-19    -9.156439e-20    6.5484301e-19             4002                1
    -0.0010719174    2.0265881e-05      0.005950165   -0.00039338949     0.0061000315    0.00041974892    9.1093825e-31   -1.6021766e-19    -9.156439e-20    6.5484301e-19             4019                1
     0.0068429108    8.5790125e-05     -0.013487018   -0.00044069649   -0.00098116044    0.00094200351    9.1093825e-31   -1.6021766e-19    -9.156439e-20    6.5484301e-19              213                0
    -0.0022348794    9.9162251e-05     0.0028473043    -0.0020279416     -0.001401925      0.004100759    9.1093825e-31   -1.6021766e-19    -9.156439e-20    6.5484301e-19             4098                1
    -0.0011120872    1.7140439e-05     0.0057869279    -0.0014307919     0.0053011375    0.00046515159    9.1093825e-31   -1.6021766e-19    -9.156439e-20    6.5484301e-19             4020                1
     0.0017166777    8.8716828e-05    -0.0029815501   -3.7378784e-05    -0.0022199643   -0.00020788994    9.1093825e-31   -1.6021766e-19    -9.156439e-20    6.5484301e-19             3924                1
      0.001197462    3.1565756e-05      -0.00693302    -0.0013730116    -0.0093691759    0.00022707008    9.1093825e-31   -1.6021766e-19    -9.156439e-20    6.5484301e-19             3873                1
   -0.00092801696    9.6638796e-05      0.005933221    0.00026616507       0.01345344    0.00051523047    9.1093825e-31   -1.6021766e-19    -9.156439e-20    6.5484301e-19             3895                1
    -0.0029128348    6.8047302e-05    -0.0056309826    -0.0017297521    -0.0089027472   -0.00089878344    9.1093825e-31   -1.6021766e-19    -9.156439e-20    6.5484301e-19             4017                1
    -0.0013470708     9.581582e-05    -0.0084018083     0.0020318588     0.0029891541     0.0033452692    9.1093825e-31   -1.6021766e-19    -9.156439e-20    6.5484301e-19             3642                1
     0.0012112552    8.0315564e-05      0.011464122      0.001860584      0.010434176    -0.0056039663    9.1093825e-31   -1.6021766e-19    -9.156439e-20    6.5484301e-19             3851                1
     0.0018340392    3.2275234e-06     -0.012512517     -0.001397618     0.0064222673   -0.00092626276    9.1093825e-31   -1.6021766e-19    -9.156439e-20    6.5484301e-19             4101                1
    -0.0018888492    9.5277675e-05     0.0019211586      0.004110788    -0.0095570209     0.0013620543    9.1093825e-31   -1.6021766e-19    -9.156439e-20    6.5484301e-19             4102                1
     0.0029048973    2.4458874e-05      0.014271609     0.0023745322     0.0099543994    -0.0013109823    9.1093825e-31   -1.6021766e-19    -9.156439e-20    6.5484301e-19             4060                1
     0.0015314535    4.1965017e-05     0.0072741727    -0.0027709019     0.0083417669     0.0017430326    9.1093825e-31   -1.6021766e-19    -9.156439e-20    6.5484301e-19             3956                1
     0.0010905341    9.8323362e-05     0.0059968946   -0.00078471197     -0.001969951     0.0014912356    9.1093825e-31   -1.6021766e-19    -9.156439e-20    6.5484301e-19             4090                1
    -0.0019151923    8.7536486e-05     0.0019670089     0.0039671878    -0.0054447972    -0.0023895581    9.1093825e-31   -1.6021766e-19    -9.156439e-20    6.5484301e-19             4065                1
     0.0032295166    7.3465388e-05      0.007899099   -0.00069933955     0.0021889969   -0.00054171978    9.1093825e-31   -1.6021766e-19    -9.156439e-20    6.5484301e-19              903                0
    -0.0084196627    5.5156328e-05      0.010214102    0.00098372181     0.0004456545    0.00071635674    9.1093825e-31   -1.6021766e-19    -9.156439e-20    6.5484301e-19              578                0
    0.00032989422    3.6675345e-05       0.01234338    0.00077139185      0.010004234     0.0027739748    9.1093825e-31   -1.6021766e-19    -9.156439e-20    6.5484301e-19             4012                1
     0.0083823428    3.5427125e-05     0.0096175885     0.0017476892    0.00036180895    0.00014753132    9.1093825e-31   -1.6021766e-19    -9.156439e-20    6.5484301e-19              618                0
     0.0017328491    9.8631179e-05      0.006824072    -0.0041099503    -0.0013384476   -0.00042226116    9.1093825e-31   -1.6021766e-19    -9.156439e-20    6.5484301e-19             4086                1
   -0.00092779781    8.1021979e-05    -0.0084408959     0.0001068237    -0.0070446753   -0.00013753354    9.1093825e-31   -1.6021766e-19    -9.156439e-20    6.5484301e-19             4044                1
   -0.00098937657    4.6558256e-05     0.0060184486   -3.7369744e-05     0.0071557956   -0.00045804138    9.1093825e-31   -1.6021766e-19    -9.156439e-20    6.5484301e-19             3740                1
     -0.001394459    3.1696069e-05    -0.0084735574   -0.00058314658     -0.011431033   -0.00017607323    9.1093825e-31   -1.6021766e-19    -9.156439e-20    6.5484301e-19             3937                1
     0.0010652575    7.3134084e-05      0.011398614    -0.0019489366      0.010567763     0.0024441455    9.1093825e-31   -1.6021766e-19    -9.156439e-20    6.5484301e-19             3890                1
     0.0049102814     9.976585e-05     0.0071767769      0.003732108    0.00035305551     0.0035802845    9.1093825e-31   -1.6021766e-19    -9.156439e-20    6.5484301e-19             4067                1
     0.0020382691    6.1874009e-05      0.014603416    -0.0011921016      0.010628005     0.0027979307    9.1093825e-31   -1.6021766e-19    -9.156439e-20    6.5484301e-19             3963                1
    -0.0011318723     4.078406e-05     -0.012674657     0.0038081827    -0.0079606213    -0.0073794443    9.1093825e-31   -1.6021766e-19    -9.156439e-20    6.5484301e-19             3747                1
     0.0010399183    3.0885923e-05      0.013637194     -0.001839188     0.0077175759     0.0013955701    9.1093825e-31   -1.6021766e-19    -9.156439e-20    6.5484301e-19             4004                1
    -0.0011055787    4.0038929e-05      0.006175918    3.4959685e-06     0.0071266457     0.0018756426    9.1093825e-31   -1.6021766e-19    -9.156439e-20    6.5484301e-19             3832                1
    -0.0067118825    1.9797151e-05     0.0051621944   -0.00048193292     0.0013187882     0.0010693586    9.1093825e-31   -1.6021766e-19    -9.156439e-20    6.5484301e-19              573                0
   -0.00080615067    3.4731573e-05    -0.0083463658    -0.0029477999     -0.010132169     0.0023117901    9.1093825e-31   -1.6021766e-19    -9.156439e-20    6.5484301e-19             3904                1
     0.0013809452    3.0869527e-05       0.01154647    0.00064115273     0.0068260361    -0.0034624971    9.1093825e-31   -1.6021766e-19    -9.156439e-20    6.5484301e-19             3964                1
     0.0034115191    3.0690917e-05      0.012631233     0.0064069713     0.0069911331    -0.0034563011    9.1093825e-31   -1.6021766e-19    -9.156439e-20    6.5484301e-19             3987                1
    -0.0031408847    9.1819689e-05    -0.0018239372     0.0050192815    -0.0061709946    -0.0065345881    9.1093825e-31   -1.6021766e-19    -9.156439e-20    6.5484301e-19             4074                1
   -4.5562727e-05    9.7050106e-05     0.0038865518    0.00050246762    -0.0023711824   -0.00099432794    9.1093825e-31   -1.6021766e-19    -9.156439e-20    6.5484301e-19             4082                1
     0.0012054897      7.90673e-05      0.011318631    -0.0026127982      0.010171581    -0.0030607341    9.1093825e-31   -1.6021766e-19    -9.156439e-20    6.5484301e-19             3838                1
    0.00020204928    9.3094008e-05      0.012343959    -0.0013311399      0.012084506   -0.00085856352    9.1093825e-31   -1.6021766e-19    -9.156439e-20    6.5484301e-19             3876                1
     -0.006381765    1.8568637e-05     0.0051669478   -0.00086727552     0.0014772498    -0.0027876403    9.1093825e-31   -1.6021766e-19    -9.156439e-20    6.5484301e-19              985                0
    -0.0015186111       3.7243e-05    -0.0083024204     0.0036474047     -0.010416148     0.0022617118    9.1093825e-31   -1.6021766e-19    -9.156439e-20    6.5484301e-19             3928                1
     0.0075955428    6.8271802e-05    0.00077675103   -0.00053201162    0.00098374649     0.0012068799    9.1093825e-31   -1.6021766e-19    -9.156439e-20    6.5484301e-19              614                0
      0.002004547    4.6564023e-06     -0.012649819   -0.00088971225     -0.012844208     0.0024669231    9.1093825e-31   -1.6021766e-19    -9.156439e-20    6.5484301e-19             3877                1
     0.0011992794    4.0201354e-05      0.013537469     -0.004647132     0.0090824403     -0.003991154    9.1093825e-31   -1.6021766e-19    -9.156439e-20    6.5484301e-19             3995                1
    8.6059743e-05    3.2618569e-05     -0.013321632   -7.7764736e-05    -0.0032057392    0.00029513173    9.1093825e-31   -1.6021766e-19    -9.156439e-20    6.5484301e-19               79                0
     0.0011492405    8.4733998e-05     0.0058549982    6.2405263e-05    -0.0068760961   -0.00013305656    9.1093825e-31   -1.6021766e-19    -9.156439e-20    6.5484301e-19             4070                1
    -0.0013578951    5.2301544e-05    -0.0085783359    5.5157579e-06    -0.0077351388    -0.0027533481    9.1093825e-31   -1.6021766e-19    -9.156439e-20    6.5484301e-19             3872                1
   -0.00077957573     2.015726e-05    -0.0083963796     3.507208e-05     -0.011785731    -0.0032984063    9.1093825e-31   -1.6021766e-19    -9.156439e-20    6.5484301e-19             3905                1
    -0.0011913662    9.3534072e-06     0.0054808329    -0.0018499891   -0.00023295448   -8.3348852e-05    9.1093825e-31   -1.6021766e-19    -9.156439e-20    6.5484301e-19             3558                1
      0.001592846    7.7294506e-05     0.0025165519   -0.00033197898    -0.0080279624    -0.0019790651    9.1093825e-31   -1.6021766e-19    -9.156439e-20    6.5484301e-19             4059                1
    -0.0036468336     2.685327e-06       0.01166461      0.001394718    -0.0032621361     0.0029332382    9.1093825e-31   -1.6021766e-19    -9.156439e-20    6.5484301e-19             3495                1
     0.0019124915    6.3538333e-05      0.011367905    -0.0016693245     0.0090485075     0.0031256906    9.1093825e-31   -1.6021766e-19    -9.156439e-20    6.5484301e-19             3864                1
     0.0015020201    4.8751273e-05    -0.0088910824     0.0023629712    -0.0073342896    0.00028890086    9.1093825e-31   -1.6021766e-19    -9.156439e-20    6.5484301e-19             3807                1
     0.0035974209    2.7605214e-05     0.0092549082    -0.0018523809     0.0096716182   -0.00034272461    9.1093825e-31   -1.6021766e-19    -9.156439e-20    6.5484301e-19             4046                1
     -0.003950309      3.19389e-05      0.011558264   -0.00040139598     0.0062871412    0.00031949978    9.1093825e-31   -1.6021766e-19    -9.156439e-20    6.5484301e-19             3946                1
   -0.00081842055    7.1807539e-05    -0.0029349555   -0.00039459945    -0.0046404954     0.0012353214    9.1093825e-31   -1.6021766e-19    -9.156439e-20    6.5484301e-19             3941                1
     0.0016497324    5.8437727e-05     0.0074459547    -0.0020405285     0.0091529721    0.00038119822    9.1093825e-31   -1.6021766e-19    -9.156439e-20    6.5484301e-19             3874                1
   -6.6574743e-05     9.301633e-05      0.003869632    0.00090401014    -0.0011479369    -0.0060262801    9.1093825e-31   -1.6021766e-19    -9.156439e-20    6.5484301e-19             4028                1
     0.0010200943    9.8715282e-05    -0.0067048217    4.4041848e-05     0.0044648377   -0.00073617039    9.1093825e-31   -1.6021766e-19    -9.156439e-20    6.5484301e-19             3727                1
    -0.0039537293    3.0019432e-05      0.011639261    -0.0041389228     0.0055117067     0.0015092563    9.1093825e-31   -1.6021766e-19    -9.156439e-20    6.5484301e-19             3901                1
    -0.0018849752    8.3546271e-05      0.001835178    -0.0014091549      -0.00690819     0.0025732748    9.1093825e-31   -1.6021766e-19    -9.156439e-20    6.5484301e-19             4063                1
    -0.0012585445    9.3560448e-05     0.0066370969   -5.2385687e-05      -0.00397695   -0.00065307709    9.1093825e-31   -1.6021766e-19    -9.156439e-20    6.5484301e-19             4073                1
     0.0015727797    8.4265594e-05     -0.005232871     0.0016776845    -0.0042261365    -0.0023719084    9.1093825e-31   -1.6021766e-19    -9.156439e-20    6.5484301e-19             3982                1
    -0.0022376408    9.4832438e-05     0.0028444144    -0.0066765179    -0.0086919442   -0.00076482462    9.1093825e-31   -1.6021766e-19    -9.156439e-20    6.5484301e-19             4099                1
    -0.0019356104    8.7719018e-05     0.0064098965    0.00058483094      0.011685765     -0.002927837    9.1093825e-31   -1.6021766e-19    -9.156439e-20    6.5484301e-19             3857                1
   -0.00095355295    4.8498969e-06    -0.0083470261     0.0025702927     0.0067672846    -0.0026417065    9.1093825e-31   -1.6021766e-19    -9.156439e-20    6.5484301e-19             4094                1
     -0.001622242    2.9396386e-05      0.010693664   -0.00080241257     0.0072325971    0.00017984818    9.1093825e-31   -1.6021766e-19    -9.156439e-20    6.5484301e-19             3988                1
    -0.0010581616    8.7684428e-05     0.0059242626    -0.0018134189    -0.0085996324     0.0045176041    9.1093825e-31   -1.6021766e-19    -9.156439e-20    6.5484301e-19             4075                1
      0.001448593    7.3705618e-05    -0.0053694276    -0.0042420281    -0.0075033666    -0.0076553114    9.1093825e-31   -1.6021766e-19    -9.156439e-20    6.5484301e-19             4014                1
    -0.0036789649    5.0475635e-05     -0.014374427   -7.7923105e-05     -0.006687711    6.6920114e-07    9.1093825e-31   -1.6021766e-19    -9.156439e-20    6.5484301e-19             3746                1
   -0.00069978432    7.9093639e-05    -0.0081052771    -0.0032446019    -0.0059472886    0.00012712642    9.1093825e-31   -1.6021766e-19    -9.156439e-20    6.5484301e-19             4003                1
     0.0027016662    5.4135195e-05      0.012213628     0.0010048483     0.0091995988    0.00029101394    9.1093825e-31   -1.6021766e-19    -9.156439e-20    6.5484301e-19             3938                1
   -0.00010998351    9.9895937e-05     0.0043066093    -0.0029716899      0.010951891    1.2535822e-06    9.1093825e-31   -1.6021766e-19    -9.156439e-20    6.5484301e-19             3766                1
    -0.0006944281    5.0900402e-05    -0.0078846309    -0.0010349001    -0.0094347363    0.00017200169    9.1093825e-31   -1.6021766e-19    -9.156439e-20    6.5484301e-19             3958                1
     0.0047175908    1.1048251e-05     0.0072352095    -0.0013466764     0.0033550332    0.00051607355    9.1093825e-31   -1.6021766e-19    -9.156439e-20    6.5484301e-19             3998                1
     0.0011867058    5.9925016e-05      0.013600239      0.004231249     0.0071507548       0.00596637    9.1093825e-31   -1.6021766e-19    -9.156439e-20    6.5484301e-19             3823                1
     0.0016072653     7.356453e-05    -0.0051417854     0.0021785416    -0.0064363582     0.0013288881    9.1093825e-31   -1.6021766e-19    -9.156439e-20    6.5484301e-19             3997                1
   -0.00080112409    8.9050489e-05    -0.0029593797     0.0018738271    -0.0023869849    -0.0019701789    9.1093825e-31   -1.6021766e-19    -9.156439e-20    6.5484301e-19             3942                1
    0.00080622634    1.8906201e-05     0.0097459434    0.00014436242     0.0056697493     0.0015904254    9.1093825e-31   -1.6021766e-19    -9.156439e-20    6.5484301e-19             4006                1
    0.00080517039    7.6261655e-05     0.0010252194   -0.00033060176    -0.0078014857    0.00057400466    9.1093825e-31   -1.6021766e-19    -9.156439e-20    6.5484301e-19             4047                1
   -0.00053994957    7.7667253e-05    -0.0026104117      0.002982947    -0.0079743797   -0.00010684648    9.1093825e-31   -1.6021766e-19    -9.156439e-20    6.5484301e-19             4048                1
    -0.0033535485    3.4811368e-05    -0.0098654702   -0.00042828106     -0.012035666   -0.00019682097    9.1093825e-31   -1.6021766e-19    -9.156439e-20    6.5484301e-19             3971                1
     0.0018443784    9.7941731e-05    -0.0030643018     0.0089999363   -0.00020179416    -0.0036053001    9.1093825e-31   -1.6021766e-19    -9.156439e-20    6.5484301e-19             3800                1
   -0.00092649704    3.6817924e-06     0.0058143716    0.00052395795   -0.00053704443    -0.0022120348    9.1093825e-31   -1.6021766e-19    -9.156439e-20    6.5484301e-19             3574                1
    -0.0018136236    7.9055841e-05     0.0020030697   -0.00019535863     -0.010056123   -0.00077554572    9.1093825e-31   -1.6021766e-19    -9.156439e-20    6.5484301e-19             4071                1
   -0.00040239861    3.4093147e-05    -0.0082951123    0.00021458212    -0.0091507826    -0.0010200682    9.1093825e-31   -1.6021766e-19    -9.156439e-20    6.5484301e-19             3845                1
   -0.00036041153    2.7892422e-05    -0.0082679689     0.0041417065    -0.0097221984     0.0015198676    9.1093825e-31   -1.6021766e-19    -9.156439e-20    6.5484301e-19             3846                1
    -0.0027835243    5.9268197e-05    -0.0068265307     0.0001934405    -0.0066580544     0.0011645402    9.1093825e-31   -1.6021766e-19    -9.156439e-20    6.5484301e-19             3897                1
     0.0017161758    6.0749197e-05    -0.0030155643    -0.0033593348    -0.0064827614    -0.0019345416    9.1093825e-31   -1.6021766e-19    -9.156439e-20    6.5484301e-19             3954                1
    -0.0016558113    1.6231541e-05    -0.0084036598    -0.0033077865     -0.011887093   -0.00062338368    9.1093825e-31   -1.6021766e-19    -9.156439e-20    6.5484301e-19             3896                1
     0.0021694875     8.130569e-05   -6.9678776e-05    0.00067287416     0.0079179332      0.002546927    9.1093825e-31   -1.6021766e-19    -9.156439e-20    6.5484301e-19             3784                1
     0.0011288612    2.5111865e-05      0.013729649     0.0013644085     0.0064132866    0.00033199764    9.1093825e-31   -1.6021766e-19    -9.156439e-20    6.5484301e-19             3999                1
     0.0010908936     9.850847e-05     0.0059966901   -0.00033062047    -0.0017362192     0.0012334526    9.1093825e-31   -1.6021766e-19    -9.156439e-20    6.5484301e-19             4091                1
    -0.0025474469    9.2012859e-05    0.00077409437    -0.0035775562    -0.0051568756     0.0051088235    9.1093825e-31   -1.6021766e-19    -9.156439e-20    6.5484301e-19             4072                1
     0.0010516589    3.8679442e-05      0.013637539    0.00048599549     0.0092611955      0.001465332    9.1093825e-31   -1.6021766e-19    -9.156439e-20    6.5484301e-19             4005                1
     0.0030051447    6.9748065e-05    -0.0045375088    -0.0011070223    -0.0061192149   -0.00068365131    9.1093825e-31   -1.6021766e-19    -9.156439e-20    6.5484301e-19             3977                1
     0.0014754756     8.443751e-05    -0.0088473847    0.00018414609    -0.0043926248     0.0038710604    9.1093825e-31   -1.6021766e-19    -9.156439e-20    6.5484301e-19             3808                1
   -0.00090626552     7.932396e-05    -0.0028568616     0.0039364868    -0.0036647501     0.0043867375    9.1093825e-31   -1.6021766e-19    -9.156439e-20    6.5484301e-19             3945                1
     0.0019201451    2.5081768e-05      0.012124214    -0.0016003251     0.0081444932    0.00061262998    9.1093825e-31   -1.6021766e-19    -9.156439e-20    6.5484301e-19             4039                1
   -0.00087502884     7.706046e-05     0.0060545555     0.0023589756     0.0098248692    3.6734182e-05    9.1093825e-31   -1.6021766e-19    -9.156439e-20    6.5484301e-19             3789                1
     0.0024289826    4.8947273e-05    -0.0091868415     0.0027685491    -0.0086225169   -7.5562297e-05    9.1093825e-31   -1.6021766e-19    -9.156439e-20    6.5484301e-19             3915                1
   -0.00094406039    9.5551935e-05     0.0061574434     0.0011345221     -0.003178996    -0.0015431031    9.1093825e-31   -1.6021766e-19    -9.156439e-20    6.5484301e-19             4081                1
     0.0033714019    1.9292518e-05      0.012682564     0.0017494641     0.0076222294     0.0014966715    9.1093825e-31   -1.6021766e-19    -9.156439e-20    6.5484301e-19             4051                1
     0.0023828414    5.5773358e-05    -0.0076198936     0.0013210195    -0.0061760042    -0.0030176402    9.1093825e-31   -1.6021766e-19    -9.156439e-20    6.5484301e-19             3810                1
     0.0014414145    8.6103799e-05      0.011344448    -0.0021592984      0.010000246    -0.0026088974    9.1093825e-31   -1.6021766e-19    -9.156439e-20    6.5484301e-19             3811                1
   -5.0025279e-05    9.7364267e-05     0.0035236063   -6.4647582e-05   -5.7343612e-05    4.6372268e-05    9.1093825e-31   -1.6021766e-19    -9.156439e-20    6.5484301e-19             4024                1
   -0.00096473144    8.3186125e-05    -0.0059809145    -0.0080629401    -0.0034866889    -0.0035348313    9.1093825e-31   -1.6021766e-19    -9.156439e-20    6.5484301e-19             3826                1
     0.0015659562    5.4118831e-05     -0.013042649   -2.7521648e-05    -0.0076053916    -0.0030773913    9.1093825e-31   -1.6021766e-19    -9.156439e-20    6.5484301e-19             3827                1
      0.001838577     1.478287e-05      0.012193898     0.0018073133     0.0038185823    0.00051256339    9.1093825e-31   -1.6021766e-19    -9.156439e-20    6.5484301e-19             3828                1
     0.0014709844    4.6206455e-06     -0.013032834     0.0019629712     -0.012272531    0.00092333875    9.1093825e-31   -1.6021766e-19    -9.156439e-20    6.5484301e-19             3839                1
     0.0034877625    2.1281467e-05      0.012786855     0.0013512549     0.0040247501     0.0029736527    9.1093825e-31   -1.6021766e-19    -9.156439e-20    6.5484301e-19             3847                1
     0.0011916213    1.8175614e-06    -0.0068675978      0.003711327      -0.01225407   -0.00087934022    9.1093825e-31   -1.6021766e-19    -9.156439e-20    6.5484301e-19             3865                1
     0.0023757725    3.5766425e-05    -0.0075369626    0.00057290593    -0.0089302026     0.0036472469    9.1093825e-31   -1.6021766e-19    -9.156439e-20    6.5484301e-19             3866                1
    0.00041460799    8.0985439e-05    -0.0037443135     0.0020017086    -0.0029343604    0.00098212424    9.1093825e-31   -1.6021766e-19    -9.156439e-20    6.5484301e-19             3867                1
    0.00047502821    8.3642495e-05    -0.0037775154     0.0080446387    -0.0026819026    -0.0023386502    9.1093825e-31   -1.6021766e-19    -9.156439e-20    6.5484301e-19             3868                1
    -0.0035170754    5.5877543e-05    -0.0099712219    -0.0015758799    -0.0071752919    -0.0015995669    9.1093825e-31   -1.6021766e-19    -9.156439e-20    6.5484301e-19             3869                1
    -0.0010402969    4.7800419e-05     -0.005883181   -0.00060122763     -0.007741923   -0.00048025569    9.1093825e-31   -1.6021766e-19    -9.156439e-20    6.5484301e-19             3891                1
    -0.0010434801    7.0076261e-05    -0.0058751199   -0.00094767386    -0.0053195739    0.00039180985    9.1093825e-31   -1.6021766e-19    -9.156439e-20    6.5484301e-19             3892                1
     0.0018279054     5.628767e-05       0.01210793     0.0023935789     0.0086113289      0.001154223    9.1093825e-31   -1.6021766e-19    -9.156439e-20    6.5484301e-19             3893                1
     0.0003223934     4.693598e-05    -0.0087875081     0.0077451519    -0.0088232728   -0.00015736824    9.1093825e-31   -1.6021766e-19    -9.156439e-20    6.5484301e-19             3898                1
   -0.00065958081    2.0790329e-05    -0.0079290736    0.00041747995     -0.011511349     0.0053431713    9.1093825e-31   -1.6021766e-19    -9.156439e-20    6.5484301e-19             3899                1
     0.0016641547    4.7295725e-05      0.012151267    -0.0024510045     0.0078905486     0.0018736138    9.1093825e-31   -1.6021766e-19    -9.156439e-20    6.5484301e-19             3909                1
     0.0020565588    3.7095528e-05       0.01062591   -6.5049549e-05      0.007744459    0.00021350945    9.1093825e-31   -1.6021766e-19    -9.156439e-20    6.5484301e-19             3959                1
   -0.00051105855    7.6817298e-05    -0.0082908189   -6.7001631e-05    -0.0061299638    -0.0002253781    9.1093825e-31   -1.6021766e-19    -9.156439e-20    6.5484301e-19             3984                1
    0.00075907557    8.5580017e-05     0.0010946107    -0.0021315289    -0.0052736965    -0.0006907467    9.1093825e-31   -1.6021766e-19    -9.156439e-20    6.5484301e-19             4052                1
    -0.0014218694    7.9832309e-05      0.011148383   -1.4739475e-06    -0.0062421462   -9.1669099e-06    9.1093825e-31   -1.6021766e-19    -9.156439e-20    6.5484301e-19             4053                1
     0.0011414287    9.2805531e-05     0.0077062813     0.0031398837    -0.0052309008   -3.0475192e-05    9.1093825e-31   -1.6021766e-19    -9.156439e-20    6.5484301e-19             4076                1
     0.0015753168    8.9667461e-05     0.0025515975    -0.0036111569    -0.0080046561     0.0019829299    9.1093825e-31   -1.6021766e-19    -9.156439e-20    6.5484301e-19             4077                1
   -0.00015653863    9.5258896e-05     0.0032568914     0.0038341025    -0.0059509603     0.0016652978    9.1093825e-31   -1.6021766e-19    -9.156439e-20    6.5484301e-19             4087                1
     0.0013982363     9.699558e-05       0.01149119   -0.00039664496    -0.0048665097     -0.001747219    9.1093825e-31   -1.6021766e-19    -9.156439e-20    6.5484301e-19             4095                1
     0.0014017209    9.7729651e-05      0.011490507     0.0054699834    -0.0036306172    -0.0028960567    9.1093825e-31   -1.6021766e-19    -9.156439e-20    6.5484301e-19             4096                1
     0.0014545014    2.8652144e-06     -0.012996617    0.00016576773     0.0047097248      0.001412077    9.1093825e-31   -1.6021766e-19    -9.156439e-20    6.5484301e-19             4097                1
     -0.001924391    9.9711622e-05     0.0064686309    -0.0011915101    -0.0014353548    0.00087905314    9.1093825e-31   -1.6021766e-19    -9.156439e-20    6.5484301e-19             4106                1
    -0.0019241732    9.8375225e-05     0.0064682718   -9.1582551e-05    -0.0081850551   -0.00093415147    9.1093825e-31   -1.6021766e-19    -9.156439e-20    6.5484301e-19             4107                1
    -0.0035059331    8.0566542e-07    -0.0099528385     -0.004941198     0.0081384433    -0.0031351529    9.1093825e-31   -1.6021766e-19    -9.156439e-20    6.5484301e-19             4109                1
