%  ASCII export : 
%
%  Momentum is normalized to the product of particle's mass and speed of light.
%  All other quantities are in SI units.
%
%            posX             posY             posZ             momX             momY             momZ             mass           charge     macro-charge             time       particleID         sourceID

    -0.0012729302      3.52934e-05     -0.012500934     0.0048111877    -0.0078802491     0.0028641061    9.1093825e-31   -1.6021766e-19    -9.156439e-20     3.863673e-19             2186                1
     0.0016444845    1.2629664e-06     -0.012986115   -0.00046552878     0.0031525951     0.0017300269    9.1093825e-31   -1.6021766e-19    -9.156439e-20     3.863673e-19             2441                1
     0.0010796452    4.2286311e-07      -0.00929459    -0.0005281819    -0.0001753207    -0.0033577641    9.1093825e-31   -1.6021766e-19    -9.156439e-20     3.863673e-19             2425                1
    -0.0026041027    3.4846857e-05    6.7681591e-05   -0.00029510792      0.001911448   -0.00056256214    9.1093825e-31   -1.6021766e-19    -9.156439e-20     3.863673e-19              348                0
    -0.0092192451    1.7344866e-05    -0.0044414122     0.0020730072   -0.00068767107     0.0008598807    9.1093825e-31   -1.6021766e-19    -9.156439e-20     3.863673e-19             1002                1
     -0.001407761    4.1585809e-05    -0.0084993588     0.0057915878    -0.0084358994     0.0041940138    9.1093825e-31   -1.6021766e-19    -9.156439e-20     3.863673e-19             2273                1
    -0.0063321586    1.3959643e-05     0.0040037539     5.216385e-05     0.0014173712    2.9872037e-05    9.1093825e-31   -1.6021766e-19    -9.156439e-20     3.863673e-19              997                0
   -0.00065647298    5.4893877e-05     -0.012180226    0.00042852008    -0.0033418352    -0.0011813277    9.1093825e-31   -1.6021766e-19    -9.156439e-20     3.863673e-19               55                0
     0.0063492134    2.1721901e-06      0.014308668   -0.00054781727   -0.00016296604    0.00091612752    9.1093825e-31   -1.6021766e-19    -9.156439e-20     3.863673e-19              171                0
     0.0018534935    5.4517492e-05      0.010488458     0.0011967679     0.0075329631    -0.0041571106    9.1093825e-31   -1.6021766e-19    -9.156439e-20     3.863673e-19             2238                1
     0.0044279229    3.3246961e-05     0.0052648964   -0.00056201476     0.0024297526   -0.00038301959    9.1093825e-31   -1.6021766e-19    -9.156439e-20     3.863673e-19              154                0
     0.0065745725     7.292888e-05        -0.013345     0.0014259807    -0.0014846431     0.0013952859    9.1093825e-31   -1.6021766e-19    -9.156439e-20     3.863673e-19              488                0
    -0.0024619896    4.6566602e-05     -0.014820746    -0.0012187988    -0.0033594612    0.00063612714    9.1093825e-31   -1.6021766e-19    -9.156439e-20     3.863673e-19               27                0
     0.0032760075    5.9494745e-05       0.01268151     0.0020205188     0.0096121524    -0.0022661653    9.1093825e-31   -1.6021766e-19    -9.156439e-20     3.863673e-19             2322                1
    -0.0008289775    8.6119122e-05     -0.002820902    -0.0079572853    -0.0038375624   -0.00073081884    9.1093825e-31   -1.6021766e-19    -9.156439e-20     3.863673e-19             2363                1
     0.0012995822    6.6636792e-05      0.011351435    -0.0027591283     0.0089473678    0.00052320963    9.1093825e-31   -1.6021766e-19    -9.156439e-20     3.863673e-19             2267                1
     0.0080820639     9.274223e-06      0.014943848   -0.00069151766   -0.00048074697     0.0010853742    9.1093825e-31   -1.6021766e-19    -9.156439e-20     3.863673e-19              986                0
     0.0079650246    4.4129038e-06     0.0085939178    -0.0021697565    0.00030571295   -0.00020151124    9.1093825e-31   -1.6021766e-19    -9.156439e-20     3.863673e-19              961                0
     0.0087576965    1.3953271e-05    0.00017458259     0.0020861009    4.5462453e-05    0.00017314038    9.1093825e-31   -1.6021766e-19    -9.156439e-20     3.863673e-19              386                0
     0.0016581366    8.8628731e-05     0.0073128575     0.0018793396      0.012799672    7.2243092e-06    9.1093825e-31   -1.6021766e-19    -9.156439e-20     3.863673e-19             2316                1
    -0.0052743359    1.7150351e-05      0.013718185    0.00019180473      0.007803414   -7.8668578e-05    9.1093825e-31   -1.6021766e-19    -9.156439e-20     3.863673e-19             2414                1
    -0.0012253604     6.910658e-05      0.006605952    -0.0045725913      0.010423388     0.0010711941    9.1093825e-31   -1.6021766e-19    -9.156439e-20     3.863673e-19             2317                1
    -0.0052096955    5.5848992e-05     0.0089452146      0.001471871     0.0015231092   -0.00043857316    9.1093825e-31   -1.6021766e-19    -9.156439e-20     3.863673e-19              355                0
     0.0076585012    3.4939207e-05     -0.011884259   -0.00082538725    -0.0012266244    0.00070959283    9.1093825e-31   -1.6021766e-19    -9.156439e-20     3.863673e-19              451                0
    -0.0011249613    8.8833505e-05      0.005881418    -0.0013972768    -0.0023093135    0.00093653641    9.1093825e-31   -1.6021766e-19    -9.156439e-20     3.863673e-19             2389                1
    -0.0064222352    4.0662373e-05    -0.0020150389   -0.00012667137    0.00072299206    0.00093327247    9.1093825e-31   -1.6021766e-19    -9.156439e-20     3.863673e-19               32                0
    0.00068495091    9.5407209e-05     0.0097361356   -1.6664348e-05       0.01363857     0.0001848603    9.1093825e-31   -1.6021766e-19    -9.156439e-20     3.863673e-19             2313                1
     0.0082375426    3.1034037e-05    0.00062842009    -0.0016560139    0.00046408988   -0.00062179082    9.1093825e-31   -1.6021766e-19    -9.156439e-20     3.863673e-19              455                0
    -0.0021159137    9.4722527e-05     0.0062731905   -0.00012698524      0.011113688    -0.0013367977    9.1093825e-31   -1.6021766e-19    -9.156439e-20     3.863673e-19             2269                1
      0.003108579     3.737181e-05    -0.0043713357      0.001649831     -0.010268735    -0.0026474823    9.1093825e-31   -1.6021766e-19    -9.156439e-20     3.863673e-19             2335                1
    -0.0035103548       1.4208e-05     0.0025209629   -0.00074480358    -0.0010035783     0.0011945223    9.1093825e-31   -1.6021766e-19    -9.156439e-20     3.863673e-19             2153                1
    -0.0010581549    9.6512951e-05     0.0059434338   -0.00035235466   -0.00070440734     0.0018156132    9.1093825e-31   -1.6021766e-19    -9.156439e-20     3.863673e-19             2407                1
    -0.0018106718    8.6180393e-05      0.001925532    -0.0029927115    -0.0038827888    -0.0089155464    9.1093825e-31   -1.6021766e-19    -9.156439e-20     3.863673e-19             2391                1
     0.0018947491    8.3500861e-05      0.010714767    -0.0028537086     0.0044803559    -0.0015516201    9.1093825e-31   -1.6021766e-19    -9.156439e-20     3.863673e-19             1991                1
    -0.0023915353    7.7212877e-05    -0.0021844793   -0.00046983344    -0.0041463599    -0.0015349312    9.1093825e-31   -1.6021766e-19    -9.156439e-20     3.863673e-19             2328                1
    -0.0054573636    9.6147833e-06     0.0063891304     0.0014566971     0.0019326496     0.0014973866    9.1093825e-31   -1.6021766e-19    -9.156439e-20     3.863673e-19              902                0
    -0.0028640076    5.6396031e-05    -0.0057315798     0.0011147716    -0.0092025101   -0.00068668148    9.1093825e-31   -1.6021766e-19    -9.156439e-20     3.863673e-19             2365                1
    -0.0051008048    2.9248404e-06     -0.010844708     0.0014172926     0.0025104336   -7.8323217e-05    9.1093825e-31   -1.6021766e-19    -9.156439e-20     3.863673e-19             2433                1
     0.0012597975    9.0774556e-05      0.011397529     4.206664e-05     0.0099796113   -2.5384363e-05    9.1093825e-31   -1.6021766e-19    -9.156439e-20     3.863673e-19             2241                1
    -0.0065929112    2.5741989e-05     0.0039037138     0.0030805739     0.0014828943    -0.0015916304    9.1093825e-31   -1.6021766e-19    -9.156439e-20     3.863673e-19              695                0
     0.0070387647    9.3389055e-05     0.0080628935    0.00094336644     0.0032584812    -0.0005518145    9.1093825e-31   -1.6021766e-19    -9.156439e-20     3.863673e-19             1763                1
     0.0030683021    7.7819263e-05    -0.0043811793    -0.0037715181    -0.0048263893    -0.0039800876    9.1093825e-31   -1.6021766e-19    -9.156439e-20     3.863673e-19             2334                1
     0.0066049262    6.5772852e-05     -0.007581654     0.0022497266   -0.00018012068     0.0016482957    9.1093825e-31   -1.6021766e-19    -9.156439e-20     3.863673e-19                4                0
     -0.003151529    1.8413837e-05     0.0024056928      -0.00106738     0.0027413708     0.0022467978    9.1093825e-31   -1.6021766e-19    -9.156439e-20     3.863673e-19              512                0
    -0.0044477088    8.9994035e-05      0.012071936    8.6053435e-05     0.0020160077   -0.00014627856    9.1093825e-31   -1.6021766e-19    -9.156439e-20     3.863673e-19             1316                1
    -0.0061338502    1.6715312e-05     -0.012055228   -3.4321051e-06    -0.0019705764    -0.0013660931    9.1093825e-31   -1.6021766e-19    -9.156439e-20     3.863673e-19              385                0
   -2.5449654e-05    6.0891365e-05     0.0036714883     0.0040566418    -0.0043070014     0.0021728128    9.1093825e-31   -1.6021766e-19    -9.156439e-20     3.863673e-19             2340                1
    -0.0018066743    8.9699184e-05     0.0019334171    -0.0019302784    -0.0029456548    -0.0068194289    9.1093825e-31   -1.6021766e-19    -9.156439e-20     3.863673e-19             2390                1
    0.00011673525    2.8411408e-05    -0.0059232716    -0.0039717332    -0.0095188608    -0.0044524469    9.1093825e-31   -1.6021766e-19    -9.156439e-20     3.863673e-19             2286                1
    -0.0051499591      8.58106e-05     0.0061415564    -0.0010871376     0.0025739649     0.0012505912    9.1093825e-31   -1.6021766e-19    -9.156439e-20     3.863673e-19              895                0
     0.0012378423     2.296061e-05      0.011399434    0.00062350807     0.0055074631    0.00099540572    9.1093825e-31   -1.6021766e-19    -9.156439e-20     3.863673e-19             2292                1
      0.006106378    2.7916587e-05     0.0048406553    -0.0011009778     0.0018811434    0.00066455157    9.1093825e-31   -1.6021766e-19    -9.156439e-20     3.863673e-19              751                0
     0.0014241552    1.1544111e-05     -0.012948308    -0.0075811497    -0.0093332306     -0.002912479    9.1093825e-31   -1.6021766e-19    -9.156439e-20     3.863673e-19             2190                1
    -0.0042871558    7.2255119e-05    -0.0072967913     0.0020747869    -0.0044909455     0.0011114369    9.1093825e-31   -1.6021766e-19    -9.156439e-20     3.863673e-19             2244                1
    -0.0004473275    2.2060764e-05    -0.0027034872     0.0007494493     -0.010596975    -0.0018103322    9.1093825e-31   -1.6021766e-19    -9.156439e-20     3.863673e-19             2319                1
    -0.0073965113    7.2300114e-05     -0.007102286    -0.0011673931   -0.00051010103    -0.0026722141    9.1093825e-31   -1.6021766e-19    -9.156439e-20     3.863673e-19              532                0
     0.0055508432    3.6302899e-05      0.011521925     0.0017132792    -0.0015029948    -0.0013508985    9.1093825e-31   -1.6021766e-19    -9.156439e-20     3.863673e-19             2103                1
     0.0055024214    3.7433394e-05      0.010674581   -0.00014695807     0.0054057613   -8.4513551e-05    9.1093825e-31   -1.6021766e-19    -9.156439e-20     3.863673e-19             2272                1
    -0.0013819129    1.8794766e-05     -0.008009172    -0.0025804862     -0.010401853    -0.0028618346    9.1093825e-31   -1.6021766e-19    -9.156439e-20     3.863673e-19             2277                1
     0.0026139035    4.1642525e-05      0.012249913     0.0052097198    -0.0009182567     0.0019923921    9.1093825e-31   -1.6021766e-19    -9.156439e-20     3.863673e-19             2210                1
   -0.00087160571    8.8368957e-05    -0.0056989989     0.0032069685     -0.003427115     0.0052110124    9.1093825e-31   -1.6021766e-19    -9.156439e-20     3.863673e-19             2253                1
    -0.0025309112    6.0764814e-05    0.00065224484    -0.0005973691    -0.0059393425    -0.0011711644    9.1093825e-31   -1.6021766e-19    -9.156439e-20     3.863673e-19             2344                1
     0.0010004601    5.4536926e-05    -0.0095362142    -0.0052656527    -0.0097659463    9.4465518e-05    9.1093825e-31   -1.6021766e-19    -9.156439e-20     3.863673e-19             2364                1
      0.001427416    4.9949654e-07    -0.0088189458    -0.0028174222    0.00012498576     0.0033264679    9.1093825e-31   -1.6021766e-19    -9.156439e-20     3.863673e-19             2432                1
     0.0011572622    3.9564471e-05    -0.0095745996     0.0011765318    -0.0093313856    -0.0020076761    9.1093825e-31   -1.6021766e-19    -9.156439e-20     3.863673e-19             2294                1
    0.00042578334    5.3853782e-06    -0.0088503826    -0.0076591191    0.00031167868     -0.001363073    9.1093825e-31   -1.6021766e-19    -9.156439e-20     3.863673e-19             2395                1
     0.0061965217    9.3646187e-05     -0.014235742     0.0010444128    -0.0010841114   -0.00096863921    9.1093825e-31   -1.6021766e-19    -9.156439e-20     3.863673e-19              365                0
    -0.0010919172    9.4020805e-05     0.0060947468    -0.0067332918   -0.00050376012     0.0021132093    9.1093825e-31   -1.6021766e-19    -9.156439e-20     3.863673e-19             2385                1
    -0.0082013998    3.2660697e-05    -0.0084904544     8.309634e-05    -0.0021859263    -0.0021878933    9.1093825e-31   -1.6021766e-19    -9.156439e-20     3.863673e-19             1848                1
    -0.0082856249    5.3138891e-05      0.014648853     6.790302e-05    0.00027172407     0.0012157378    9.1093825e-31   -1.6021766e-19    -9.156439e-20     3.863673e-19              719                0
    -0.0090697026    4.5157125e-05     0.0024031824   -0.00066108967   -4.9760591e-05     0.0014006142    9.1093825e-31   -1.6021766e-19    -9.156439e-20     3.863673e-19              874                0
     0.0011739505    5.6330828e-05    -0.0092235794   -0.00025482563    -0.0092348345    0.00017937056    9.1093825e-31   -1.6021766e-19    -9.156439e-20     3.863673e-19             2361                1
    -0.0010407276    8.0721991e-05     0.0059378617     0.0055162539    -0.0060206065    -6.207062e-05    9.1093825e-31   -1.6021766e-19    -9.156439e-20     3.863673e-19             2406                1
    -0.0042418642    6.1634018e-05     0.0060189888     0.0015823145     0.0025855266   -0.00078209565    9.1093825e-31   -1.6021766e-19    -9.156439e-20     3.863673e-19              628                0
     0.0065939338    1.9372055e-05     0.0056846486    0.00045416525    0.00094863115   -0.00062819314    9.1093825e-31   -1.6021766e-19    -9.156439e-20     3.863673e-19              420                0
    6.8021167e-05    9.8260025e-05     -0.001120216    -0.0033022352    -0.0059211939    0.00048791128    9.1093825e-31   -1.6021766e-19    -9.156439e-20     3.863673e-19             2444                1
   -0.00016461997    8.8991568e-05     0.0034564231     0.0053221034    -0.0036691101    0.00042245499    9.1093825e-31   -1.6021766e-19    -9.156439e-20     3.863673e-19             2408                1
     0.0017841351     7.249412e-05      0.012156543    -0.0014109318      0.010389623   -0.00036630884    9.1093825e-31   -1.6021766e-19    -9.156439e-20     3.863673e-19             2300                1
     0.0072830683    7.6513155e-05     0.0059632151   -0.00062107161     0.0012004136     0.0019555243    9.1093825e-31   -1.6021766e-19    -9.156439e-20     3.863673e-19              828                0
    -0.0066553075    9.9998353e-05    -0.0032008432      0.001117351     0.0011336948    0.00097669358    9.1093825e-31   -1.6021766e-19    -9.156439e-20     3.863673e-19              984                0
    -0.0035569207    2.1725666e-05    -0.0013208203     0.0041105263     -0.001116743     0.0059561906    9.1093825e-31   -1.6021766e-19    -9.156439e-20     3.863673e-19             1938                1
   -0.00097908115    8.4704792e-05    -0.0058231628     0.0001029655    -0.0073302998    -0.0013770038    9.1093825e-31   -1.6021766e-19    -9.156439e-20     3.863673e-19             2416                1
     0.0053070872    3.1092917e-05     0.0064280117     0.0011061482     0.0017939351   -0.00040128597    9.1093825e-31   -1.6021766e-19    -9.156439e-20     3.863673e-19              580                0
    -0.0030097971    5.2303758e-06     -0.010324012    -0.0010295858     0.0037584603   -0.00016553399    9.1093825e-31   -1.6021766e-19    -9.156439e-20     3.863673e-19             2429                1
     0.0083610043    5.3234959e-05     -0.012659935    -0.0022279089   -0.00021978747     0.0022222472    9.1093825e-31   -1.6021766e-19    -9.156439e-20     3.863673e-19              586                0
    -0.0016490262    4.2138559e-05     -0.011174663    0.00094023731    -0.0077461805   -7.5947202e-05    9.1093825e-31   -1.6021766e-19    -9.156439e-20     3.863673e-19             2214                1
    -0.0050430601    6.7574809e-05    -0.0052033504     0.0010346837    0.00012496603   -0.00094720093    9.1093825e-31   -1.6021766e-19    -9.156439e-20     3.863673e-19              660                0
    0.00082354748     9.018233e-05     0.0097421389    0.00011708123    -0.0033773836   -0.00041336601    9.1093825e-31   -1.6021766e-19    -9.156439e-20     3.863673e-19             2415                1
    -0.0077648922    2.9684963e-05      0.011002335    0.00061881257    0.00040250033     0.0015231842    9.1093825e-31   -1.6021766e-19    -9.156439e-20     3.863673e-19              652                0
     0.0025324703    6.2322792e-06    0.00040869965    -0.0030507708   -0.00099950423    -0.0018551649    9.1093825e-31   -1.6021766e-19    -9.156439e-20     3.863673e-19             2051                1
     0.0025090347    6.4548592e-05     -0.007769939    -0.0023736581    -0.0075259926     0.0030575951    9.1093825e-31   -1.6021766e-19    -9.156439e-20     3.863673e-19             2346                1
    -0.0090879789    2.2509544e-06     0.0015251791     -0.002210194    1.1335998e-05    0.00013319183    9.1093825e-31   -1.6021766e-19    -9.156439e-20     3.863673e-19              760                0
    -0.0022252409    9.4329342e-05     0.0029582866   -0.00091643847     0.0092800772    0.00096541637    9.1093825e-31   -1.6021766e-19    -9.156439e-20     3.863673e-19             2231                1
    -0.0030059961    2.6085274e-05    0.00010327608     -0.002954192      0.002147676     -0.002952572    9.1093825e-31   -1.6021766e-19    -9.156439e-20     3.863673e-19              303                0
    -0.0036673686    7.3426563e-05     -0.014346933   -0.00048687466   -0.00013068291   -0.00059565308    9.1093825e-31   -1.6021766e-19    -9.156439e-20     3.863673e-19             2112                1
    0.00036902149    1.1963863e-05    -0.0087557184    -0.0037332829     -0.013262739    -0.0017569095    9.1093825e-31   -1.6021766e-19    -9.156439e-20     3.863673e-19             2318                1
     0.0029514255    5.0559982e-05    -0.0056397091    -0.0017196281   -0.00054151501    1.1556131e-05    9.1093825e-31   -1.6021766e-19    -9.156439e-20     3.863673e-19              860                0
   -4.8362977e-05    9.9505029e-05     0.0038123645    -0.0032115963   -0.00085146923   -0.00076977507    9.1093825e-31   -1.6021766e-19    -9.156439e-20     3.863673e-19             2438                1
    -0.0032643848    3.8812268e-05     -0.012528528   -0.00086712802     -0.002931491    -0.0015389116    9.1093825e-31   -1.6021766e-19    -9.156439e-20     3.863673e-19              900                0
    -0.0065073306    3.2016022e-05    -0.0087980591    0.00091753085   -0.00089432119    -0.0013280254    9.1093825e-31   -1.6021766e-19    -9.156439e-20     3.863673e-19              132                0
     0.0089744776    5.5082885e-05      0.013141722     0.0016533278     0.0017400109    -0.0014213745    9.1093825e-31   -1.6021766e-19    -9.156439e-20     3.863673e-19             1962                1
      -0.00727303    7.1964088e-05    -0.0026676438    0.00061806897     0.0011161544    0.00067844975    9.1093825e-31   -1.6021766e-19    -9.156439e-20     3.863673e-19             1012                1
    -0.0037613336     3.057213e-05    0.00048226537    -0.0013384811     0.0018227254      0.002602359    9.1093825e-31   -1.6021766e-19    -9.156439e-20     3.863673e-19              893                0
     0.0076354709    4.5491997e-05     -0.013022265     0.0023789383   -0.00091417384    -0.0017000918    9.1093825e-31   -1.6021766e-19    -9.156439e-20     3.863673e-19              311                0
    -0.0069977255    2.3291355e-05    -0.0077622412    -0.0012918303   -0.00092299364    0.00055298326    9.1093825e-31   -1.6021766e-19    -9.156439e-20     3.863673e-19              791                0
    -0.0004990673     3.618815e-05     0.0094701266   -0.00011478872     0.0082370983   -4.9254137e-05    9.1093825e-31   -1.6021766e-19    -9.156439e-20     3.863673e-19             2366                1
     0.0018590412     7.403754e-05      0.010598508    0.00029025596    -0.0080791339    -0.0044295457    9.1093825e-31   -1.6021766e-19    -9.156439e-20     3.863673e-19             2410                1
     0.0016860062    7.8144258e-05      0.012036592    -0.0027688574    -0.0050454983    -0.0010360433    9.1093825e-31   -1.6021766e-19    -9.156439e-20     3.863673e-19             2397                1
     0.0020546976    5.8628215e-05      0.014646029    0.00042857928     0.0074088364    0.00014995238    9.1093825e-31   -1.6021766e-19    -9.156439e-20     3.863673e-19             2278                1
    -0.0062048049    1.6121452e-05     0.0028772063    2.5007019e-05     0.0016164422   -0.00011832886    9.1093825e-31   -1.6021766e-19    -9.156439e-20     3.863673e-19              677                0
     0.0011726075    2.6674685e-05      0.013604695   -0.00023186438     0.0053573726    -0.0009678416    9.1093825e-31   -1.6021766e-19    -9.156439e-20     3.863673e-19             2295                1
    -0.0084619168    7.8957892e-05    -0.0047951406    0.00032636651    0.00045134607   -0.00011253233    9.1093825e-31   -1.6021766e-19    -9.156439e-20     3.863673e-19              210                0
     0.0021648617    3.4452522e-05     -0.014757077    -0.0050786869     0.0051224218    0.00027393253    9.1093825e-31   -1.6021766e-19    -9.156439e-20     3.863673e-19             2367                1
     0.0079089655     5.328979e-05     0.0084641883   -0.00031234531    0.00074921339     0.0012622618    9.1093825e-31   -1.6021766e-19    -9.156439e-20     3.863673e-19              254                0
      0.005876814    6.1124774e-05     0.0044401577   -0.00062406459     0.0018099444   -0.00088035187    9.1093825e-31   -1.6021766e-19    -9.156439e-20     3.863673e-19              270                0
    -0.0033019283    7.3200121e-05      0.006235993     0.0015605651    -0.0052054632     -0.001753501    9.1093825e-31   -1.6021766e-19    -9.156439e-20     3.863673e-19             2383                1
   -0.00099595683     7.466683e-05     0.0059424639    -0.0016029618     0.0093612969     0.0057027484    9.1093825e-31   -1.6021766e-19    -9.156439e-20     3.863673e-19             2257                1
     0.0016343186     9.723354e-05     0.0025563026    -0.0058225528   -0.00083192944    -0.0052066436    9.1093825e-31   -1.6021766e-19    -9.156439e-20     3.863673e-19             2393                1
     0.0016550182    8.0474078e-05      0.011477875    0.00074676587      0.011609747   -0.00023560907    9.1093825e-31   -1.6021766e-19    -9.156439e-20     3.863673e-19             2309                1
    -0.0075763883    6.9578811e-05     -0.012182194    -0.0011557641   -0.00044440516    -0.0012044489    9.1093825e-31   -1.6021766e-19    -9.156439e-20     3.863673e-19              673                0
    -0.0020855542    7.1038761e-05     0.0063082417     0.0023670623     0.0091746105     0.0015373281    9.1093825e-31   -1.6021766e-19    -9.156439e-20     3.863673e-19             2270                1
     0.0085325493    1.0353839e-05      0.010214839    0.00026751278    0.00018307395   -9.2361828e-05    9.1093825e-31   -1.6021766e-19    -9.156439e-20     3.863673e-19              410                0
     0.0043933871    9.5504722e-05    -0.0019391673     0.0012967925    -0.0019032408    -0.0031956641    9.1093825e-31   -1.6021766e-19    -9.156439e-20     3.863673e-19             2387                1
    -0.0011019569    8.3181563e-05     0.0060860063    -0.0024868888     0.0092278905    0.00033541728    9.1093825e-31   -1.6021766e-19    -9.156439e-20     3.863673e-19             2197                1
     0.0033598768    7.1135614e-06    -0.0075022206      0.001830116     0.0024056581    -0.0038269837    9.1093825e-31   -1.6021766e-19    -9.156439e-20     3.863673e-19             2419                1
   -0.00062119757    7.8258789e-05    -0.0025537473    -0.0043183686    -0.0049454593   -0.00048139831    9.1093825e-31   -1.6021766e-19    -9.156439e-20     3.863673e-19             2359                1
    -0.0011724187    5.0637718e-05    -0.0041682078     -0.001345975    -0.0071274522    5.9741498e-05    9.1093825e-31   -1.6021766e-19    -9.156439e-20     3.863673e-19             2299                1
    -0.0094184326    9.5342461e-05    -0.0066436604    0.00039807474   -5.3882231e-05    0.00041476343    9.1093825e-31   -1.6021766e-19    -9.156439e-20     3.863673e-19              192                0
     0.0018450995    9.0885718e-05      0.010546098    0.00059448625      0.010125638   -2.1185406e-05    9.1093825e-31   -1.6021766e-19    -9.156439e-20     3.863673e-19             2237                1
     0.0014453612    1.8442817e-05     -0.008828612     0.0064538582     -0.010876892     0.0034094781    9.1093825e-31   -1.6021766e-19    -9.156439e-20     3.863673e-19             2280                1
   -0.00060940319    2.4763845e-05    -0.0077245128    0.00093671936     -0.010332218   -0.00064953655    9.1093825e-31   -1.6021766e-19    -9.156439e-20     3.863673e-19             2285                1
     0.0035174361    3.1606454e-05     0.0033660145     0.0011849253     0.0026610133     0.0021988193    9.1093825e-31   -1.6021766e-19    -9.156439e-20     3.863673e-19              991                0
    -0.0019752872    2.2596636e-05     0.0045198272    -0.0013221903     0.0026840677    -0.0013492701    9.1093825e-31   -1.6021766e-19    -9.156439e-20     3.863673e-19              630                0
    -0.0091723641    2.4339599e-05    -0.0019303756     0.0011769022    5.6102304e-05   -0.00095280679    9.1093825e-31   -1.6021766e-19    -9.156439e-20     3.863673e-19              212                0
     0.0084367944    1.7794164e-05     0.0015639714    0.00022526673    0.00037922824   -0.00083004893    9.1093825e-31   -1.6021766e-19    -9.156439e-20     3.863673e-19              525                0
      0.009258505    1.1770058e-05    -0.0091911936     0.0011385232   -0.00026443321    -0.0014043943    9.1093825e-31   -1.6021766e-19    -9.156439e-20     3.863673e-19              690                0
    -0.0035168035    1.0903177e-05    -0.0099970791    -0.0005404675     0.0081671104   -0.00031934003    9.1093825e-31   -1.6021766e-19    -9.156439e-20     3.863673e-19             2428                1
   -0.00070982199    4.5023688e-05    -0.0082683647    -0.0016794445    -0.0086444179    -0.0004573456    9.1093825e-31   -1.6021766e-19    -9.156439e-20     3.863673e-19             2291                1
    -0.0087090191    5.4936878e-05    -0.0012069525    0.00091062719   -6.3639425e-05    0.00099258067    9.1093825e-31   -1.6021766e-19    -9.156439e-20     3.863673e-19              750                0
   -0.00087695406    7.9630248e-05    -0.0028369385     0.0015184189    -0.0043797032      0.001013961    9.1093825e-31   -1.6021766e-19    -9.156439e-20     3.863673e-19             2338                1
    -0.0014530641     2.671418e-05    -0.0084675252     0.0019783443    -0.0096751936     0.0068767685    9.1093825e-31   -1.6021766e-19    -9.156439e-20     3.863673e-19             2274                1
     0.0013468715    8.0495542e-05    -0.0033772767     0.0029205116    -0.0070266351     0.0038904657    9.1093825e-31   -1.6021766e-19    -9.156439e-20     3.863673e-19             2400                1
    -0.0073979753    8.6100554e-05    -0.0013952621     0.0028534464     0.0011715632   -0.00085101597    9.1093825e-31   -1.6021766e-19    -9.156439e-20     3.863673e-19              257                0
    -0.0056689973    4.3132033e-05     0.0058421022    -0.0011185849     0.0021326677     0.0010296922    9.1093825e-31   -1.6021766e-19    -9.156439e-20     3.863673e-19              220                0
    -0.0042765392    8.5096057e-05     -0.012364999     0.0049686301     0.0010041111    1.2493123e-05    9.1093825e-31   -1.6021766e-19    -9.156439e-20     3.863673e-19             2161                1
     0.0063406811    4.5522247e-05    -0.0084959483    -0.0027330026   -0.00071960239   -0.00053965172    9.1093825e-31   -1.6021766e-19    -9.156439e-20     3.863673e-19              931                0
    -0.0026513054    3.1220607e-05    -0.0080683511     0.0001472091    -0.0018152145     0.0008701146    9.1093825e-31   -1.6021766e-19    -9.156439e-20     3.863673e-19              217                0
    -0.0034709813    4.5066463e-05    -0.0099363169    0.00041631827    -0.0075895879     0.0013917793    9.1093825e-31   -1.6021766e-19    -9.156439e-20     3.863673e-19             2265                1
    0.00040947902    4.0829284e-05    -0.0088193351    0.00033622002    -0.0077444017    -0.0004159954    9.1093825e-31   -1.6021766e-19    -9.156439e-20     3.863673e-19             2226                1
     0.0014458933    5.2830015e-05        0.0115169   -0.00082922337      0.010526287     0.0015421282    9.1093825e-31   -1.6021766e-19    -9.156439e-20     3.863673e-19             2356                1
      0.001162539    4.0276038e-05      0.013670074    -0.0035579663     0.0083132526    -0.0028476643    9.1093825e-31   -1.6021766e-19    -9.156439e-20     3.863673e-19             2349                1
     0.0059171012    2.5082039e-05    -0.0029983902    -0.0011125087     0.0007284999    -0.0022774024    9.1093825e-31   -1.6021766e-19    -9.156439e-20     3.863673e-19              256                0
     0.0041547259    6.5022723e-05    -0.0087581594    -0.0010542442    -0.0097662127     0.0034658816    9.1093825e-31   -1.6021766e-19    -9.156439e-20     3.863673e-19             2388                1
     0.0017463125    7.7295415e-05     0.0068778927    -0.0011148963      0.010897336     0.0020011484    9.1093825e-31   -1.6021766e-19    -9.156439e-20     3.863673e-19             2306                1
     0.0030183995    8.1436032e-05      0.014341282    0.00084438646     0.0078617716     0.0017619247    9.1093825e-31   -1.6021766e-19    -9.156439e-20     3.863673e-19             2243                1
    -0.0012223697    9.8119388e-05     0.0055576237   -0.00018257539    -0.0023192186   -0.00026401441    9.1093825e-31   -1.6021766e-19    -9.156439e-20     3.863673e-19             2436                1
    -0.0091946544    5.7282406e-05     0.0021886046    -0.0022373567    0.00075453031    -0.0018361344    9.1093825e-31   -1.6021766e-19    -9.156439e-20     3.863673e-19              978                0
    -0.0004169551    6.7679539e-05    0.00031487399     0.0022939241    -0.0041605071   -0.00037216852    9.1093825e-31   -1.6021766e-19    -9.156439e-20     3.863673e-19             2323                1
     0.0092913006    4.5257551e-05    0.00091296504     0.0014110557   -1.2910219e-05   -0.00017855391    9.1093825e-31   -1.6021766e-19    -9.156439e-20     3.863673e-19              637                0
   -0.00087901263    7.5606265e-05    -0.0028500282     0.0012375402    -0.0049337605   -0.00077220157    9.1093825e-31   -1.6021766e-19    -9.156439e-20     3.863673e-19             2339                1
    -0.0014844688    5.1919185e-05     -0.006623758   -0.00074879348    -0.0095484257   -0.00068754167    9.1093825e-31   -1.6021766e-19    -9.156439e-20     3.863673e-19             2351                1
     0.0047122356    7.6172924e-05     0.0021702049   -0.00070892542     0.0024711904      0.001153984    9.1093825e-31   -1.6021766e-19    -9.156439e-20     3.863673e-19              229                0
     0.0032337348     1.308464e-05      0.014054017    2.6566556e-06      0.009285531   -0.00050865434    9.1093825e-31   -1.6021766e-19    -9.156439e-20     3.863673e-19             2424                1
    -0.0085539566    5.6921093e-05    -0.0014630896    0.00081071164   -3.4652658e-06   -0.00040312327    9.1093825e-31   -1.6021766e-19    -9.156439e-20     3.863673e-19              894                0
     0.0076430547    8.2839601e-05     0.0052939346    -0.0010185156     0.0011696725     0.0030268298    9.1093825e-31   -1.6021766e-19    -9.156439e-20     3.863673e-19              219                0
     0.0079188971    5.5900575e-05    -0.0031236475     0.0016561645   -6.8536014e-05     0.0023099934    9.1093825e-31   -1.6021766e-19    -9.156439e-20     3.863673e-19              309                0
    -0.0089450097    5.4839205e-05      0.011214203   -0.00022890966    0.00030434804   -0.00060469733    9.1093825e-31   -1.6021766e-19    -9.156439e-20     3.863673e-19              329                0
     0.0075726779    9.5390191e-05     -0.014061627     -0.002886072   -0.00027450122     0.0013573819    9.1093825e-31   -1.6021766e-19    -9.156439e-20     3.863673e-19              349                0
     0.0090379398    5.9687583e-05     0.0079576746    -0.0010122703    0.00031969466     0.0016580782    9.1093825e-31   -1.6021766e-19    -9.156439e-20     3.863673e-19              369                0
     0.0028414305    9.7786738e-05    -0.0069845403   -0.00066150044    -0.0022436599    -0.0037352254    9.1093825e-31   -1.6021766e-19    -9.156439e-20     3.863673e-19             2430                1
     0.0023487785    7.0339309e-05    -6.281559e-05    0.00053817051    -0.0053602881    -0.0010225578    9.1093825e-31   -1.6021766e-19    -9.156439e-20     3.863673e-19             2360                1
    -0.0021933278     5.642571e-05     0.0071961018     0.0020345752     0.0033955744    0.00016097266    9.1093825e-31   -1.6021766e-19    -9.156439e-20     3.863673e-19              632                0
   -0.00019026188    3.0459452e-05    -0.0075292462   -9.1988055e-05     -0.011747827   -0.00025360461    9.1093825e-31   -1.6021766e-19    -9.156439e-20     3.863673e-19             2330                1
    -0.0055059362    5.9884089e-05     -0.014258635    3.5535741e-05    -0.0069681075   -0.00062990276    9.1093825e-31   -1.6021766e-19    -9.156439e-20     3.863673e-19             2354                1
    -0.0030085859    4.5812139e-05     -0.010400621    0.00089568488    -0.0086289886     0.0011566238    9.1093825e-31   -1.6021766e-19    -9.156439e-20     3.863673e-19             2311                1
   -0.00065995718    3.4754168e-05    -0.0080745919     0.0009728818     -0.010970214   -0.00049976551    9.1093825e-31   -1.6021766e-19    -9.156439e-20     3.863673e-19             2326                1
     0.0073133674     4.734538e-05    0.00086284714      -0.00153804     0.0013227898   -0.00085143361    9.1093825e-31   -1.6021766e-19    -9.156439e-20     3.863673e-19              476                0
    -0.0049098558    4.3526095e-05     -0.012763686     0.0013423032    -0.0020171243    -0.0016446968    9.1093825e-31   -1.6021766e-19    -9.156439e-20     3.863673e-19              549                0
   -0.00099626952    7.0744696e-05      0.010193723     0.0026243804     0.0021815074    0.00071721367    9.1093825e-31   -1.6021766e-19    -9.156439e-20     3.863673e-19              569                0
   -0.00096895092    4.3110835e-05    -0.0084794816   -0.00027899144    -0.0098823244    0.00017807828    9.1093825e-31   -1.6021766e-19    -9.156439e-20     3.863673e-19             2325                1
     0.0016212908    9.9465775e-05     0.0073788827    4.8680972e-06    -0.0026814265    6.9017524e-06    9.1093825e-31   -1.6021766e-19    -9.156439e-20     3.863673e-19             2445                1
     0.0094963396    8.4375926e-05     -0.014480765   -9.2215545e-05   -4.4938053e-05     0.0020946017    9.1093825e-31   -1.6021766e-19    -9.156439e-20     3.863673e-19              922                0
    -0.0011955834    2.8348404e-05     -0.012414543    -0.0023388874    -0.0034502726   -0.00037752051    9.1093825e-31   -1.6021766e-19    -9.156439e-20     3.863673e-19              649                0
    -0.0078049102    5.1441715e-05     0.0038757008      0.001179711    0.00090527511    0.00098700856    9.1093825e-31   -1.6021766e-19    -9.156439e-20     3.863673e-19              934                0
   -9.5806259e-05    8.3687068e-05     0.0036972719     0.0022169568    -0.0056124185     0.0035270215    9.1093825e-31   -1.6021766e-19    -9.156439e-20     3.863673e-19             2411                1
   -0.00091153808    3.8126589e-05    -0.0058983397     0.0037916356    -0.0092281131    -0.0026977456    9.1093825e-31   -1.6021766e-19    -9.156439e-20     3.863673e-19             2307                1
     0.0023449184    4.4594253e-06      0.013344967     0.0003842338    -0.0030759163    0.00070560136    9.1093825e-31   -1.6021766e-19    -9.156439e-20     3.863673e-19             2061                1
    0.00098104007    7.9655118e-05     0.0059971707    -0.0073703113    -0.0018919696     0.0023296848    9.1093825e-31   -1.6021766e-19    -9.156439e-20     3.863673e-19             2362                1
    0.00025347606    4.3946893e-05       0.01244918     0.0055589057     0.0089696795   -0.00033817711    9.1093825e-31   -1.6021766e-19    -9.156439e-20     3.863673e-19             2347                1
   -9.9842946e-05    7.8126905e-05     0.0034797704     0.0013426265     0.0079645179     -0.002844461    9.1093825e-31   -1.6021766e-19    -9.156439e-20     3.863673e-19             2172                1
     0.0054131411    3.9989427e-05     0.0020571498    0.00057552475     0.0018123015     0.0025732848    9.1093825e-31   -1.6021766e-19    -9.156439e-20     3.863673e-19               20                0
      0.007568574    5.1048878e-06     -0.009987073    0.00042422026    -0.0013609708   -0.00089794991    9.1093825e-31   -1.6021766e-19    -9.156439e-20     3.863673e-19              786                0
    -0.0088976864    9.8992146e-05    -0.0045641325   -0.00061665557     0.0003777566    0.00089878321    9.1093825e-31   -1.6021766e-19    -9.156439e-20     3.863673e-19              849                0
     0.0078595802    4.4443282e-06     0.0028269589    -0.0010970971    0.00019805858    1.7402042e-05    9.1093825e-31   -1.6021766e-19    -9.156439e-20     3.863673e-19              869                0
     0.0086398367     8.596736e-05      0.003985553   -0.00071420637     0.0011182933    -0.0011704384    9.1093825e-31   -1.6021766e-19    -9.156439e-20     3.863673e-19               36                0
     0.0047566299    6.6940069e-05    -0.0034103906     0.0050143641    -0.0057421844     0.0039089918    9.1093825e-31   -1.6021766e-19    -9.156439e-20     3.863673e-19             2336                1
     0.0020896024    2.4570477e-06      0.010706208      0.004977148    -0.0022724636    -8.353599e-05    9.1093825e-31   -1.6021766e-19    -9.156439e-20     3.863673e-19             2188                1
     0.0033694529    9.2470065e-05      0.012619665    -0.0030094835    -0.0081895562   -0.00018242805    9.1093825e-31   -1.6021766e-19    -9.156439e-20     3.863673e-19             2434                1
     0.0060304692    6.1850449e-05      0.011931393    -0.0006732113    0.00070942653     0.0020718984    9.1093825e-31   -1.6021766e-19    -9.156439e-20     3.863673e-19              280                0
    -0.0047566658    2.6632828e-05    -0.0082017863    -0.0014542651    -0.0017761405     0.0017520764    9.1093825e-31   -1.6021766e-19    -9.156439e-20     3.863673e-19              591                0
    -0.0093357889    8.9532754e-05     0.0025702589    0.00080904429    0.00079339766    0.00012278817    9.1093825e-31   -1.6021766e-19    -9.156439e-20     3.863673e-19               44                0
     0.0033921381    7.9317346e-05     0.0091090742     0.0035671552       0.01098136    -0.0028251193    9.1093825e-31   -1.6021766e-19    -9.156439e-20     3.863673e-19             2302                1
     0.0018891972    4.9077626e-05     -0.012537054   -0.00079400087    -0.0084527209      0.003985289    9.1093825e-31   -1.6021766e-19    -9.156439e-20     3.863673e-19             2320                1
     0.0028552781    4.3986063e-05     0.0099355914    0.00036387742     0.0022079207   -0.00023546111    9.1093825e-31   -1.6021766e-19    -9.156439e-20     3.863673e-19              177                0
   -0.00050120306    8.6810476e-05    -0.0024914104     0.0023578522     0.0052138977     0.0022394536    9.1093825e-31   -1.6021766e-19    -9.156439e-20     3.863673e-19             2142                1
     0.0019046724    4.5691202e-05      0.010607709    0.00087664463     0.0069758464     0.0011637997    9.1093825e-31   -1.6021766e-19    -9.156439e-20     3.863673e-19             2249                1
     -0.001161935    3.5492212e-05     0.0066508739     0.0025722513     0.0071628583    0.00070161087    9.1093825e-31   -1.6021766e-19    -9.156439e-20     3.863673e-19             2355                1
    -0.0083282255    4.2235552e-05     0.0036359611    0.00097196485    0.00034735104    -0.0031899579    9.1093825e-31   -1.6021766e-19    -9.156439e-20     3.863673e-19              184                0
    -0.0018561867    7.4712261e-05      0.003971057    -0.0013982835     0.0033761107    9.5347095e-05    9.1093825e-31   -1.6021766e-19    -9.156439e-20     3.863673e-19              699                0
    -0.0076555926    3.3149125e-05    -0.0048697256    -0.0028587265   -0.00046182968    0.00034544308    9.1093825e-31   -1.6021766e-19    -9.156439e-20     3.863673e-19              243                0
     0.0015061178    4.3825294e-05     -0.005020061     0.0038350602    -0.0098492643     0.0046097389    9.1093825e-31   -1.6021766e-19    -9.156439e-20     3.863673e-19             2341                1
     -0.008624563    4.4358556e-05     0.0021061385    0.00043672265    0.00031045979   -0.00017251451    9.1093825e-31   -1.6021766e-19    -9.156439e-20     3.863673e-19              264                0
     0.0050908965    5.5081309e-05    0.00028483858    0.00023193605      0.001527318    -0.0012752207    9.1093825e-31   -1.6021766e-19    -9.156439e-20     3.863673e-19              284                0
    7.7676188e-05    4.6097812e-05    -0.0013149484    0.00038249127     -0.008108546   -0.00035847662    9.1093825e-31   -1.6021766e-19    -9.156439e-20     3.863673e-19             2332                1
      0.001355334    9.3750146e-05     0.0024725627     0.0026535485     0.0085039064     0.0011143958    9.1093825e-31   -1.6021766e-19    -9.156439e-20     3.863673e-19             2178                1
    -0.0016523633    5.1104587e-05      0.010658329    -0.0048991758     0.0081551289    -0.0011781256    9.1093825e-31   -1.6021766e-19    -9.156439e-20     3.863673e-19             2287                1
     0.0042324215    2.3622656e-06     -0.014781544      0.007858892     0.0039695641    -0.0012851653    9.1093825e-31   -1.6021766e-19    -9.156439e-20     3.863673e-19             2439                1
   -0.00098948379    4.5180095e-05    -0.0021046668   -7.2306531e-05     0.0014171097    0.00018968902    9.1093825e-31   -1.6021766e-19    -9.156439e-20     3.863673e-19              384                0
    -0.0024080949    9.2220427e-05    -0.0020843768    0.00032048032    -0.0060073892   -0.00030133501    9.1093825e-31   -1.6021766e-19    -9.156439e-20     3.863673e-19             2427                1
    -0.0024553747    8.1538659e-05    -0.0021718985     0.0034245101    -0.0047484958    -0.0023634427    9.1093825e-31   -1.6021766e-19    -9.156439e-20     3.863673e-19             2372                1
    -0.0092209764    6.0561844e-05   -0.00044604234    1.8967157e-05    0.00014638031    0.00067071879    9.1093825e-31   -1.6021766e-19    -9.156439e-20     3.863673e-19              444                0
    -0.0059352578    2.2028873e-05    -0.0019675645    0.00021002228     0.0010032912    -0.0010529871    9.1093825e-31   -1.6021766e-19    -9.156439e-20     3.863673e-19              464                0
    -0.0034169839    2.5583458e-05    -0.0099098058    0.00041766238     -0.011681663   -0.00018376841    9.1093825e-31   -1.6021766e-19    -9.156439e-20     3.863673e-19             2327                1
     0.0055461666    4.6259629e-05     0.0092777042     0.0015746187     0.0020979557     0.0017090638    9.1093825e-31   -1.6021766e-19    -9.156439e-20     3.863673e-19             1322                1
     0.0050403127    6.1962943e-05     0.0071803154    -0.0016166061     0.0084833298    -0.0035674765    9.1093825e-31   -1.6021766e-19    -9.156439e-20     3.863673e-19             2304                1
     0.0014479769    8.5331822e-06    -0.0089404704   -0.00067625841     -0.011333151   -0.00021551544    9.1093825e-31   -1.6021766e-19    -9.156439e-20     3.863673e-19             2275                1
      0.008426033    4.0435472e-05    -0.0038642031   -0.00065621751    0.00039205363    0.00088333135    9.1093825e-31   -1.6021766e-19    -9.156439e-20     3.863673e-19              564                0
    -0.0025029304    7.3865616e-05     -0.002134505    -0.0053626532    -0.0059068562     0.0029015287    9.1093825e-31   -1.6021766e-19    -9.156439e-20     3.863673e-19             2371                1
    -0.0040946798     7.307632e-05    -0.0096672401     0.0036500886    -0.0054149763     0.0017539999    9.1093825e-31   -1.6021766e-19    -9.156439e-20     3.863673e-19             2310                1
     0.0041634361    5.0792431e-05    -0.0087401895     0.0010300075    -0.0076005752    -0.0017847623    9.1093825e-31   -1.6021766e-19    -9.156439e-20     3.863673e-19             2298                1
     0.0051460941    7.9355086e-05    0.00017832864     0.0072229984     0.0059229755   -0.00073194213    9.1093825e-31   -1.6021766e-19    -9.156439e-20     3.863673e-19             2184                1
    -0.0068356842    7.2632371e-05    0.00082238432    0.00022703665     0.0015729656   -8.7895904e-05    9.1093825e-31   -1.6021766e-19    -9.156439e-20     3.863673e-19              664                0
    -0.0076949662    1.1762995e-05      -0.01488355    0.00078930956    -0.0017498194    0.00073605502    9.1093825e-31   -1.6021766e-19    -9.156439e-20     3.863673e-19              684                0
     0.0033959935     4.669683e-05     0.0047309641   -0.00020862032     0.0030855399    -0.0018749726    9.1093825e-31   -1.6021766e-19    -9.156439e-20     3.863673e-19              704                0
    -0.0026847911    8.5516083e-05     -0.014307238     -0.001469417    -0.0028133653    0.00011502286    9.1093825e-31   -1.6021766e-19    -9.156439e-20     3.863673e-19              494                0
    -0.0066094999    6.3602187e-05     0.0094161397     0.0010429327     0.0016666433     0.0016276567    9.1093825e-31   -1.6021766e-19    -9.156439e-20     3.863673e-19              871                0
    -0.0040886789    5.8640937e-05     -0.012640634    0.00024834252   -0.00030134825   -0.00032653389    9.1093825e-31   -1.6021766e-19    -9.156439e-20     3.863673e-19             2176                1
    -0.0066688885    8.2060382e-05     -0.010919652    0.00098796224     -0.001405542    0.00099965918    9.1093825e-31   -1.6021766e-19    -9.156439e-20     3.863673e-19              125                0
     -0.005090578     5.597073e-05      0.013373844    0.00095770607    0.00072545325    0.00043381858    9.1093825e-31   -1.6021766e-19    -9.156439e-20     3.863673e-19              804                0
     0.0040183282    2.3634342e-05      -0.01272586    0.00035862077    -0.0030694229    -0.0025082284    9.1093825e-31   -1.6021766e-19    -9.156439e-20     3.863673e-19              266                0
    9.5002419e-05    8.9294183e-05     -0.011882221    0.00032277135    -0.0025708911     0.0031154463    9.1093825e-31   -1.6021766e-19    -9.156439e-20     3.863673e-19              483                0
     0.0015096643    7.1947827e-05    -0.0051266709    -0.0039263223    -0.0069031413   -0.00053623936    9.1093825e-31   -1.6021766e-19    -9.156439e-20     3.863673e-19             2370                1
    -0.0027663193    9.3437702e-05    -0.0089250691     0.0011527905    -0.0013946842     0.0011446499    9.1093825e-31   -1.6021766e-19    -9.156439e-20     3.863673e-19              360                0
    -0.0040128981    5.4523471e-06    -0.0096862772     0.0048164297    -0.0095154373    -0.0011386793    9.1093825e-31   -1.6021766e-19    -9.156439e-20     3.863673e-19             2224                1
     0.0004624548    7.3300078e-05    -0.0075566657     0.0042075221    -0.0048221974    0.00049505848    9.1093825e-31   -1.6021766e-19    -9.156439e-20     3.863673e-19             2215                1
      0.001177515      4.35943e-05    -0.0067334287   -0.00055644545     -0.010131557   -5.6043762e-05    9.1093825e-31   -1.6021766e-19    -9.156439e-20     3.863673e-19             2337                1
    0.00054036081     6.623222e-05     -0.011867855    3.5855574e-05    -0.0026964827    0.00023187225    9.1093825e-31   -1.6021766e-19    -9.156439e-20     3.863673e-19              958                0
   -0.00070511323    4.8968526e-05    -0.0059109465    0.00089836895     -0.011058629    -0.0023343766    9.1093825e-31   -1.6021766e-19    -9.156439e-20     3.863673e-19             2368                1
    -0.0067822747    6.5022083e-05       0.01224485     0.0003363631     0.0007309721    0.00066842191    9.1093825e-31   -1.6021766e-19    -9.156439e-20     3.863673e-19              988                0
     0.0074973484    1.1257855e-06     0.0086907856    -0.0013754924     0.0003720863    -0.0006234544    9.1093825e-31   -1.6021766e-19    -9.156439e-20     3.863673e-19              867                0
    -0.0015740142    2.2457854e-05     -0.012483713    -0.0087012704    -0.0094752684    -0.0062408797    9.1093825e-31   -1.6021766e-19    -9.156439e-20     3.863673e-19             2233                1
    -0.0028167816    5.9452821e-05    -0.0069127288    -0.0029943851     -0.010291978     0.0010965182    9.1093825e-31   -1.6021766e-19    -9.156439e-20     3.863673e-19             2379                1
    -0.0015318437    2.8415318e-05      -0.01125796    0.00012508838     0.0049002208   -2.4648698e-05    9.1093825e-31   -1.6021766e-19    -9.156439e-20     3.863673e-19             2381                1
    0.00042930964    8.7516542e-05    0.00021840702    -0.0013251308    -0.0043790857    -0.0025350761    9.1093825e-31   -1.6021766e-19    -9.156439e-20     3.863673e-19             2399                1
    -0.0016543238    9.6719108e-05       0.01076114     0.0062099458   -0.00068297185     0.0071402411    9.1093825e-31   -1.6021766e-19    -9.156439e-20     3.863673e-19             2418                1
     0.0019680599    2.2919528e-05      0.012124889    -0.0017159121     0.0054802736    -0.0012029889    9.1093825e-31   -1.6021766e-19    -9.156439e-20     3.863673e-19             2324                1
      0.001851375    8.3708524e-05    -0.0019706185    -0.0013643537    -0.0058557368     0.0025105206    9.1093825e-31   -1.6021766e-19    -9.156439e-20     3.863673e-19             2401                1
    0.00096338528    6.4860738e-05     0.0078601083     0.0053879833     0.0089005958    0.00067305547    9.1093825e-31   -1.6021766e-19    -9.156439e-20     3.863673e-19             2259                1
    -0.0025571685    3.2174823e-05     0.0061381818     0.0013143674     0.0028169018       0.00040674    9.1093825e-31   -1.6021766e-19    -9.156439e-20     3.863673e-19              485                0
     0.0041417652    5.7922957e-06     -0.011653529   -0.00064080744      -0.01131855    -0.0016177029    9.1093825e-31   -1.6021766e-19    -9.156439e-20     3.863673e-19             2282                1
     0.0033546742    4.8545808e-05   -0.00094632461   -0.00029012238     0.0040519899    0.00027483606    9.1093825e-31   -1.6021766e-19    -9.156439e-20     3.863673e-19             2276                1
     0.0058387495     9.279205e-07    -0.0049968101      -0.00129206    -0.0017356715    -0.0021870483    9.1093825e-31   -1.6021766e-19    -9.156439e-20     3.863673e-19             1641                1
    -0.0031056015    7.7625067e-05    -0.0017244173   -0.00027461717    -0.0078111067    -0.0048019537    9.1093825e-31   -1.6021766e-19    -9.156439e-20     3.863673e-19             2402                1
     0.0022745379     2.879925e-06    -0.0092011048    -0.0015659855     0.0039752997    0.00053879787    9.1093825e-31   -1.6021766e-19    -9.156439e-20     3.863673e-19             2437                1
    1.1055039e-05    6.0831109e-05      0.013833229     0.0024221847      0.011427344     0.0026490651    9.1093825e-31   -1.6021766e-19    -9.156439e-20     3.863673e-19             2352                1
      0.001644268    1.4520383e-06     -0.012986562    -0.0010121331     0.0036300186    0.00060288334    9.1093825e-31   -1.6021766e-19    -9.156439e-20     3.863673e-19             2442                1
     0.0011979355     5.559174e-05      0.011422165    -0.0043889186     0.0074528242     0.0017333834    9.1093825e-31   -1.6021766e-19    -9.156439e-20     3.863673e-19             2240                1
   -0.00037792462    8.2013226e-05    0.00035090817   -0.00098053366     0.0060584615    0.00074735383    9.1093825e-31   -1.6021766e-19    -9.156439e-20     3.863673e-19             2070                1
   -0.00055943383    4.4937377e-05     -0.008229387     0.0068516587    -0.0074469754   -0.00015475998    9.1093825e-31   -1.6021766e-19    -9.156439e-20     3.863673e-19             2234                1
    -0.0037948524    7.8520236e-05      0.011575747    -0.0010935275     0.0080218744      0.001372997    9.1093825e-31   -1.6021766e-19    -9.156439e-20     3.863673e-19             2221                1
     0.0018058751    6.4601416e-05      0.012168793    0.00080745097     0.0095790196    0.00088184909    9.1093825e-31   -1.6021766e-19    -9.156439e-20     3.863673e-19             2301                1
    -0.0029359858    5.1998937e-05     -0.014475388   -1.3527422e-05     -0.003172572    -0.0013793003    9.1093825e-31   -1.6021766e-19    -9.156439e-20     3.863673e-19              422                0
     -0.001728534    7.2470415e-05      0.010576401    -0.0025639923      0.009970272    -0.0067313621    9.1093825e-31   -1.6021766e-19    -9.156439e-20     3.863673e-19             2279                1
     0.0015907477    1.1757405e-05      0.010565335      0.002123618     0.0050733206    -0.0064848275    9.1093825e-31   -1.6021766e-19    -9.156439e-20     3.863673e-19             2412                1
    -0.0029121498    5.8203263e-05     -0.010510569    0.00087056577    -0.0077829193    0.00072198146    9.1093825e-31   -1.6021766e-19    -9.156439e-20     3.863673e-19             2331                1
    -0.0042854897    5.8358713e-05      0.010347549    -0.0028742459     0.0018992916      0.001008432    9.1093825e-31   -1.6021766e-19    -9.156439e-20     3.863673e-19              687                0
    -0.0014237469    4.8070815e-05     -0.011235613     0.0057611186    -0.0088011473    0.00028803229    9.1093825e-31   -1.6021766e-19    -9.156439e-20     3.863673e-19             2315                1
   -0.00054726604     2.944994e-05    -0.0082374094     0.0040348065    -0.0083148628     0.0022300507    9.1093825e-31   -1.6021766e-19    -9.156439e-20     3.863673e-19             2230                1
     0.0010807366    6.4380656e-05     0.0027933889    0.00024214041    -0.0083270026    -0.0039057264    9.1093825e-31   -1.6021766e-19    -9.156439e-20     3.863673e-19             2386                1
     0.0053583989    5.4129581e-05     0.0033014733    0.00022391771     0.0019947819   -0.00070410501    9.1093825e-31   -1.6021766e-19    -9.156439e-20     3.863673e-19              581                0
     0.0010845027    3.7495818e-05    -0.0065578558   -0.00063854473    -0.0090616299     0.0067669582    9.1093825e-31   -1.6021766e-19    -9.156439e-20     3.863673e-19             2293                1
     0.0012179998    4.6371573e-05      0.011367798     1.520715e-05      0.009004686    8.1822051e-05    9.1093825e-31   -1.6021766e-19    -9.156439e-20     3.863673e-19             2342                1
     0.0013935083    6.9186957e-05     0.0016716112    -9.846122e-05      0.003195656    -0.0016331848    9.1093825e-31   -1.6021766e-19    -9.156439e-20     3.863673e-19              641                0
    -0.0010067013    9.4453688e-05     0.0060514836     0.0029769179      0.010638162   -0.00086952449    9.1093825e-31   -1.6021766e-19    -9.156439e-20     3.863673e-19             2242                1
     0.0014514084    2.5359908e-05    -0.0089282496    -0.0025506548      -0.01091832   -3.1157248e-05    9.1093825e-31   -1.6021766e-19    -9.156439e-20     3.863673e-19             2303                1
     0.0033732066    9.6072872e-05      0.012620591     0.0012038191    -0.0041460609    0.00085661229    9.1093825e-31   -1.6021766e-19    -9.156439e-20     3.863673e-19             2435                1
    -0.0069633443     1.107089e-05     -0.014227639    -0.0018095594    -0.0018952722   -0.00014386438    9.1093825e-31   -1.6021766e-19    -9.156439e-20     3.863673e-19              394                0
     0.0033475393    9.2751488e-06       0.00797363     0.0011642968    -0.0011253742     0.0029388946    9.1093825e-31   -1.6021766e-19    -9.156439e-20     3.863673e-19             2165                1
    -0.0067756684    8.1577127e-05     0.0026132746   -0.00040812374     0.0064797155   -4.2872904e-05    9.1093825e-31   -1.6021766e-19    -9.156439e-20     3.863673e-19             2211                1
     0.0033524046    7.9759753e-05       0.01269706    -0.0024935622       0.01236696    -0.0032709555    9.1093825e-31   -1.6021766e-19    -9.156439e-20     3.863673e-19             2329                1
   -0.00074862805     6.883376e-05    -0.0059187836      -0.00681346    -0.0075395424    -0.0037282356    9.1093825e-31   -1.6021766e-19    -9.156439e-20     3.863673e-19             2369                1
     0.0093872165    6.3997475e-05    -0.0042217067    0.00046837318   -0.00018916496     0.0016113971    9.1093825e-31   -1.6021766e-19    -9.156439e-20     3.863673e-19              821                0
    -0.0033355975    7.3440984e-05     0.0062269745    -0.0059973546    -0.0051571247    -0.0037779026    9.1093825e-31   -1.6021766e-19    -9.156439e-20     3.863673e-19             2382                1
    -4.345147e-05           0.0001      0.013826249   -3.2440468e-05     0.0098692765     0.0004643437    9.1093825e-31   -1.6021766e-19    -9.156439e-20     3.863673e-19             2245                1
    -0.0030493482    3.0646906e-06     -0.010340583    -0.0043337252     -0.010723978      0.001141289    9.1093825e-31   -1.6021766e-19    -9.156439e-20     3.863673e-19             2250                1
     0.0016521818    7.5534386e-05     0.0025710624   -0.00094729237     -0.006754797    -0.0011767753    9.1093825e-31   -1.6021766e-19    -9.156439e-20     3.863673e-19             2392                1
    0.00016926572           0.0001    -0.0010785841     0.0016082962     0.0069083376     0.0048091039    9.1093825e-31   -1.6021766e-19    -9.156439e-20     3.863673e-19             2166                1
    -0.0091795474    3.3419465e-06      0.012193153     0.0007975495   -0.00050774356   -0.00012311022    9.1093825e-31   -1.6021766e-19    -9.156439e-20     3.863673e-19              938                0
     0.0015607032    7.7889395e-05     0.0073587261    -0.0037832598     0.0089248372    -0.0011142108    9.1093825e-31   -1.6021766e-19    -9.156439e-20     3.863673e-19             2202                1
     0.0040435218    5.5451357e-05    -0.0069706393   -0.00067130849     -0.010322432    0.00024515932    9.1093825e-31   -1.6021766e-19    -9.156439e-20     3.863673e-19             2373                1
     0.0013288313    9.8503901e-05      0.011348063   -0.00035772668      0.011564155    0.00025261973    9.1093825e-31   -1.6021766e-19    -9.156439e-20     3.863673e-19             2268                1
   -7.7678756e-05    6.9498659e-05     0.0043426934     0.0017858291    -0.0037229999   -0.00042549503    9.1093825e-31   -1.6021766e-19    -9.156439e-20     3.863673e-19             2357                1
    -0.0083776694    4.4961253e-06     0.0084975837    0.00072740525    0.00040065113    -0.0001310732    9.1093825e-31   -1.6021766e-19    -9.156439e-20     3.863673e-19               58                0
     0.0090519218    5.0675266e-05      -0.01266496     0.0013692067     0.0016442544    -0.0021553983    9.1093825e-31   -1.6021766e-19    -9.156439e-20     3.863673e-19             2078                1
   -0.00085334014    5.6354074e-05    -0.0085010007    -0.0044009076    -0.0090113645    -0.0019421058    9.1093825e-31   -1.6021766e-19    -9.156439e-20     3.863673e-19             2353                1
     0.0041109598    5.8770111e-05     0.0011083537    -0.0015576245     0.0019580997    -0.0015092769    9.1093825e-31   -1.6021766e-19    -9.156439e-20     3.863673e-19              118                0
     0.0025249228    4.7980302e-05      0.012263523     0.0033697484     0.0092182681       0.00392609    9.1093825e-31   -1.6021766e-19    -9.156439e-20     3.863673e-19             2343                1
    -0.0094316714    3.1939922e-05    -0.0036374787    0.00052267784    0.00027216345    0.00042814389    9.1093825e-31   -1.6021766e-19    -9.156439e-20     3.863673e-19              158                0
    0.00094427512    8.6247201e-05     0.0077955215     0.0040632677    -0.0052256631     0.0025774804    9.1093825e-31   -1.6021766e-19    -9.156439e-20     3.863673e-19             2417                1
   -0.00066929136    8.2176608e-05    -0.0026656499     0.0056672846    -0.0021216467     0.0061851186    9.1093825e-31   -1.6021766e-19    -9.156439e-20     3.863673e-19             2252                1
     0.0016560459    6.5922402e-05    -0.0030084453     0.0055843964    -0.0085008293     0.0011170261    9.1093825e-31   -1.6021766e-19    -9.156439e-20     3.863673e-19             2375                1
   -0.00087336899    7.9036938e-05    -0.0059451945   -0.00060020754    -0.0047839768    -0.0011692797    9.1093825e-31   -1.6021766e-19    -9.156439e-20     3.863673e-19             2288                1
     0.0068795937    5.8702302e-05     -0.013562843    -0.0004713969    -0.0011238683    0.00094211509    9.1093825e-31   -1.6021766e-19    -9.156439e-20     3.863673e-19              213                0
      0.001839628    1.4796228e-05      0.011964641   -0.00046941164     0.0068559279   -6.3539883e-05    9.1093825e-31   -1.6021766e-19    -9.156439e-20     3.863673e-19             2413                1
    -0.0060732178    8.5542168e-05    -0.0030528423   -0.00059484743    -0.0037904377     0.0001974824    9.1093825e-31   -1.6021766e-19    -9.156439e-20     3.863673e-19             2376                1
     0.0015424411    2.5209511e-06     -0.012917283    -0.0037707195   -0.00063513214     0.0038677987    9.1093825e-31   -1.6021766e-19    -9.156439e-20     3.863673e-19             2374                1
    -0.0091737164    9.4210394e-05    -0.0043415488    -0.0027762938    0.00040290444    0.00050317426    9.1093825e-31   -1.6021766e-19    -9.156439e-20     3.863673e-19              723                0
     0.0022197375    8.7238317e-05   -5.6282628e-05    -0.0049679037      0.007202799    -0.0024741625    9.1093825e-31   -1.6021766e-19    -9.156439e-20     3.863673e-19             2232                1
    -0.0016752736    4.3474854e-05      0.010752127     0.0025231051     0.0087804925    -0.0038819478    9.1093825e-31   -1.6021766e-19    -9.156439e-20     3.863673e-19             2345                1
     0.0019784176    6.4654637e-06     -0.012640889     0.0048572151    -0.0099075232    -0.0019039882    9.1093825e-31   -1.6021766e-19    -9.156439e-20     3.863673e-19             2212                1
     0.0011764115    6.2586019e-05      0.013669559    -0.0014669376      0.011677031    -0.0029200932    9.1093825e-31   -1.6021766e-19    -9.156439e-20     3.863673e-19             2350                1
      0.005859511    4.7499067e-05     0.0030121466    -0.0004330269     0.0052249697    0.00013792228    9.1093825e-31   -1.6021766e-19    -9.156439e-20     3.863673e-19             2271                1
   -2.2740891e-05    8.1084923e-05     0.0038059922   -7.8758276e-05    -0.0054659899    0.00066749001    9.1093825e-31   -1.6021766e-19    -9.156439e-20     3.863673e-19             2398                1
    -0.0089257127      1.65367e-06       0.01375303     0.0013365664   -0.00015060788   -0.00050244294    9.1093825e-31   -1.6021766e-19    -9.156439e-20     3.863673e-19              503                0
   -0.00081388344    4.7842648e-05    -0.0028037571    -0.0010234106    -0.0097661605     -0.001427683    9.1093825e-31   -1.6021766e-19    -9.156439e-20     3.863673e-19             2358                1
     -0.008885501    8.8124529e-05    -0.0012509639     0.0007723007    0.00075902144    -0.0017875535    9.1093825e-31   -1.6021766e-19    -9.156439e-20     3.863673e-19              518                0
    -0.0016913833    4.6504807e-05     -0.011144545      0.002767731    -0.0088213049    -0.0023656811    9.1093825e-31   -1.6021766e-19    -9.156439e-20     3.863673e-19             2312                1
     0.0032871224    6.3908825e-05     0.0079427101    -0.0007342496     0.0027064809   -0.00054080668    9.1093825e-31   -1.6021766e-19    -9.156439e-20     3.863673e-19              903                0
    -0.0084993392    3.8628175e-05      0.010156444    0.00099753297    0.00058139698    0.00071641442    9.1093825e-31   -1.6021766e-19    -9.156439e-20     3.863673e-19              578                0
     0.0024224834    5.4945569e-05    -0.0092944922     0.0042969068    -0.0089504998    -0.0028413404    9.1093825e-31   -1.6021766e-19    -9.156439e-20     3.863673e-19             2348                1
     0.0082422551    3.0506915e-05     0.0096057113      0.001731954    0.00057284703    0.00014758164    9.1093825e-31   -1.6021766e-19    -9.156439e-20     3.863673e-19              618                0
     -0.001349362    8.9206327e-07     -0.014205453     0.0031002872     0.0017806155    0.00025902514    9.1093825e-31   -1.6021766e-19    -9.156439e-20     3.863673e-19             2440                1
    -0.0073332642    1.0691421e-05    -0.0089670541     0.0022017548   -0.00087289227   -0.00017574942    9.1093825e-31   -1.6021766e-19    -9.156439e-20     3.863673e-19              725                0
   -2.4726449e-05    9.1250702e-05     0.0042897649   -0.00013909429    -0.0045916149   -3.9464994e-05    9.1093825e-31   -1.6021766e-19    -9.156439e-20     3.863673e-19             2421                1
   -0.00082607346    3.6037531e-05    -0.0081692515    -0.0062364568    -0.0096247513    -0.0058636484    9.1093825e-31   -1.6021766e-19    -9.156439e-20     3.863673e-19             2296                1
    -0.0042802948    3.1608367e-06     -0.012193717   -0.00066081778    -0.0092897806      0.001433182    9.1093825e-31   -1.6021766e-19    -9.156439e-20     3.863673e-19             2208                1
    -0.0032734119    9.3769784e-05     0.0061520319    0.00057827414      0.011762061   -0.00029773189    9.1093825e-31   -1.6021766e-19    -9.156439e-20     3.863673e-19             2297                1
    -0.0039787414    5.9672017e-05      0.011609403   -0.00040802109      0.010002924     0.0024163364    9.1093825e-31   -1.6021766e-19    -9.156439e-20     3.863673e-19             2333                1
   -0.00071077218    1.1029626e-07    -0.0083734095    0.00059014763     -0.014191579    0.00024151099    9.1093825e-31   -1.6021766e-19    -9.156439e-20     3.863673e-19             2314                1
    0.00046845627    7.4111871e-05    0.00025947284       0.00201684    -0.0092406431    -0.0049015982    9.1093825e-31   -1.6021766e-19    -9.156439e-20     3.863673e-19             2409                1
     0.0015703622    7.7183249e-05     0.0024740028    6.2401406e-05    -0.0073304116    -0.0037438842    9.1093825e-31   -1.6021766e-19    -9.156439e-20     3.863673e-19             2403                1
    -0.0066743419    3.1919753e-05     0.0050761392   -0.00045022013     0.0014445848     0.0010694677    9.1093825e-31   -1.6021766e-19    -9.156439e-20     3.863673e-19              573                0
     0.0066253953    8.8781962e-05     -0.011503308   -0.00013786599   -0.00086724624    0.00042333556    9.1093825e-31   -1.6021766e-19    -9.156439e-20     3.863673e-19              274                0
    0.00091270823     9.231607e-05       0.00266082    -0.0047502285     0.0033051416     0.0037603753    9.1093825e-31   -1.6021766e-19    -9.156439e-20     3.863673e-19             2162                1
    -0.0010627066    7.5869815e-05     0.0060856151   -2.6568581e-05    -0.0046693296    1.4369297e-05    9.1093825e-31   -1.6021766e-19    -9.156439e-20     3.863673e-19             2384                1
     0.0010654641    8.8326757e-05     0.0059564319      0.002396869    -0.0053339885    -0.0076625776    9.1093825e-31   -1.6021766e-19    -9.156439e-20     3.863673e-19             2420                1
     -0.006021976    7.0213027e-05    -0.0026532095     0.0063745603     0.0040628519    0.00063891726    9.1093825e-31   -1.6021766e-19    -9.156439e-20     3.863673e-19             2177                1
    0.00040825695    4.4674074e-05     -0.008754069      0.003955421    -0.0095999036     0.0058127041    9.1093825e-31   -1.6021766e-19    -9.156439e-20     3.863673e-19             2321                1
     0.0015656523     9.332355e-05     0.0024813032    -0.0014231739    -0.0022339916    -0.0014398431    9.1093825e-31   -1.6021766e-19    -9.156439e-20     3.863673e-19             2404                1
    -0.0063132998    2.9897339e-05     0.0053913351   -0.00083313679     0.0016192282    -0.0027875055    9.1093825e-31   -1.6021766e-19    -9.156439e-20     3.863673e-19              985                0
   -0.00097584579    7.7756449e-05     0.0056023551    0.00085021713     0.0085900454   -0.00030991228    9.1093825e-31   -1.6021766e-19    -9.156439e-20     3.863673e-19             2185                1
      0.007639348    7.3305004e-05    0.00067962357   -0.00055554131    0.00080936134     0.0012067789    9.1093825e-31   -1.6021766e-19    -9.156439e-20     3.863673e-19              614                0
     -0.002729052    9.9184675e-05     0.0070004701   -0.00037286629      0.012998421     0.0012706679    9.1093825e-31   -1.6021766e-19    -9.156439e-20     3.863673e-19             2305                1
    -0.0007550561    5.3890039e-05     -0.008386977     0.0034871676     -0.000132017     0.0003947251    9.1093825e-31   -1.6021766e-19    -9.156439e-20     3.863673e-19             2204                1
    9.2363814e-05    4.6700588e-05     -0.013345265   -7.8950026e-05    -0.0035999503    0.00029604736    9.1093825e-31   -1.6021766e-19    -9.156439e-20     3.863673e-19               79                0
     0.0047559841    6.5261993e-05     -0.003587506    -0.0022684177     0.0049383175    0.00087333535    9.1093825e-31   -1.6021766e-19    -9.156439e-20     3.863673e-19             2289                1
     0.0010728658     4.848097e-06    -0.0092872437    -0.0050937301     0.0028058595     0.0015884433    9.1093825e-31   -1.6021766e-19    -9.156439e-20     3.863673e-19             2426                1
     0.0081742816    2.8813431e-05     -0.013369033    -0.0001488907     0.0002351466    0.00082556676    9.1093825e-31   -1.6021766e-19    -9.156439e-20     3.863673e-19             1982                1
      0.001083553    8.4704909e-05     0.0060242349    -0.0043674177    -0.0036566406   -0.00095540879    9.1093825e-31   -1.6021766e-19    -9.156439e-20     3.863673e-19             2394                1
   -0.00073562021    5.4153737e-05     0.0068499809      0.010488808     0.0076225861   -0.00073963444    9.1093825e-31   -1.6021766e-19    -9.156439e-20     3.863673e-19             2209                1
    0.00040159869    6.5789151e-05    -0.0037910778    0.00054177246    -0.0088362033    0.00062310603    9.1093825e-31   -1.6021766e-19    -9.156439e-20     3.863673e-19             2377                1
    0.00039961771    6.8360539e-05     -0.003793681    0.00011604332    -0.0082843462    6.3024017e-05    9.1093825e-31   -1.6021766e-19    -9.156439e-20     3.863673e-19             2378                1
    -0.0015318244    8.2021479e-06     -0.011263027    0.00012847901    0.00046116955    -0.0011332773    9.1093825e-31   -1.6021766e-19    -9.156439e-20     3.863673e-19             2380                1
    -0.0012745829    3.1953408e-05     -0.014242686     0.0018138968        0.0104063    -0.0007322561    9.1093825e-31   -1.6021766e-19    -9.156439e-20     3.863673e-19             2405                1
    0.00080389774    9.0595939e-05     0.0011366077    0.00078859366    -0.0065732361    -0.0047666398    9.1093825e-31   -1.6021766e-19    -9.156439e-20     3.863673e-19             2422                1
     0.0013838597    9.0944239e-05      0.011444578     0.0014807248    -0.0055931741    -0.0031705019    9.1093825e-31   -1.6021766e-19    -9.156439e-20     3.863673e-19             2423                1
     0.0014327483    5.6516033e-06    -0.0088195326     0.0020791111     0.0048562353     0.0027869213    9.1093825e-31   -1.6021766e-19    -9.156439e-20     3.863673e-19             2431                1
   -0.00086837326    9.7318698e-05     0.0058382512     0.0013882369    -0.0090117883   -0.00031899841    9.1093825e-31   -1.6021766e-19    -9.156439e-20     3.863673e-19             2443                1
     0.0010707417     9.967338e-05     0.0059787328    0.00019716998     -0.003299216    -0.0058780266    9.1093825e-31   -1.6021766e-19    -9.156439e-20     3.863673e-19             2446                1
