%  ASCII export : 
%
%  Momentum is normalized to the product of particle's mass and speed of light.
%  All other quantities are in SI units.
%
%            posX             posY             posZ             momX             momY             momZ             mass           charge     macro-charge             time       particleID         sourceID

   -0.00014171147    3.7311147e-05     0.0033187238    -0.0024177253     0.0057378444    -0.0085616019    9.1093825e-31   -1.6021766e-19    -9.156439e-20    6.2743407e-19             3721                1
   -0.00051365147    7.8333185e-05    -0.0082878927     0.0012436036     0.0091250213   -0.00066422479    9.1093825e-31   -1.6021766e-19    -9.156439e-20    6.2743407e-19             3566                1
      0.002020125     7.663828e-05     -0.012339869      0.001282648      -0.00640368     0.0020670195    9.1093825e-31   -1.6021766e-19    -9.156439e-20    6.2743407e-19             3813                1
     0.0024007009     6.733038e-05    -0.0092577487     0.0020457876     0.0082247779    0.00080357346    9.1093825e-31   -1.6021766e-19    -9.156439e-20    6.2743407e-19             3655                1
    -0.0025045068    1.6573458e-05     -0.001982999     -0.001112196    -0.0014772717     0.0017976112    9.1093825e-31   -1.6021766e-19    -9.156439e-20    6.2743407e-19             3253                1
    0.00076482509    5.0791299e-05     0.0010800351    2.8354905e-05     0.0071064713     0.0030220174    9.1093825e-31   -1.6021766e-19    -9.156439e-20    6.2743407e-19             3690                1
     0.0014749889    8.3301726e-05    -0.0088920202     0.0012755719     -0.006866287     0.0023303619    9.1093825e-31   -1.6021766e-19    -9.156439e-20    6.2743407e-19             3848                1
   -0.00062579388    4.1254127e-05     -0.012265723    0.00042061231     0.0027539714    -0.0011825634    9.1093825e-31   -1.6021766e-19    -9.156439e-20    6.2743407e-19               55                0
    -0.0011988721    9.1589764e-06    -0.0085296491     0.0013350165   -7.9238918e-05    -0.0010866763    9.1093825e-31   -1.6021766e-19    -9.156439e-20    6.2743407e-19             3421                1
    -0.0018627616    2.7525442e-05     0.0018806538     0.0031191246     0.0060747755   -0.00054175797    9.1093825e-31   -1.6021766e-19    -9.156439e-20    6.2743407e-19             3759                1
     0.0043886048    1.6027941e-05     0.0052371542   -0.00052513281    -0.0018291848   -0.00038393401    9.1093825e-31   -1.6021766e-19    -9.156439e-20    6.2743407e-19              154                0
     0.0066787191    8.2392668e-05     -0.013244184     0.0014566412     0.0013001681     0.0013951416    9.1093825e-31   -1.6021766e-19    -9.156439e-20    6.2743407e-19              488                0
    -0.0025510278    4.5978439e-05     -0.014774765    -0.0012458581     0.0017082175    0.00063761516    9.1093825e-31   -1.6021766e-19    -9.156439e-20    6.2743407e-19               27                0
     0.0026559569    2.2116295e-05      0.012273378    0.00075623905       0.00380706    -0.0012426514    9.1093825e-31   -1.6021766e-19    -9.156439e-20    6.2743407e-19             3795                1
     0.0011651531    1.4908247e-05      0.011314941    -0.0044706725    -0.0090055568   -0.00043319372    9.1093825e-31   -1.6021766e-19    -9.156439e-20    6.2743407e-19             3499                1
     0.0014239395    2.2170457e-06      0.011386665    -0.0061365454     0.0044531254    0.00013910774    9.1093825e-31   -1.6021766e-19    -9.156439e-20    6.2743407e-19             3911                1
    -0.0022396049    2.1525537e-05     0.0029450732     0.0019391734    -0.0041552731     0.0014712939    9.1093825e-31   -1.6021766e-19    -9.156439e-20    6.2743407e-19             3354                1
     0.0015109648    9.6303047e-06      0.011431104     0.0064846314     0.0039729672     -0.001718145    9.1093825e-31   -1.6021766e-19    -9.156439e-20    6.2743407e-19             3852                1
     0.0015032768     1.668092e-05      0.011390663   -0.00016896019     0.0054472857     0.0048597953    9.1093825e-31   -1.6021766e-19    -9.156439e-20    6.2743407e-19             3834                1
    -0.0019379363    1.6404585e-05      0.006446531      0.001735745     0.0079053352     0.0027460558    9.1093825e-31   -1.6021766e-19    -9.156439e-20    6.2743407e-19             3856                1
    -0.0024688784    5.5114459e-05    -0.0020342162   -0.00056892418     0.0093190027     0.0042214654    9.1093825e-31   -1.6021766e-19    -9.156439e-20    6.2743407e-19             3729                1
   -1.5635515e-05     6.049727e-05     0.0039087012   -0.00095121021     0.0081909867   -0.00086488115    9.1093825e-31   -1.6021766e-19    -9.156439e-20    6.2743407e-19             3725                1
    -0.0051046568    4.3349868e-05     0.0089135291     0.0014350057    -0.0024495162   -0.00043731515    9.1093825e-31   -1.6021766e-19    -9.156439e-20    6.2743407e-19              355                0
     0.0075996723    1.3832368e-05     -0.011832998   -0.00080335018    0.00067409227    0.00070921303    9.1093825e-31   -1.6021766e-19    -9.156439e-20    6.2743407e-19              451                0
    -0.0002100712    2.4837183e-05    -0.0028410093     0.0038521222     0.0055759232     -0.003027495    9.1093825e-31   -1.6021766e-19    -9.156439e-20    6.2743407e-19             3616                1
    -0.0064324616    2.0820196e-05    -0.0019475686   -0.00015636178    0.00063916878    0.00093323516    9.1093825e-31   -1.6021766e-19    -9.156439e-20    6.2743407e-19               32                0
     0.0035760251    1.2359451e-05      0.012702506     0.0025912302     0.0081209699    -0.0066086296    9.1093825e-31   -1.6021766e-19    -9.156439e-20    6.2743407e-19             3880                1
     0.0081183994    1.6793836e-05    0.00058348535    -0.0016404463    -9.296606e-05   -0.00062188081    9.1093825e-31   -1.6021766e-19    -9.156439e-20    6.2743407e-19              455                0
    -0.0013931406    2.6375503e-06      0.011148548    0.00072627328     0.0088721709    0.00091144169    9.1093825e-31   -1.6021766e-19    -9.156439e-20    6.2743407e-19             3918                1
    0.00040639343    9.7885044e-05    -0.0038064218     -0.002393157      0.010559995    -0.0034747508    9.1093825e-31   -1.6021766e-19    -9.156439e-20    6.2743407e-19             3583                1
    -0.0028828883    5.2901643e-05     -0.010212534    -0.0027408774     0.0078224931     0.0031275698    9.1093825e-31   -1.6021766e-19    -9.156439e-20    6.2743407e-19             3742                1
     0.0011354892     3.463764e-05     0.0077080089    0.00027592172     0.0073061902   -0.00025766058    9.1093825e-31   -1.6021766e-19    -9.156439e-20    6.2743407e-19             3791                1
    0.00041849687    7.4762334e-05    0.00033861576    -0.0030727556     0.0099275773     0.0035839223    9.1093825e-31   -1.6021766e-19    -9.156439e-20    6.2743407e-19             3700                1
   -0.00071150629    9.1043315e-05    -0.0081108082    2.4148498e-05      0.011021247    -0.0005882816    9.1093825e-31   -1.6021766e-19    -9.156439e-20    6.2743407e-19             3675                1
     0.0014034971    3.3419605e-05     -0.013012531    0.00095309212    0.00015523567    -0.0022184658    9.1093825e-31   -1.6021766e-19    -9.156439e-20    6.2743407e-19             3385                1
     0.0019206866    2.6329969e-06      0.012200292     0.0004592833     -0.011611252     0.0066181934    9.1093825e-31   -1.6021766e-19    -9.156439e-20    6.2743407e-19             3670                1
     0.0014402216    9.5290146e-05    -0.0088782934    -0.0023674048    -0.0019178197     0.0051187696    9.1093825e-31   -1.6021766e-19    -9.156439e-20    6.2743407e-19             3853                1
    -0.0033342103    9.6664502e-05    -0.0099049751    0.00011913791    -0.0067548496    0.00011721642    9.1093825e-31   -1.6021766e-19    -9.156439e-20    6.2743407e-19             3912                1
     0.0011237751    8.7866523e-05    -0.0064988285    -0.0092256675   -0.00055781554    0.00085127231    9.1093825e-31   -1.6021766e-19    -9.156439e-20    6.2743407e-19             3776                1
    -0.0063713524      9.33915e-06     0.0037886663     0.0030495892   -0.00091698836    -0.0015921713    9.1093825e-31   -1.6021766e-19    -9.156439e-20    6.2743407e-19              695                0
     0.0018022011    3.2913922e-05      0.007277275    0.00096608012     0.0066520805     0.0016463898    9.1093825e-31   -1.6021766e-19    -9.156439e-20    6.2743407e-19             3786                1
     0.0048155626    2.9442625e-05    -0.0035238157     0.0017259682     0.0056561925    4.2794971e-05    9.1093825e-31   -1.6021766e-19    -9.156439e-20    6.2743407e-19             3732                1
     0.0067685377    8.9960486e-05    -0.0074624978     0.0022777421     0.0019265681     0.0016496232    9.1093825e-31   -1.6021766e-19    -9.156439e-20    6.2743407e-19                4                0
    -0.0014177578    9.8228913e-05    -0.0080266614    -0.0035628621    -0.0025105975    -0.0030263385    9.1093825e-31   -1.6021766e-19    -9.156439e-20    6.2743407e-19             3902                1
   -0.00025610407    9.6065436e-05    -0.0027694746    0.00025123436    -0.0023823888    -0.0014831196    9.1093825e-31   -1.6021766e-19    -9.156439e-20    6.2743407e-19             3882                1
   -0.00096780516    1.5609221e-05     0.0059509454    0.00011114137     0.0035246417     0.0081538567    9.1093825e-31   -1.6021766e-19    -9.156439e-20    6.2743407e-19             3783                1
    1.5785638e-05    4.8385195e-06      0.013768117    0.00094765262     -0.012925252    0.00048475593    9.1093825e-31   -1.6021766e-19    -9.156439e-20    6.2743407e-19             3706                1
     0.0016549287    2.3824457e-05      0.010364396   -0.00019191716     0.0058066049     0.0014038837    9.1093825e-31   -1.6021766e-19    -9.156439e-20    6.2743407e-19             3815                1
     0.0012501718    2.1865848e-05      0.011450465    3.5058434e-05     0.0052280142   -6.2745727e-05    9.1093825e-31   -1.6021766e-19    -9.156439e-20    6.2743407e-19             3816                1
     0.0015853363    3.4174718e-05      0.002518913   -0.00078554964     0.0071936664     0.0043836455    9.1093825e-31   -1.6021766e-19    -9.156439e-20    6.2743407e-19             3768                1
     0.0015332553    8.6890404e-06      0.011402813     0.0061554797     -0.010477836     0.0025791442    9.1093825e-31   -1.6021766e-19    -9.156439e-20    6.2743407e-19             3630                1
     0.0060279947    2.3898239e-05     0.0048886379    -0.0010674447    -0.0011192876    0.00066373358    9.1093825e-31   -1.6021766e-19    -9.156439e-20    6.2743407e-19              751                0
   -4.9205712e-05    5.8171754e-05     0.0039006281    -0.0048046396     0.0079265833    -0.0017918235    9.1093825e-31   -1.6021766e-19    -9.156439e-20    6.2743407e-19             3726                1
     0.0035742465    3.0159139e-05     0.0092301788     0.0058527496     -0.006987079     0.0052131885    9.1093825e-31   -1.6021766e-19    -9.156439e-20    6.2743407e-19             3482                1
     0.0011626882    7.7722631e-05    -0.0065059857    -0.0024486978    -0.0023262338   -0.00039716036    9.1093825e-31   -1.6021766e-19    -9.156439e-20    6.2743407e-19             3775                1
    -0.0074817664    5.6629327e-05    -0.0072953929    -0.0011908486     0.0009811339     -0.002671951    9.1093825e-31   -1.6021766e-19    -9.156439e-20    6.2743407e-19              532                0
   -0.00096046319    1.2764904e-05     0.0059808842   -0.00060419034     0.0043821046     0.0056144581    9.1093825e-31   -1.6021766e-19    -9.156439e-20    6.2743407e-19             3822                1
     0.0013116798    5.4173433e-05     0.0025639378   -0.00049546966      0.008455663     0.0024799358    9.1093825e-31   -1.6021766e-19    -9.156439e-20    6.2743407e-19             3733                1
    -0.0015908015    7.0661394e-05     -0.012442713     0.0026117212    -0.0027895884   -0.00089802471    9.1093825e-31   -1.6021766e-19    -9.156439e-20    6.2743407e-19             3716                1
     0.0014370995    7.9928213e-06      0.011433978     0.0043644989    -0.0092989448     0.0013029117    9.1093825e-31   -1.6021766e-19    -9.156439e-20    6.2743407e-19             3491                1
    0.00035186778    5.0052113e-05      0.000223262    -0.0074703484     0.0085076345     0.0016784889    9.1093825e-31   -1.6021766e-19    -9.156439e-20    6.2743407e-19             3728                1
     0.0022423679    9.0063833e-05    -0.0091363667    -0.0014914986     -0.008341427    0.00063609902    9.1093825e-31   -1.6021766e-19    -9.156439e-20    6.2743407e-19             3886                1
     0.0013460693    1.9434812e-05       0.01128377     0.0056340541    -0.0091206832   -0.00070971216    9.1093825e-31   -1.6021766e-19    -9.156439e-20    6.2743407e-19             3549                1
      0.001396606    2.9090505e-05      0.011491181    0.00024840372     0.0081495689    0.00012977875    9.1093825e-31   -1.6021766e-19    -9.156439e-20    6.2743407e-19             3821                1
     0.0047141979    6.0882016e-05    -0.0032220825    -0.0015392111     0.0032981476     0.0034803657    9.1093825e-31   -1.6021766e-19    -9.156439e-20    6.2743407e-19             2961                1
    -0.0012112729    5.0792325e-05     0.0061197141     0.0034601511     0.0082966601     0.0055685202    9.1093825e-31   -1.6021766e-19    -9.156439e-20    6.2743407e-19             3754                1
     0.0016687508     9.255652e-06      0.010351324     0.0033890633      0.002035381     -0.001980969    9.1093825e-31   -1.6021766e-19    -9.156439e-20    6.2743407e-19             3814                1
    -0.0012501396    9.0968497e-05     -0.012500859      -0.00525105    -0.0035230848       0.00207244    9.1093825e-31   -1.6021766e-19    -9.156439e-20    6.2743407e-19             3833                1
    -0.0040359613    8.6841006e-05    -0.0096864793      0.002485788     0.0086248908    0.00035409725    9.1093825e-31   -1.6021766e-19    -9.156439e-20    6.2743407e-19             3588                1
    -0.0082812402     7.986596e-05      0.014736717    5.4488832e-05   -0.00025322457     0.0012155634    9.1093825e-31   -1.6021766e-19    -9.156439e-20    6.2743407e-19              719                0
    -0.0091177709    1.3941699e-05     0.0025044112   -0.00067014882   -0.00050169026     0.0014007059    9.1093825e-31   -1.6021766e-19    -9.156439e-20    6.2743407e-19              874                0
    -0.0014699057    7.6391923e-05     -0.008481632       -0.0027615    -0.0041031595     0.0010373127    9.1093825e-31   -1.6021766e-19    -9.156439e-20    6.2743407e-19             3790                1
    -0.0016146862    7.6812954e-05     -0.012428062    1.7122145e-05    -0.0021182646    0.00069332065    9.1093825e-31   -1.6021766e-19    -9.156439e-20    6.2743407e-19             3717                1
    -0.0041288254    5.5330504e-05     0.0059623918     0.0015454588    -0.0020070754   -0.00078305241    9.1093825e-31   -1.6021766e-19    -9.156439e-20    6.2743407e-19              628                0
      0.001250595    3.2492553e-05      0.011453677    0.00014703411     0.0080529191    0.00079006824    9.1093825e-31   -1.6021766e-19    -9.156439e-20    6.2743407e-19             3817                1
     0.0033675618    3.9886127e-05      0.012678145   -0.00023140085     -0.007702813    2.6103118e-05    9.1093825e-31   -1.6021766e-19    -9.156439e-20    6.2743407e-19             3597                1
   -0.00091431988    4.4347698e-06     0.0060890676    0.00049097533    -0.0071977889     0.0032805535    9.1093825e-31   -1.6021766e-19    -9.156439e-20    6.2743407e-19             3433                1
    -0.0025705756     6.418422e-05     -0.002078071    -0.0031620779     0.0078862486    0.00060190127    9.1093825e-31   -1.6021766e-19    -9.156439e-20    6.2743407e-19             3608                1
     0.0072390893    7.1874747e-05     0.0061045252   -0.00059551996   -0.00099063769     0.0019553558    9.1093825e-31   -1.6021766e-19    -9.156439e-20    6.2743407e-19              828                0
    0.00079280551    5.3423275e-05     0.0010312101     0.0026452707     0.0073720529     -0.001544096    9.1093825e-31   -1.6021766e-19    -9.156439e-20    6.2743407e-19             3691                1
   -0.00073549768    9.7080439e-05    -0.0084117176   -0.00039952414    -0.0058794892    -0.0051789675    9.1093825e-31   -1.6021766e-19    -9.156439e-20    6.2743407e-19             3910                1
     0.0019264534    1.3658069e-05      0.010529881    0.00041809719    -0.0096447337    0.00042957856    9.1093825e-31   -1.6021766e-19    -9.156439e-20    6.2743407e-19             3623                1
     0.0053883251    3.1079157e-06     0.0063989991     0.0011430882    -0.0020562701   -0.00040089778    9.1093825e-31   -1.6021766e-19    -9.156439e-20    6.2743407e-19              580                0
      0.001509482    4.7464673e-05    -0.0089028683     0.0021121509     0.0068058795    -0.0015074962    9.1093825e-31   -1.6021766e-19    -9.156439e-20    6.2743407e-19             3551                1
     0.0082004899    8.3112594e-05     -0.012499326     -0.002212656      0.001034743     0.0022225797    9.1093825e-31   -1.6021766e-19    -9.156439e-20    6.2743407e-19              586                0
   -0.00053658144    2.3028939e-05     0.0094924122    -0.0042300331    -0.0087482352   -0.00083100138    9.1093825e-31   -1.6021766e-19    -9.156439e-20    6.2743407e-19             3632                1
    -0.0049695466     6.348476e-05    -0.0052717389     0.0010005316     0.0021222408   -0.00094564894    9.1093825e-31   -1.6021766e-19    -9.156439e-20    6.2743407e-19              660                0
    -0.0021300872    4.9166338e-05     0.0063623064    0.00095365604     -0.004863739   -0.00029214568    9.1093825e-31   -1.6021766e-19    -9.156439e-20    6.2743407e-19             3394                1
    -0.0077209133    2.5339537e-05      0.011112424    0.00059852458    -0.0011349861     0.0015235672    9.1093825e-31   -1.6021766e-19    -9.156439e-20    6.2743407e-19              652                0
    -0.0014161137    7.9917518e-05    -0.0084191374    -0.0037764856    -0.0035863598    -0.0017877523    9.1093825e-31   -1.6021766e-19    -9.156439e-20    6.2743407e-19             3793                1
     0.0015950983    7.1002796e-05    -0.0051489267    0.00018222889     0.0099687139     2.144413e-05    9.1093825e-31   -1.6021766e-19    -9.156439e-20    6.2743407e-19             3688                1
     0.0018694192    3.1654708e-05      0.012232943     0.0010166953    -0.0077915457      0.001182384    9.1093825e-31   -1.6021766e-19    -9.156439e-20    6.2743407e-19             3472                1
     0.0013119914    5.1261464e-05     0.0023600529     -0.007530591     0.0099237859    -0.0030097337    9.1093825e-31   -1.6021766e-19    -9.156439e-20    6.2743407e-19             3762                1
   -0.00013257776    6.3823463e-05     0.0034170053    -0.0013809083     0.0087069329     0.0025962689    9.1093825e-31   -1.6021766e-19    -9.156439e-20    6.2743407e-19             3722                1
   -0.00087421521    3.0728344e-05    -0.0084988764    -0.0033860398    -0.0054388065   -0.00049417646    9.1093825e-31   -1.6021766e-19    -9.156439e-20    6.2743407e-19             3719                1
    -0.0002830975    6.7600973e-05    -0.0028585205    -0.0034062963     0.0098169306    -0.0018610579    9.1093825e-31   -1.6021766e-19    -9.156439e-20    6.2743407e-19             3694                1
     0.0028282455    1.0526255e-05    -0.0056387587    -0.0016904834     0.0023971561    1.3437764e-05    9.1093825e-31   -1.6021766e-19    -9.156439e-20    6.2743407e-19              860                0
     -0.000932589    5.0963288e-05     0.0056245094    -0.0031144363     0.0097841127     0.0036461647    9.1093825e-31   -1.6021766e-19    -9.156439e-20    6.2743407e-19             3778                1
    -0.0033282572    2.9864881e-05     -0.012639844   -0.00090047717     0.0022840896    -0.0015400777    9.1093825e-31   -1.6021766e-19    -9.156439e-20    6.2743407e-19              900                0
    -0.0064421669    2.8653654e-05    -0.0088940207     0.0008864894     0.0017236086     -0.001327291    9.1093825e-31   -1.6021766e-19    -9.156439e-20    6.2743407e-19              132                0
     0.0011331412    6.3573279e-05    -0.0096278219      0.002288966    -0.0050402647      0.004614457    9.1093825e-31   -1.6021766e-19    -9.156439e-20    6.2743407e-19             3763                1
      -0.00184463     7.319072e-05     0.0018421226     0.0026597707      0.010308422   -0.00028247992    9.1093825e-31   -1.6021766e-19    -9.156439e-20    6.2743407e-19             3723                1
    -0.0025105968    9.4744268e-05    0.00077077147     0.0010228505    -0.0019776546     0.0076491246    9.1093825e-31   -1.6021766e-19    -9.156439e-20    6.2743407e-19             3863                1
     0.0078081526    5.4283511e-05     -0.013145137     0.0024000306    0.00085759524    -0.0017000912    9.1093825e-31   -1.6021766e-19    -9.156439e-20    6.2743407e-19              311                0
     0.0024880392    8.1260143e-05   -7.7296581e-06    0.00096510776    0.00013978369    0.00075632951    9.1093825e-31   -1.6021766e-19    -9.156439e-20    6.2743407e-19             3730                1
     0.0012085632    2.7228412e-05         0.013554     0.0059638033    -0.0098529309     0.0019543888    9.1093825e-31   -1.6021766e-19    -9.156439e-20    6.2743407e-19             3666                1
     0.0017617019    7.6006972e-06      0.010454964    -0.0044841901     0.0018061933   -0.00085686683    9.1093825e-31   -1.6021766e-19    -9.156439e-20    6.2743407e-19             3819                1
     0.0010851626    7.7624318e-05    -0.0068673179    -0.0014217797      0.009222663     0.0025723339    9.1093825e-31   -1.6021766e-19    -9.156439e-20    6.2743407e-19             3560                1
    -0.0072149774    2.4513911e-05    -0.0014433807     0.0023312967    -0.0010070588   -0.00055462343    9.1093825e-31   -1.6021766e-19    -9.156439e-20    6.2743407e-19             2944                1
     0.0014409156    8.8727698e-05    -0.0088950582    -0.0020629803    -0.0048006806    -0.0022447414    9.1093825e-31   -1.6021766e-19    -9.156439e-20    6.2743407e-19             3854                1
    -0.0018821961    4.0635317e-05     0.0018551901    9.9619261e-05     0.0081193624    -0.0044963704    9.1093825e-31   -1.6021766e-19    -9.156439e-20    6.2743407e-19             3760                1
     0.0018072559    7.3996271e-05      0.012306821    -0.0020628674   -0.00049623556     0.0015993887    9.1093825e-31   -1.6021766e-19    -9.156439e-20    6.2743407e-19             3432                1
     0.0014509847    8.0508151e-05     -0.013031177    0.00045068332    -0.0079996688     0.0044161985    9.1093825e-31   -1.6021766e-19    -9.156439e-20    6.2743407e-19             3840                1
      0.007887098    5.4250602e-05     0.0085554095   -0.00029296233   -0.00088022737     0.0012623323    9.1093825e-31   -1.6021766e-19    -9.156439e-20    6.2743407e-19              254                0
     0.0058329268     4.256075e-05     0.0043765036   -0.00058928668    -0.0012286331   -0.00088098628    9.1093825e-31   -1.6021766e-19    -9.156439e-20    6.2743407e-19              270                0
    1.6294325e-05    3.6120815e-05    -0.0013779353   -0.00024454395     0.0067231399     0.0001354063    9.1093825e-31   -1.6021766e-19    -9.156439e-20    6.2743407e-19             3702                1
     0.0020785891    4.0961764e-05      0.014667002     0.0001151248      -0.01000552   -0.00011458293    9.1093825e-31   -1.6021766e-19    -9.156439e-20    6.2743407e-19             3737                1
    -0.0015020675    9.9078607e-05    -0.0066213659     0.0012679735    -0.0030729617    -0.0028485251    9.1093825e-31   -1.6021766e-19    -9.156439e-20    6.2743407e-19             3919                1
    -0.0011678385    7.3154653e-05    -0.0086434418      0.010352005     0.0081786197    -0.0042129345    9.1093825e-31   -1.6021766e-19    -9.156439e-20    6.2743407e-19             3485                1
   -0.00057924859    3.0468502e-05     0.0068048844     0.0058000064     0.0018842045    -0.0045006252    9.1093825e-31   -1.6021766e-19    -9.156439e-20    6.2743407e-19             3683                1
    0.00039047305    9.5589145e-05    -0.0037029691    -0.0036463449     -0.001461894   -0.00068153301    9.1093825e-31   -1.6021766e-19    -9.156439e-20    6.2743407e-19             3858                1
    -0.0016904098     9.895971e-05     -0.012497957     0.0053446041    -0.0052744374     0.0053182836    9.1093825e-31   -1.6021766e-19    -9.156439e-20    6.2743407e-19             3922                1
   -5.7640056e-05    3.2165073e-05     0.0039123134     0.0016562747     0.0071634036    -0.0035625249    9.1093825e-31   -1.6021766e-19    -9.156439e-20    6.2743407e-19             3782                1
    -0.0010582351    2.0313999e-05     0.0059426953    -0.0029155428    -0.0063276892     0.0014002356    9.1093825e-31   -1.6021766e-19    -9.156439e-20    6.2743407e-19             3422                1
    -0.0015924141     9.173491e-05     -0.012445863    0.00079379528    -0.0058004404      0.002277615    9.1093825e-31   -1.6021766e-19    -9.156439e-20    6.2743407e-19             3878                1
    -0.0012740685     8.719691e-05     -0.008545571   -2.8397517e-05    -0.0047286679    -3.741635e-05    9.1093825e-31   -1.6021766e-19    -9.156439e-20    6.2743407e-19             3841                1
   -8.9024223e-05    2.1045298e-05     0.0034810698    -0.0003926534     0.0050650989   -0.00051939004    9.1093825e-31   -1.6021766e-19    -9.156439e-20    6.2743407e-19             3773                1
    -0.0093899453    9.5882628e-05    -0.0066136839    0.00039045635    0.00038754437    0.00041481314    9.1093825e-31   -1.6021766e-19    -9.156439e-20    6.2743407e-19              192                0
    -0.0031530801    7.7975863e-05     -0.001759375   -0.00012294516     0.0039197314    0.00030984261    9.1093825e-31   -1.6021766e-19    -9.156439e-20    6.2743407e-19             3282                1
    -0.0031849786    6.4365304e-05      -0.01028009    0.00092137611    -0.0059321872    0.00073841691    9.1093825e-31   -1.6021766e-19    -9.156439e-20    6.2743407e-19             3780                1
     0.0014523439    8.3614024e-05     -0.013163636       0.00525328    -0.0056758388   -0.00080710673    9.1093825e-31   -1.6021766e-19    -9.156439e-20    6.2743407e-19             3824                1
      0.003604244    4.4900521e-06     0.0035248538     0.0012186971     -0.001396942     0.0021970682    9.1093825e-31   -1.6021766e-19    -9.156439e-20    6.2743407e-19              991                0
     0.0018401262     7.578409e-05    -0.0020174405     0.0054103439      0.010646098   -0.00029194064    9.1093825e-31   -1.6021766e-19    -9.156439e-20    6.2743407e-19             3704                1
    -0.0090876007    1.1901172e-05    -0.0019992327     0.0011688417    3.0894451e-05   -0.00095281412    9.1093825e-31   -1.6021766e-19    -9.156439e-20    6.2743407e-19              212                0
     0.0084535191     1.945958e-06      0.001503986    0.00023814467   -0.00023307464   -0.00083007885    9.1093825e-31   -1.6021766e-19    -9.156439e-20    6.2743407e-19              525                0
     0.0093410872    8.2403694e-06    -0.0092926882     0.0011465905    0.00034106022    -0.0014043715    9.1093825e-31   -1.6021766e-19    -9.156439e-20    6.2743407e-19              690                0
    -0.0016651611    6.1568985e-06      0.010491061     4.836982e-05    -0.0093022464   -1.4609426e-05    9.1093825e-31   -1.6021766e-19    -9.156439e-20    6.2743407e-19             3507                1
    -0.0033582691    8.6093867e-05    -0.0098640909     0.0046407757     0.0087382868    5.3034896e-06    9.1093825e-31   -1.6021766e-19    -9.156439e-20    6.2743407e-19             3593                1
    -0.0086435908    2.6820768e-05    -0.0011352124    0.00089968793   -0.00018256059    0.00099258381    9.1093825e-31   -1.6021766e-19    -9.156439e-20    6.2743407e-19              750                0
     0.0013896066    3.1656664e-06      0.011551313     0.0021787749     -0.010025714     0.0047547906    9.1093825e-31   -1.6021766e-19    -9.156439e-20    6.2743407e-19             3538                1
     0.0022356093    9.4375733e-05    -0.0091440864    -0.0071805525    -0.0047114198    -0.0058625722    9.1093825e-31   -1.6021766e-19    -9.156439e-20    6.2743407e-19             3887                1
    -0.0004401427    2.9148056e-05     0.0002473135    -0.0025449398      0.005378901    -0.0028178368    9.1093825e-31   -1.6021766e-19    -9.156439e-20    6.2743407e-19             3687                1
     0.0014681212    8.2337334e-05      -0.01304216    1.4296943e-06    -0.0075545898   -0.00035824673    9.1093825e-31   -1.6021766e-19    -9.156439e-20    6.2743407e-19             3843                1
    -0.0057511167    4.6307272e-05      0.005916459    -0.0011542428    -0.0013806531     0.0010288021    9.1093825e-31   -1.6021766e-19    -9.156439e-20    6.2743407e-19              220                0
    0.00018956201    5.8596368e-05    -0.0010411097    0.00056579075     0.0079169618    0.00017308147    9.1093825e-31   -1.6021766e-19    -9.156439e-20    6.2743407e-19             3651                1
     0.0061443434    5.2104664e-05    -0.0085349223    -0.0027008355     0.0020175371   -0.00053847872    9.1093825e-31   -1.6021766e-19    -9.156439e-20    6.2743407e-19              931                0
    -0.0030979796    5.9638471e-05    -0.0019103297    -0.0006480806     0.0081089493    -0.0014048206    9.1093825e-31   -1.6021766e-19    -9.156439e-20    6.2743407e-19             3667                1
     -0.002641195    6.9148642e-05     0.0069156578     -0.000463815      0.010963367   -0.00040208109    9.1093825e-31   -1.6021766e-19    -9.156439e-20    6.2743407e-19             3758                1
     0.0014088328     2.432851e-05    -0.0033534397   -0.00037636425     0.0057117552     0.0010521418    9.1093825e-31   -1.6021766e-19    -9.156439e-20    6.2743407e-19             3678                1
     0.0035779146    9.9168992e-06      0.012709659     0.0038638408     0.0064765178     -0.001791937    9.1093825e-31   -1.6021766e-19    -9.156439e-20    6.2743407e-19             3879                1
   -0.00068735052    8.6609223e-05    -0.0078852288    8.2009072e-05      0.011150828   -0.00042003064    9.1093825e-31   -1.6021766e-19    -9.156439e-20    6.2743407e-19             3696                1
     0.0058378545     1.624717e-05    -0.0031629461    -0.0010808449     0.0012660054    -0.0022770478    9.1093825e-31   -1.6021766e-19    -9.156439e-20    6.2743407e-19              256                0
   -0.00019486119    4.6845707e-06      0.013774999     0.0015256524     0.0077812276   -0.00075163791    9.1093825e-31   -1.6021766e-19    -9.156439e-20    6.2743407e-19             3906                1
    0.00031492545     3.238086e-05      0.012320643     0.0030628657    -0.0085601825     0.0028228303    9.1093825e-31   -1.6021766e-19    -9.156439e-20    6.2743407e-19             3553                1
    0.00043838375    9.9948484e-05    -0.0086934073    -0.0027578487      0.010799768     0.0055119195    9.1093825e-31   -1.6021766e-19    -9.156439e-20    6.2743407e-19             3609                1
     0.0036013615    8.9835949e-06     0.0091030849     0.0073344423    -0.0081079034    -0.0017240972    9.1093825e-31   -1.6021766e-19    -9.156439e-20    6.2743407e-19             3483                1
    -0.0093565956    8.4509527e-05     0.0020558992    -0.0022437288    0.00033844146    -0.0018362826    9.1093825e-31   -1.6021766e-19    -9.156439e-20    6.2743407e-19              978                0
    -0.0016019255    9.2679635e-05     -0.012359087    -0.0011769847   -0.00073365553     0.0021520329    9.1093825e-31   -1.6021766e-19    -9.156439e-20    6.2743407e-19             3735                1
     0.0093935737    1.9506937e-05    0.00090006622     0.0014198737   -0.00032255994   -0.00017850869    9.1093825e-31   -1.6021766e-19    -9.156439e-20    6.2743407e-19              637                0
     0.0032087653    2.9628189e-05      0.013996695    -0.0013453645     -0.011126718     0.0011798185    9.1093825e-31   -1.6021766e-19    -9.156439e-20    6.2743407e-19             3738                1
    -0.0015026532    9.8934353e-05    -0.0066206921   -0.00070403924     -0.003558706   -0.00057984405    9.1093825e-31   -1.6021766e-19    -9.156439e-20    6.2743407e-19             3920                1
     0.0046622413    7.5440395e-05     0.0022535245   -0.00067375705   -0.00037851991     0.0011518947    9.1093825e-31   -1.6021766e-19    -9.156439e-20    6.2743407e-19              229                0
     0.0010799476     8.653658e-05    -0.0065619797   -0.00018818537    -0.0042779869     0.0015537743    9.1093825e-31   -1.6021766e-19    -9.156439e-20    6.2743407e-19             3836                1
    -0.0084958076    3.0125992e-05    -0.0014922163     0.0007982676   -9.7529199e-05   -0.00040312641    9.1093825e-31   -1.6021766e-19    -9.156439e-20    6.2743407e-19              894                0
     0.0075702253    8.8128239e-05     0.0055126627   -0.00099666999   -0.00064060331     0.0030264764    9.1093825e-31   -1.6021766e-19    -9.156439e-20    6.2743407e-19              219                0
     0.0080392677    2.3519546e-05    -0.0029566903     0.0016744682    0.00012560621     0.0023100192    9.1093825e-31   -1.6021766e-19    -9.156439e-20    6.2743407e-19              309                0
    -0.0089618694    6.4977976e-05      0.011170501   -0.00023716799   -0.00025766797   -0.00060470495    9.1093825e-31   -1.6021766e-19    -9.156439e-20    6.2743407e-19              329                0
    -0.0017076236    4.9942118e-05      0.010484558    -0.0023742688    -0.0067954953   -0.00039277619    9.1093825e-31   -1.6021766e-19    -9.156439e-20    6.2743407e-19             3508                1
     0.0089650778    5.9754479e-05     0.0080775032    -0.0010041693   -0.00034802931     0.0016580789    9.1093825e-31   -1.6021766e-19    -9.156439e-20    6.2743407e-19              369                0
    -0.0012046149     2.187417e-05     0.0066523808   -0.00079710997     0.0012708878    9.2842107e-05    9.1093825e-31   -1.6021766e-19    -9.156439e-20    6.2743407e-19             3684                1
    -0.0016507343     7.817876e-05     -0.012448104    -0.0050375848     0.0068203621    -0.0033841834    9.1093825e-31   -1.6021766e-19    -9.156439e-20    6.2743407e-19             3439                1
     -0.001391403    1.7722257e-05      0.011159531     0.0002122435     -0.010143627    0.00077393156    9.1093825e-31   -1.6021766e-19    -9.156439e-20    6.2743407e-19             3676                1
    -0.0001949135    2.5181967e-06       0.01377876     0.0014375448     0.0041343914     0.0055788155    9.1093825e-31   -1.6021766e-19    -9.156439e-20    6.2743407e-19             3907                1
   -0.00040601721    9.6587806e-05    -0.0083091473    0.00022160317       0.01092991    -0.0022209056    9.1093825e-31   -1.6021766e-19    -9.156439e-20    6.2743407e-19             3633                1
     0.0017585848    4.6642701e-05      0.012048874     -0.003346236    -0.0072073359     -0.002297841    9.1093825e-31   -1.6021766e-19    -9.156439e-20    6.2743407e-19             3512                1
    -0.0041936496    8.7879533e-05    -0.0096899169     -0.008277297     0.0086478209    0.00011948253    9.1093825e-31   -1.6021766e-19    -9.156439e-20    6.2743407e-19             3589                1
     0.0072030202    6.0750841e-05    0.00080128951    -0.0015153417    0.00030854307    -0.0008520321    9.1093825e-31   -1.6021766e-19    -9.156439e-20    6.2743407e-19              476                0
    -0.0048141764    6.3614396e-05     -0.012882573     0.0013047964     0.0021875266     -0.001644489    9.1093825e-31   -1.6021766e-19    -9.156439e-20    6.2743407e-19              549                0
   -0.00080702233    8.4380736e-05       0.01024559     0.0026135561    -0.0033812271    0.00071955024    9.1093825e-31   -1.6021766e-19    -9.156439e-20    6.2743407e-19              569                0
    -0.0016131055    6.7942419e-05     -0.012386728    -0.0025525354     -0.003789732    -0.0012532112    9.1093825e-31   -1.6021766e-19    -9.156439e-20    6.2743407e-19             3734                1
     0.0015516926    8.0297168e-06     0.0072656311   -0.00066406617    -0.0073425295    -0.0031929109    9.1093825e-31   -1.6021766e-19    -9.156439e-20    6.2743407e-19             3416                1
    -0.0014151124    9.6360272e-05    -0.0080203991    0.00025461792    -0.0052071735     0.0060099456    9.1093825e-31   -1.6021766e-19    -9.156439e-20    6.2743407e-19             3903                1
     -0.001642699    1.7780517e-06      0.010602434    -0.0019257427     0.0044862595    -0.0005030118    9.1093825e-31   -1.6021766e-19    -9.156439e-20    6.2743407e-19             3913                1
    -0.0077203535    4.2704429e-05     0.0039470233     0.0011594776   -0.00055210391    0.00098681124    9.1093825e-31   -1.6021766e-19    -9.156439e-20    6.2743407e-19              934                0
   -0.00086142361    8.9623732e-05    -0.0083686784    -0.0012506096      0.010888398    -0.0020109529    9.1093825e-31   -1.6021766e-19    -9.156439e-20    6.2743407e-19             3680                1
     0.0014678418    9.1099486e-05    -0.0088875638    -0.0017320537    -0.0035835798     0.0042064595    9.1093825e-31   -1.6021766e-19    -9.156439e-20    6.2743407e-19             3849                1
      0.001236802    9.0592279e-05    -0.0065498864     0.0074013313      0.010280061    -0.0004979262    9.1093825e-31   -1.6021766e-19    -9.156439e-20    6.2743407e-19             3590                1
      0.001675465    5.0981042e-05     -0.012826599   -0.00024325764     0.0046234764     0.0001716015    9.1093825e-31   -1.6021766e-19    -9.156439e-20    6.2743407e-19             3329                1
     -0.001413157    5.9102193e-05       0.01113171    -0.0016187094     0.0069412612     0.0030932755    9.1093825e-31   -1.6021766e-19    -9.156439e-20    6.2743407e-19             3749                1
     0.0014844572    9.4416195e-05    -0.0086701922    -0.0020683648    -0.0030188207    0.00028035018    9.1093825e-31   -1.6021766e-19    -9.156439e-20    6.2743407e-19             3871                1
     0.0054559605     1.344683e-05     0.0022430997    0.00061077368   -0.00068058335     0.0025723206    9.1093825e-31   -1.6021766e-19    -9.156439e-20    6.2743407e-19               20                0
    0.00058067968    7.9820529e-05    0.00022630888   -0.00068991788       0.01044956    -0.0010664252    9.1093825e-31   -1.6021766e-19    -9.156439e-20    6.2743407e-19             3698                1
   -0.00093631062    9.2341259e-05     -0.008375044     0.0047322134    -0.0021267612    -0.0021028973    9.1093825e-31   -1.6021766e-19    -9.156439e-20    6.2743407e-19             3829                1
    -0.0012431663    4.7442347e-05     0.0060793306    -0.0014213494     0.0077973935   -0.00061248313    9.1093825e-31   -1.6021766e-19    -9.156439e-20    6.2743407e-19             3755                1
     0.0015630776    7.9101461e-05    -0.0052179107   -0.00020430789     0.0094124721   -0.00028948195    9.1093825e-31   -1.6021766e-19    -9.156439e-20    6.2743407e-19             3585                1
     0.0011047757    5.5700999e-05     -0.009474148   -4.6637888e-05     0.0069961613    -0.0018451908    9.1093825e-31   -1.6021766e-19    -9.156439e-20    6.2743407e-19             3474                1
     0.0048817191    9.7583455e-05    -0.0032558022    0.00089699938     0.0044003739     0.0028436838    9.1093825e-31   -1.6021766e-19    -9.156439e-20    6.2743407e-19             3169                1
     0.0034129473    9.1842912e-06    -0.0076150387    0.00011856417     0.0012069589   -0.00027393218    9.1093825e-31   -1.6021766e-19    -9.156439e-20    6.2743407e-19             2921                1
     0.0059830481    7.0031187e-05      0.012081161   -0.00064017414    -0.0018675881     0.0020729227    9.1093825e-31   -1.6021766e-19    -9.156439e-20    6.2743407e-19              280                0
    0.00012214207    3.2477608e-05    -0.0011528663    -0.0012379343     0.0055944719   -0.00021646144    9.1093825e-31   -1.6021766e-19    -9.156439e-20    6.2743407e-19             3621                1
      0.001365936    9.9746743e-05    -0.0088610929    -0.0024554769      0.010168696    -0.0029972596    9.1093825e-31   -1.6021766e-19    -9.156439e-20    6.2743407e-19             3547                1
     0.0011881702    9.6831209e-05    -0.0093142651    0.00038617587    -0.0012291297   -0.00071932416    9.1093825e-31   -1.6021766e-19    -9.156439e-20    6.2743407e-19             3850                1
     0.0011299037     4.282179e-05     0.0058204457     0.0031467404     0.0071916049     0.0056911386    9.1093825e-31   -1.6021766e-19    -9.156439e-20    6.2743407e-19             3756                1
     0.0028827025    6.4749394e-05     0.0099185789    0.00039423414    -0.0029047402   -0.00023420017    9.1093825e-31   -1.6021766e-19    -9.156439e-20    6.2743407e-19              177                0
     0.0015962586    1.4524188e-05     0.0024997229     0.0058613112      0.007133285    -0.0017710358    9.1093825e-31   -1.6021766e-19    -9.156439e-20    6.2743407e-19             3855                1
     0.0020549584    1.1855785e-05      0.010625419     0.0015510864    -0.0090654427   -0.00068296364    9.1093825e-31   -1.6021766e-19    -9.156439e-20    6.2743407e-19             3524                1
    -0.0032032116    7.9106932e-05     -0.010282783    -0.0023116493    -0.0033227592    0.00026207199    9.1093825e-31   -1.6021766e-19    -9.156439e-20    6.2743407e-19             3779                1
     -0.008258489    1.5318808e-05     0.0034054306    0.00095666316    -0.0006188702    -0.0031898757    9.1093825e-31   -1.6021766e-19    -9.156439e-20    6.2743407e-19              184                0
     -0.001957987    6.7721186e-05     0.0039777979    -0.0014196438    -0.0015020006    9.2153605e-05    9.1093825e-31   -1.6021766e-19    -9.156439e-20    6.2743407e-19              699                0
   -0.00047505848    7.3016512e-05    -0.0082258312     0.0045716646    -0.0058329385      1.69089e-05    9.1093825e-31   -1.6021766e-19    -9.156439e-20    6.2743407e-19             3803                1
    -0.0012543499     3.230252e-05     0.0065899026     0.0040868525     0.0032831279    0.00099669059    9.1093825e-31   -1.6021766e-19    -9.156439e-20    6.2743407e-19             3711                1
    -0.0085933832    2.9431276e-05     0.0020936728    0.00042550109   -0.00027195775   -0.00017252534    9.1093825e-31   -1.6021766e-19    -9.156439e-20    6.2743407e-19              264                0
     0.0051088906    2.1206399e-05    0.00019268879    0.00026691856   -1.2034567e-05    -0.0012760388    9.1093825e-31   -1.6021766e-19    -9.156439e-20    6.2743407e-19              284                0
    -0.0017929417    6.7845671e-05      0.010574263     0.0034429627    -0.0061669471    1.3013388e-05    9.1093825e-31   -1.6021766e-19    -9.156439e-20    6.2743407e-19             3764                1
    -0.0006613044    9.7393917e-05    -0.0079768766     0.0025607923    -0.0032327471    0.00020367155    9.1093825e-31   -1.6021766e-19    -9.156439e-20    6.2743407e-19             3900                1
     0.0040157204    5.3481657e-05    -0.0067895064    -0.0033596172    0.00068031193    0.00024843944    9.1093825e-31   -1.6021766e-19    -9.156439e-20    6.2743407e-19             3523                1
   -0.00079472881    2.3288112e-05    -0.0028701557    -0.0075527187   -0.00091775769   -4.3175067e-05    9.1093825e-31   -1.6021766e-19    -9.156439e-20    6.2743407e-19             3498                1
   -0.00099511014    5.9105259e-06    -0.0020908641   -8.3399638e-05     0.0013660474    0.00018962679    9.1093825e-31   -1.6021766e-19    -9.156439e-20    6.2743407e-19              384                0
   -0.00092749088     6.423481e-05    -0.0084421253   -0.00013237195     0.0078623109    0.00034903773    9.1093825e-31   -1.6021766e-19    -9.156439e-20    6.2743407e-19             3514                1
    -0.0033318568    2.0379493e-05     0.0062303324   -0.00099737477     0.0041616093     -0.004566818    9.1093825e-31   -1.6021766e-19    -9.156439e-20    6.2743407e-19             3781                1
    -0.0092198867    4.9711398e-05   -0.00039756778    1.0993846e-05   -3.8304064e-05    0.00067071198    9.1093825e-31   -1.6021766e-19    -9.156439e-20    6.2743407e-19              444                0
    -0.0059212227    1.1671439e-05    -0.0020436447     0.0001783952    0.00092526397    -0.0010530457    9.1093825e-31   -1.6021766e-19    -9.156439e-20    6.2743407e-19              464                0
      -0.00372585    2.2159795e-05      0.011684668    0.00029094351    -0.0011862395   -0.00042190388    9.1093825e-31   -1.6021766e-19    -9.156439e-20    6.2743407e-19             3644                1
     0.0056613428    9.0271475e-05     0.0094011743     0.0016109223    -0.0014763306     0.0017083185    9.1093825e-31   -1.6021766e-19    -9.156439e-20    6.2743407e-19             1322                1
      0.002664574    5.4900142e-05      0.012190782    -0.0013225883    -0.0063269944    -0.0016117898    9.1093825e-31   -1.6021766e-19    -9.156439e-20    6.2743407e-19             3466                1
     0.0011299261    4.4318203e-05     0.0077106557   -0.00087140605     0.0093011465    0.00028818368    9.1093825e-31   -1.6021766e-19    -9.156439e-20    6.2743407e-19             3792                1
     0.0083790151    5.5077209e-05     -0.003800363   -0.00064491772    0.00070789002    0.00088344782    9.1093825e-31   -1.6021766e-19    -9.156439e-20    6.2743407e-19              564                0
      0.001110632    6.1007868e-05    -0.0064166733     -0.002136308     0.0084295385     0.0040791561    9.1093825e-31   -1.6021766e-19    -9.156439e-20    6.2743407e-19             3614                1
     0.0031922199    1.4067406e-05      0.014013428     0.0027015575      -0.01034139    -0.0027627619    9.1093825e-31   -1.6021766e-19    -9.156439e-20    6.2743407e-19             3653                1
     0.0017401944    8.9720335e-05    -0.0030015004   -9.4484007e-05      0.010060978   -0.00025083523    9.1093825e-31   -1.6021766e-19    -9.156439e-20    6.2743407e-19             3602                1
   -0.00095938786    1.1013788e-05      0.005917748     0.0046258145     0.0077427924    -0.0028257065    9.1093825e-31   -1.6021766e-19    -9.156439e-20    6.2743407e-19             3881                1
    -0.0068202037    8.7886459e-05    0.00081599777    0.00020107484    0.00035233621    -8.871594e-05    9.1093825e-31   -1.6021766e-19    -9.156439e-20    6.2743407e-19              664                0
     0.0010107249      9.13146e-05    -0.0093047433     0.0032540059     -0.004321767     0.0039500156    9.1093825e-31   -1.6021766e-19    -9.156439e-20    6.2743407e-19             3861                1
     0.0033820954    4.6986959e-05     0.0045953323   -0.00017542437     -0.001537988    -0.0018774581    9.1093825e-31   -1.6021766e-19    -9.156439e-20    6.2743407e-19              704                0
    -0.0042541451     6.987602e-05     -0.011993171   -0.00069747795     0.0075178524    -0.0010975843    9.1093825e-31   -1.6021766e-19    -9.156439e-20    6.2743407e-19             3701                1
    0.00019605327    7.6149126e-06    0.00012480363    -0.0078294482      0.003156564    9.1497248e-05    9.1093825e-31   -1.6021766e-19    -9.156439e-20    6.2743407e-19             3622                1
     0.0024013461    8.4818414e-05    -0.0092790984   -0.00048566223     0.0078248978    0.00055080513    9.1093825e-31   -1.6021766e-19    -9.156439e-20    6.2743407e-19             3435                1
    -0.0065986244     7.076843e-05     -0.010847422    0.00095712673     0.0014099228    0.00099964684    9.1093825e-31   -1.6021766e-19    -9.156439e-20    6.2743407e-19              125                0
    -0.0050227232    9.5422256e-05      0.013405255    0.00092167617    -0.0017540253    0.00043467712    9.1093825e-31   -1.6021766e-19    -9.156439e-20    6.2743407e-19              804                0
    -0.0010005264    9.7455959e-05    -0.0039034646    -0.0054380503    0.00095260981    -0.0036963099    9.1093825e-31   -1.6021766e-19    -9.156439e-20    6.2743407e-19             3797                1
    0.00045000741    2.3614659e-05    0.00029991689   -1.1613505e-05     0.0049722535   -0.00018409961    9.1093825e-31   -1.6021766e-19    -9.156439e-20    6.2743407e-19             3699                1
     -0.001283548    4.4156208e-05     0.0066359448    0.00094991137     0.0045428369      0.005944245    9.1093825e-31   -1.6021766e-19    -9.156439e-20    6.2743407e-19             3712                1
     -0.001436951    3.2414777e-05    -0.0065396391     0.0010791654     0.0071778991     -0.001076241    9.1093825e-31   -1.6021766e-19    -9.156439e-20    6.2743407e-19             3774                1
   -0.00089405885    5.1388997e-05     0.0069511142   -0.00082520809    -0.0061334423    -0.0038615998    9.1093825e-31   -1.6021766e-19    -9.156439e-20    6.2743407e-19             3736                1
     0.0012574472    7.2079056e-05      0.011504645    0.00020167927    -0.0036273946     0.0015581923    9.1093825e-31   -1.6021766e-19    -9.156439e-20    6.2743407e-19             2668                1
    -0.0012461672    1.7940638e-05       0.00617166      0.007415154     0.0067551006    -0.0028752617    9.1093825e-31   -1.6021766e-19    -9.156439e-20    6.2743407e-19             3835                1
    0.00054319098     9.210065e-05     -0.011851121    4.2548971e-05     0.0034277877    0.00023345499    9.1093825e-31   -1.6021766e-19    -9.156439e-20    6.2743407e-19              958                0
      0.000395198    9.2067545e-05    -0.0036976431    -0.0013736516    -0.0031568038     0.0018795615    9.1093825e-31   -1.6021766e-19    -9.156439e-20    6.2743407e-19             3859                1
    -0.0067590661    8.8539302e-05      0.012293176    0.00030723124    -0.0012599928    0.00066877983    9.1093825e-31   -1.6021766e-19    -9.156439e-20    6.2743407e-19              988                0
    -0.0025305962    4.0882351e-05    -0.0018294792    -0.0029803435    -0.0017401837    0.00033398322    9.1093825e-31   -1.6021766e-19    -9.156439e-20    6.2743407e-19             3658                1
    -0.0016177407    9.3520881e-05     -0.011236204   -0.00070315646    -0.0051584747     0.0047105062    9.1093825e-31   -1.6021766e-19    -9.156439e-20    6.2743407e-19             3884                1
     0.0019230143    3.7897935e-05      0.012122481    0.00065916008    -0.0085597141   -0.00010688251    9.1093825e-31   -1.6021766e-19    -9.156439e-20    6.2743407e-19             3671                1
     0.0033753708    2.1399494e-05      0.012654903   -0.00027312481    -0.0087603554    -0.0015728712    9.1093825e-31   -1.6021766e-19    -9.156439e-20    6.2743407e-19             3564                1
    -0.0012133658    1.0454412e-06     0.0060778135    -0.0030705733     0.0053054774     0.0019396705    9.1093825e-31   -1.6021766e-19    -9.156439e-20    6.2743407e-19             3923                1
     0.0030079964    7.8593912e-05    -0.0045281355     0.0022615436       0.01133431    -0.0027409645    9.1093825e-31   -1.6021766e-19    -9.156439e-20    6.2743407e-19             3715                1
    0.00091129006    2.4025941e-05     0.0025838458     0.0038534203    -0.0042145462     -0.004780862    9.1093825e-31   -1.6021766e-19    -9.156439e-20    6.2743407e-19             3552                1
    -3.644525e-05    3.5519097e-05      0.013847039     0.0048294431    -0.0079459297     0.0039559589    9.1093825e-31   -1.6021766e-19    -9.156439e-20    6.2743407e-19             3502                1
     -0.002419038    9.4769341e-05    -0.0020846624   -0.00020280889    -0.0036554511    -0.0025910258    9.1093825e-31   -1.6021766e-19    -9.156439e-20    6.2743407e-19             3885                1
    -0.0024631612     7.056859e-06     0.0061675124     0.0012867238    -0.0026889397    0.00040648784    9.1093825e-31   -1.6021766e-19    -9.156439e-20    6.2743407e-19              485                0
     0.0015242081    8.6749969e-05     -0.012945475    -0.0015329838    -0.0041037546     0.0038963929    9.1093825e-31   -1.6021766e-19    -9.156439e-20    6.2743407e-19             3818                1
     0.0016805293    4.4914627e-06      0.011312528    -0.0039158994     -0.010685131     0.0015117663    9.1093825e-31   -1.6021766e-19    -9.156439e-20    6.2743407e-19             3627                1
   -2.1047706e-05    4.8344165e-05       0.01378409     -0.002810627    -0.0084848171     0.0021046486    9.1093825e-31   -1.6021766e-19    -9.156439e-20    6.2743407e-19             3705                1
    -0.0020378737    4.5903016e-06     0.0063694967   -0.00048214744     0.0040907175   -0.00054652401    9.1093825e-31   -1.6021766e-19    -9.156439e-20    6.2743407e-19             3888                1
    -0.0041667684    7.6918579e-05     -0.012196891     0.0047541154    -0.0037217643    0.00021803158    9.1093825e-31   -1.6021766e-19    -9.156439e-20    6.2743407e-19             3761                1
    -0.0016647279    5.5258761e-06     -0.011184638    -0.0035309782   -0.00010555555    0.00081178546    9.1093825e-31   -1.6021766e-19    -9.156439e-20    6.2743407e-19             3137                1
    -0.0029575359    8.3026214e-05     -0.010612557    0.00081486511    -0.0042449483      -0.00366203    9.1093825e-31   -1.6021766e-19    -9.156439e-20    6.2743407e-19             3806                1
    -0.0019241554     4.359689e-05     0.0019694837   -1.0207107e-05     0.0075549516    0.00049366604    9.1093825e-31   -1.6021766e-19    -9.156439e-20    6.2743407e-19             3739                1
     0.0025286744    9.3733826e-05    -0.0076512424    -0.0013168808    -0.0037835177     0.0050141392    9.1093825e-31   -1.6021766e-19    -9.156439e-20    6.2743407e-19             3875                1
     0.0010633614    2.6836309e-05     0.0077739446    -0.0012786516     -0.007753619   -1.9082461e-05    9.1093825e-31   -1.6021766e-19    -9.156439e-20    6.2743407e-19             3663                1
     0.0023601495    4.1413259e-05    -0.0091518387     0.0018946561      0.006748524      -0.00190802    9.1093825e-31   -1.6021766e-19    -9.156439e-20    6.2743407e-19             3741                1
     0.0017348685    7.9441728e-05      0.006820072    0.00022727325     0.0004696637    0.00060153467    9.1093825e-31   -1.6021766e-19    -9.156439e-20    6.2743407e-19             3409                1
     -0.002938041    5.3812299e-05      -0.01457515   -4.3859258e-05      0.001774936    -0.0013800986    9.1093825e-31   -1.6021766e-19    -9.156439e-20    6.2743407e-19              422                0
    -0.0013954376    5.6352681e-05      -0.00841098    0.00066852762    -0.0086490503   -3.7375223e-05    9.1093825e-31   -1.6021766e-19    -9.156439e-20    6.2743407e-19             3794                1
    -0.0011089761    1.7643099e-05     0.0061567882    -0.0011262294     0.0064609786     0.0005818471    9.1093825e-31   -1.6021766e-19    -9.156439e-20    6.2743407e-19             3831                1
    -0.0010590511     4.676442e-05       0.00602441    0.00055989844    -0.0007878521    -0.0025822422    9.1093825e-31   -1.6021766e-19    -9.156439e-20    6.2743407e-19             3396                1
    -0.0044945925    8.8892579e-05      0.010420431    -0.0029111344    -0.0022478336     0.0010090183    9.1093825e-31   -1.6021766e-19    -9.156439e-20    6.2743407e-19              687                0
   -4.6774363e-05    6.4519049e-06     0.0042580483   -0.00082097191     0.0057799341    -0.0003903957    9.1093825e-31   -1.6021766e-19    -9.156439e-20    6.2743407e-19             3889                1
    2.4823137e-05    2.4822648e-05     0.0043481286     0.0027136535     0.0053457185   -0.00081039395    9.1093825e-31   -1.6021766e-19    -9.156439e-20    6.2743407e-19             3769                1
      0.001007372    4.8734295e-05    -0.0096148364    -0.0037784565     0.0069722915    0.00042341588    9.1093825e-31   -1.6021766e-19    -9.156439e-20    6.2743407e-19             3709                1
     0.0053758379    3.1070904e-05     0.0032505516    0.00026000431    -0.0010120029   -0.00070512539    9.1093825e-31   -1.6021766e-19    -9.156439e-20    6.2743407e-19              581                0
    -0.0013899398    9.4870913e-05    -0.0084720738   -1.4347728e-05      0.010739136    2.4222491e-05    9.1093825e-31   -1.6021766e-19    -9.156439e-20    6.2743407e-19             3641                1
    -0.0015475192    9.8040429e-05    -0.0083204778    -0.0017275594      0.010314295    0.00025226115    9.1093825e-31   -1.6021766e-19    -9.156439e-20    6.2743407e-19             3565                1
     0.0013869385    6.1315171e-05     0.0015534632   -8.3000865e-05   -0.00021727342    -0.0016367534    9.1093825e-31   -1.6021766e-19    -9.156439e-20    6.2743407e-19              641                0
   -0.00092777796    8.9581736e-05    -0.0029200455    0.00050998619      0.010323204     -0.001974992    9.1093825e-31   -1.6021766e-19    -9.156439e-20    6.2743407e-19             3618                1
    0.00081781403    4.5166064e-05     0.0059522958     0.0033808595      0.011028134     0.0057209083    9.1093825e-31   -1.6021766e-19    -9.156439e-20    6.2743407e-19             3802                1
     -0.001697668    6.0170685e-05     -0.011143377    -0.0027752358    -0.0067701605    -0.0037485284    9.1093825e-31   -1.6021766e-19    -9.156439e-20    6.2743407e-19             3777                1
    -0.0029562567    7.3391726e-05     -0.010341084   -4.1498934e-05    -0.0041418076   -0.00013329541    9.1093825e-31   -1.6021766e-19    -9.156439e-20    6.2743407e-19             3771                1
    -0.0035020725    8.4469961e-05    -0.0099546723   -0.00042563045    -0.0087324372    0.00025349448    9.1093825e-31   -1.6021766e-19    -9.156439e-20    6.2743407e-19             3870                1
    -0.0016008125    9.4713076e-05     -0.012363874   -0.00097776856    -0.0023870124    -0.0016322932    9.1093825e-31   -1.6021766e-19    -9.156439e-20    6.2743407e-19             3842                1
    -0.0013465313    2.0488629e-05     0.0055687977    -0.0047499621     0.0033040396      0.002348816    9.1093825e-31   -1.6021766e-19    -9.156439e-20    6.2743407e-19             3743                1
     0.0013897631    9.6031275e-05    -0.0086025214    -0.0043545221    -0.0039645946    -0.0012940026    9.1093825e-31   -1.6021766e-19    -9.156439e-20    6.2743407e-19             3894                1
     0.0094213858    4.3812244e-05    -0.0041052485    0.00047685433    2.6292453e-05     0.0016113877    9.1093825e-31   -1.6021766e-19    -9.156439e-20    6.2743407e-19              821                0
    -0.0018241908    1.6683663e-05     0.0018816228    -0.0036989537      0.005219874     -0.001219088    9.1093825e-31   -1.6021766e-19    -9.156439e-20    6.2743407e-19             3801                1
    -0.0016411808    1.1400035e-06      0.010604294     0.0019080696     0.0028749208     0.0041928883    9.1093825e-31   -1.6021766e-19    -9.156439e-20    6.2743407e-19             3914                1
     0.0019752283    5.0754043e-05     -0.012670324    -0.0003929293     0.0052954596    -0.0034326466    9.1093825e-31   -1.6021766e-19    -9.156439e-20    6.2743407e-19             3669                1
    -0.0018267744     4.171778e-05     0.0020028269     0.0022323122     0.0074373689    0.00029194471    9.1093825e-31   -1.6021766e-19    -9.156439e-20    6.2743407e-19             3744                1
     0.0026937879    3.9029956e-06      0.012211688    0.00022234854    -0.0090166768   -0.00049876329    9.1093825e-31   -1.6021766e-19    -9.156439e-20    6.2743407e-19             3467                1
    -0.0052273977    2.0599737e-05     -0.010823722    -0.0031108218    0.00072010217      0.000443147    9.1093825e-31   -1.6021766e-19    -9.156439e-20    6.2743407e-19             2846                1
    -0.0013538986    6.7554101e-05     -0.012613738    -0.0092257261    -0.0023152411    -0.0022592144    9.1093825e-31   -1.6021766e-19    -9.156439e-20    6.2743407e-19             3693                1
   -0.00084068073    6.4522392e-05    -0.0084993811    0.00029505914    -0.0017266454   -0.00054390839    9.1093825e-31   -1.6021766e-19    -9.156439e-20    6.2743407e-19             3718                1
      0.001444386    8.8025634e-05     -0.013163198     0.0027414479    -0.0042827833   -0.00066928082    9.1093825e-31   -1.6021766e-19    -9.156439e-20    6.2743407e-19             3825                1
     0.0017965626    4.0768995e-05     0.0072681443   -0.00012984533     0.0081798127   -0.00012707475    9.1093825e-31   -1.6021766e-19    -9.156439e-20    6.2743407e-19             3787                1
    -0.0036351429    2.6287432e-06      0.011500626   -0.00089862192     0.0043942942     0.0018223227    9.1093825e-31   -1.6021766e-19    -9.156439e-20    6.2743407e-19             3908                1
   -0.00084492052    9.6179509e-05    -0.0083984155   -0.00024321501    0.00047824139     0.0022054412    9.1093825e-31   -1.6021766e-19    -9.156439e-20    6.2743407e-19             3770                1
    0.00027582995    8.7970169e-05    -0.0088830441   -0.00056781649     0.0091356318    -0.0046706339    9.1093825e-31   -1.6021766e-19    -9.156439e-20    6.2743407e-19             3503                1
     0.0039996053     1.740116e-05    0.00099927897    -0.0015229046   -0.00040192399    -0.0015105851    9.1093825e-31   -1.6021766e-19    -9.156439e-20    6.2743407e-19              118                0
    -0.0015608311    9.5754207e-05     -0.011277012   -0.00033757734    -0.0018881188     0.0052279327    9.1093825e-31   -1.6021766e-19    -9.156439e-20    6.2743407e-19             3844                1
    -0.0093941391     4.229962e-05    -0.0036065367    0.00051599724    0.00042753911    0.00042817928    9.1093825e-31   -1.6021766e-19    -9.156439e-20    6.2743407e-19              158                0
      0.001506658    1.6861621e-05     0.0024759017    -0.0018621414     0.0041380585     0.0022192469    9.1093825e-31   -1.6021766e-19    -9.156439e-20    6.2743407e-19             3750                1
    4.3048358e-06    8.5664673e-05    -0.0058681634    -0.0020760952    -0.0064158323      0.002312789    9.1093825e-31   -1.6021766e-19    -9.156439e-20    6.2743407e-19             3860                1
    -0.0031805991    1.8701767e-05     0.0065854136     0.0021033688    -0.0064496151     0.0046132421    9.1093825e-31   -1.6021766e-19    -9.156439e-20    6.2743407e-19             3441                1
    -0.0010866792    6.0313665e-05     -0.005793544    -0.0053572357     0.0090967175   -0.00021750337    9.1093825e-31   -1.6021766e-19    -9.156439e-20    6.2743407e-19             3695                1
     0.0068465378    8.4482839e-05     -0.013494757   -0.00044218794     0.0014161312    0.00094236759    9.1093825e-31   -1.6021766e-19    -9.156439e-20    6.2743407e-19              213                0
     0.0018178433    7.1393391e-05     -0.012465469     0.0021996538     -0.006791567    -0.0060786558    9.1093825e-31   -1.6021766e-19    -9.156439e-20    6.2743407e-19             3798                1
   -5.0395458e-05     4.065119e-05     0.0035255323    0.00014893551      0.012445238   -0.00051785121    9.1093825e-31   -1.6021766e-19    -9.156439e-20    6.2743407e-19             3820                1
    -0.0028944702    9.9013152e-05     -0.005810861   -0.00088771083      0.011400509    -0.0028113057    9.1093825e-31   -1.6021766e-19    -9.156439e-20    6.2743407e-19             3650                1
     0.0012087299    8.9221197e-05    -0.0069347788    -0.0013688016    -0.0061358665    0.00020957779    9.1093825e-31   -1.6021766e-19    -9.156439e-20    6.2743407e-19             3873                1
   -0.00093021902    7.6225688e-06     0.0059291609    0.00026757762     0.0079195211     0.0004740782    9.1093825e-31   -1.6021766e-19    -9.156439e-20    6.2743407e-19             3895                1
     -0.001104968    2.2894084e-05     0.0057852236   -0.00031866322    -0.0069977916   -3.5367339e-05    9.1093825e-31   -1.6021766e-19    -9.156439e-20    6.2743407e-19             3672                1
    -0.0013637751    4.9302213e-05     -0.008429368     0.0020357049     0.0071788384     0.0033601262    9.1093825e-31   -1.6021766e-19    -9.156439e-20    6.2743407e-19             3642                1
     0.0011959567    1.6054713e-05        0.0115103     0.0018644594     0.0064670006    -0.0056273136    9.1093825e-31   -1.6021766e-19    -9.156439e-20    6.2743407e-19             3851                1
    -0.0012874159    6.4996857e-05     -0.014136256    -0.0017799691    -0.0055887066     0.0030645193    9.1093825e-31   -1.6021766e-19    -9.156439e-20    6.2743407e-19             3748                1
   -2.8179889e-05    3.1500564e-05     0.0034167659    -0.0027013726     0.0059866831   -0.00051272562    9.1093825e-31   -1.6021766e-19    -9.156439e-20    6.2743407e-19             3751                1
   -0.00097024196    3.9756884e-05     0.0055943588    -7.892245e-05     0.0087933196     0.0002486397    9.1093825e-31   -1.6021766e-19    -9.156439e-20    6.2743407e-19             3788                1
     0.0020467557    1.4697558e-05      0.014584818   -0.00028368901      -0.01098302   -0.00033631519    9.1093825e-31   -1.6021766e-19    -9.156439e-20    6.2743407e-19             3679                1
    -0.0020807269    2.9034534e-05     0.0063084378    -0.0022271434     0.0070597124     0.0010625152    9.1093825e-31   -1.6021766e-19    -9.156439e-20    6.2743407e-19             3799                1
   -0.00090732332    2.9744126e-05     0.0061217826   -0.00012324269     0.0077632042    0.00088884687    9.1093825e-31   -1.6021766e-19    -9.156439e-20    6.2743407e-19             3804                1
     0.0032352686    7.6024524e-05     0.0079035573   -0.00070119224    -0.0025521393   -0.00054111477    9.1093825e-31   -1.6021766e-19    -9.156439e-20    6.2743407e-19              903                0
    -0.0084277466    5.5739027e-05      0.010208217     0.0009844125   -0.00041174667    0.00071634701    9.1093825e-31   -1.6021766e-19    -9.156439e-20    6.2743407e-19              578                0
     0.0014708324    6.1156039e-05    -0.0053162668    -0.0010698023     0.0094825216     -0.005241557    9.1093825e-31   -1.6021766e-19    -9.156439e-20    6.2743407e-19             3707                1
     0.0083679827     3.695878e-05     0.0096163759     0.0017467296   -0.00058723817    0.00014760475    9.1093825e-31   -1.6021766e-19    -9.156439e-20    6.2743407e-19              618                0
     0.0011039134     1.238307e-05     0.0060030455    -0.0017253689     0.0092335325    -0.0010122205    9.1093825e-31   -1.6021766e-19    -9.156439e-20    6.2743407e-19             3883                1
   -0.00054551614    4.0216801e-05    -0.0026194565   -0.00069891801      0.010508548     0.0018227148    9.1093825e-31   -1.6021766e-19    -9.156439e-20    6.2743407e-19             3796                1
   -0.00098907761    9.3888293e-06     0.0060222922   -3.6408488e-05     0.0016234511   -0.00047495682    9.1093825e-31   -1.6021766e-19    -9.156439e-20    6.2743407e-19             3740                1
   -0.00092565018    9.2651753e-05    -0.0027149429   -0.00019352081      0.012433309    0.00021920519    9.1093825e-31   -1.6021766e-19    -9.156439e-20    6.2743407e-19             3703                1
     0.0010812618    7.8840785e-06      0.011378666    -0.0019454624     0.0065435683     0.0024200582    9.1093825e-31   -1.6021766e-19    -9.156439e-20    6.2743407e-19             3890                1
     0.0015438071    4.4909102e-05    -0.0053534885     0.0047316845     0.0089240056     0.0012250522    9.1093825e-31   -1.6021766e-19    -9.156439e-20    6.2743407e-19             3757                1
    -0.0037356017    1.3613861e-05      0.011502707    -0.0025073029     -0.009648595    -0.0025066147    9.1093825e-31   -1.6021766e-19    -9.156439e-20    6.2743407e-19             3645                1
    -0.0011631704    8.3429397e-05     -0.012613928     0.0038088169    -0.0024043082    -0.0073994356    9.1093825e-31   -1.6021766e-19    -9.156439e-20    6.2743407e-19             3747                1
     0.0041671954    7.7733443e-05     -0.011594986      0.003757644     0.0071221069     0.0027917735    9.1093825e-31   -1.6021766e-19    -9.156439e-20    6.2743407e-19             3555                1
    -0.0011056161    3.2356727e-06     0.0061605861    4.4850417e-06        0.0016089     0.0018587845    9.1093825e-31   -1.6021766e-19    -9.156439e-20    6.2743407e-19             3832                1
    -0.0067079314    1.8037252e-05     0.0051534106   -0.00048022118    -0.0011279177     0.0010691938    9.1093825e-31   -1.6021766e-19    -9.156439e-20    6.2743407e-19              573                0
   -0.00078192353    9.5868367e-05    -0.0083652316    -0.0029500432    -0.0059289392     0.0022882537    9.1093825e-31   -1.6021766e-19    -9.156439e-20    6.2743407e-19             3904                1
   -0.00028302544    8.5726671e-05    -0.0084188553     0.0036491218     0.0096543655    -0.0081070876    9.1093825e-31   -1.6021766e-19    -9.156439e-20    6.2743407e-19             3571                1
      -0.00162414    2.1555157e-05      0.010678119     0.0025316367    -0.0086632976      0.005739491    9.1093825e-31   -1.6021766e-19    -9.156439e-20    6.2743407e-19             3540                1
      0.001165968    3.4101897e-05     0.0058486774     0.0043368386     0.0071906699    8.2295091e-06    9.1093825e-31   -1.6021766e-19    -9.156439e-20    6.2743407e-19             3785                1
     0.0010809453    8.0724429e-05    -0.0095957369     0.0002100126    -0.0097042611    -0.0011465314    9.1093825e-31   -1.6021766e-19    -9.156439e-20    6.2743407e-19             3862                1
     0.0012269485    1.7198083e-05      0.011343909     -0.002609147     0.0061106132    -0.0030837518    9.1093825e-31   -1.6021766e-19    -9.156439e-20    6.2743407e-19             3838                1
    0.00021298361    1.4031084e-05      0.012351162    -0.0013301327     0.0086232303   -0.00088347431    9.1093825e-31   -1.6021766e-19    -9.156439e-20    6.2743407e-19             3876                1
    -0.0063746483    1.6494496e-05     0.0051898574   -0.00086541887    -0.0012335852    -0.0027878729    9.1093825e-31   -1.6021766e-19    -9.156439e-20    6.2743407e-19              985                0
     0.0031863367    3.5755206e-06      0.014065849    -0.0025517328     -0.012226351     -0.002886632    9.1093825e-31   -1.6021766e-19    -9.156439e-20    6.2743407e-19             3697                1
     0.0075999293    6.2358289e-05    0.00076683512   -0.00053470628   -3.9858704e-05     0.0012065441    9.1093825e-31   -1.6021766e-19    -9.156439e-20    6.2743407e-19              614                0
     0.0020118796    8.8470864e-05     -0.012669922   -0.00089063006    -0.0075375293       0.00242911    9.1093825e-31   -1.6021766e-19    -9.156439e-20    6.2743407e-19             3877                1
      0.004739705    1.9102514e-05     0.0072316155    -0.0053217271    -0.0073714391    0.00030487202    9.1093825e-31   -1.6021766e-19    -9.156439e-20    6.2743407e-19             3629                1
     8.669903e-05    3.6781479e-05     -0.013324036   -7.7825818e-05     0.0024170624    0.00029357959    9.1093825e-31   -1.6021766e-19    -9.156439e-20    6.2743407e-19               79                0
    -0.0031356881    4.1756364e-05    -0.0018743306    -0.0017925274     0.0073304181     0.0087931277    9.1093825e-31   -1.6021766e-19    -9.156439e-20    6.2743407e-19             3720                1
    -0.0013579347    9.3626317e-05     -0.008555619    3.2479284e-06    -0.0034489804    -0.0027699997    9.1093825e-31   -1.6021766e-19    -9.156439e-20    6.2743407e-19             3872                1
   -0.00077985687    9.4742718e-05    -0.0083691226    3.2321863e-05    -0.0075532594    -0.0033268209    9.1093825e-31   -1.6021766e-19    -9.156439e-20    6.2743407e-19             3905                1
    -0.0011761638     3.181172e-05     0.0054814885    -0.0018496631    -0.0056585846   -7.2169831e-05    9.1093825e-31   -1.6021766e-19    -9.156439e-20    6.2743407e-19             3558                1
      0.002936485    4.7856207e-05      0.014285591    -0.0068719927    -0.0083278706    -0.0018960787    9.1093825e-31   -1.6021766e-19    -9.156439e-20    6.2743407e-19             3710                1
    -0.0036583189    4.7143298e-05      0.011640451      0.001404573    -0.0064834571     0.0029442813    9.1093825e-31   -1.6021766e-19    -9.156439e-20    6.2743407e-19             3495                1
     0.0019261944    1.0025453e-05       0.01134233    -0.0016644108     0.0051530134     0.0031063377    9.1093825e-31   -1.6021766e-19    -9.156439e-20    6.2743407e-19             3864                1
     0.0014825993     8.666802e-05    -0.0088933688     0.0023649731     -0.002924412    0.00027306992    9.1093825e-31   -1.6021766e-19    -9.156439e-20    6.2743407e-19             3807                1
     0.0018132656    3.6696241e-05      0.010426419    -0.0036972521    -0.0079418141    0.00091876893    9.1093825e-31   -1.6021766e-19    -9.156439e-20    6.2743407e-19             3635                1
     0.0013295893    9.0682297e-05    -0.0051154569   -0.00086934271        0.0105974     0.0036100936    9.1093825e-31   -1.6021766e-19    -9.156439e-20    6.2743407e-19             3612                1
   -0.00095177704    9.2861846e-05    -0.0058388864    -0.0015757745      0.010705743    0.00044277782    9.1093825e-31   -1.6021766e-19    -9.156439e-20    6.2743407e-19             3600                1
      0.001666509    5.9766585e-06     0.0074429377    -0.0020407215      0.003774164    0.00035692175    9.1093825e-31   -1.6021766e-19    -9.156439e-20    6.2743407e-19             3874                1
    0.00043018447    4.1868861e-05    0.00020019668       0.00215193     0.0089465771     -0.001382499    9.1093825e-31   -1.6021766e-19    -9.156439e-20    6.2743407e-19             3767                1
     0.0010197443    4.3181913e-05    -0.0066988496    4.0006355e-05     0.0075349887   -0.00072327722    9.1093825e-31   -1.6021766e-19    -9.156439e-20    6.2743407e-19             3727                1
    -0.0039197053    1.9135496e-06      0.011626909    -0.0041438029     0.0023663798     0.0015005728    9.1093825e-31   -1.6021766e-19    -9.156439e-20    6.2743407e-19             3901                1
     0.0049071242    4.7118454e-05     0.0071641896    -0.0009031081     0.0076744305    0.00074630463    9.1093825e-31   -1.6021766e-19    -9.156439e-20    6.2743407e-19             3765                1
    -0.0010426553     3.642399e-05     0.0059229797    -0.0019053664      0.006884343   -0.00074466004    9.1093825e-31   -1.6021766e-19    -9.156439e-20    6.2743407e-19             3772                1
    -0.0029752923     4.515246e-06    -0.0017794835     0.0060494496    -0.0026206623    0.00048215422    9.1093825e-31   -1.6021766e-19    -9.156439e-20    6.2743407e-19             3461                1
    -0.0018802253    3.5011486e-05     0.0018850769    -0.0013823443      0.005959441     0.0045865979    9.1093825e-31   -1.6021766e-19    -9.156439e-20    6.2743407e-19             3724                1
    -0.0019404388    1.3022996e-05     0.0064341007    0.00058653153     0.0063551404    -0.0029615012    9.1093825e-31   -1.6021766e-19    -9.156439e-20    6.2743407e-19             3857                1
    -0.0022410089    3.2873606e-05     0.0028225936    0.00097366853     0.0063707768     0.0029376927    9.1093825e-31   -1.6021766e-19    -9.156439e-20    6.2743407e-19             3752                1
    -0.0030028527     7.892109e-05     -0.010469549     0.0017385189      0.008528254   -0.00028241755    9.1093825e-31   -1.6021766e-19    -9.156439e-20    6.2743407e-19             3652                1
   -0.00092133053    2.9590939e-05     0.0061335508    -0.0034921074     0.0077238483     0.0037190372    9.1093825e-31   -1.6021766e-19    -9.156439e-20    6.2743407e-19             3805                1
    -0.0029031455    6.3837033e-05    -0.0056313998   -0.00061884854     0.0087465094     0.0010460611    9.1093825e-31   -1.6021766e-19    -9.156439e-20    6.2743407e-19             3664                1
    -0.0036783584    8.8863933e-05     -0.014374373   -7.3480638e-05    -0.0022145393   -1.3277897e-05    9.1093825e-31   -1.6021766e-19    -9.156439e-20    6.2743407e-19             3746                1
     0.0010511219    3.0531912e-05      0.013622467   -0.00060893857    -0.0093414551     0.0024385173    9.1093825e-31   -1.6021766e-19    -9.156439e-20    6.2743407e-19             3648                1
   -0.00081680744    9.3747294e-05    -0.0029442348     0.0027445247      0.012047081   -0.00023044649    9.1093825e-31   -1.6021766e-19    -9.156439e-20    6.2743407e-19             3685                1
   -8.5568194e-05    2.8243021e-05     0.0043067173    -0.0029714014     0.0057148039   -2.9202327e-05    9.1093825e-31   -1.6021766e-19    -9.156439e-20    6.2743407e-19             3766                1
     0.0013798445    1.3767039e-05      0.011571242    -0.0024851158      -0.01038548   -0.00080156524    9.1093825e-31   -1.6021766e-19    -9.156439e-20    6.2743407e-19             3654                1
     0.0011233392    3.1001149e-05      0.013737303   -0.00057002099     -0.010411844    -0.0032469009    9.1093825e-31   -1.6021766e-19    -9.156439e-20    6.2743407e-19             3713                1
      0.001151927     1.797372e-05      0.013551285     0.0042345822     0.0046882848     0.0059561874    9.1093825e-31   -1.6021766e-19    -9.156439e-20    6.2743407e-19             3823                1
     0.0014549309    2.7207063e-05      0.011575972     0.0015688068    -0.0091301706    8.7171764e-05    9.1093825e-31   -1.6021766e-19    -9.156439e-20    6.2743407e-19             3637                1
   -0.00093582051    9.2633789e-05    -0.0028900167    -8.295125e-05      0.010539408    0.00023968432    9.1093825e-31   -1.6021766e-19    -9.156439e-20    6.2743407e-19             3619                1
   -0.00085702701    6.1557861e-05    -0.0028438091    -0.0014120531      0.010336599    -0.0032618542    9.1093825e-31   -1.6021766e-19    -9.156439e-20    6.2743407e-19             3731                1
     0.0013071308    3.3343589e-05      0.011375065    0.00044276615      0.011684053    0.00098084426    9.1093825e-31   -1.6021766e-19    -9.156439e-20    6.2743407e-19             3837                1
     0.0017576694    7.3960087e-05     -0.012887499     0.0047346121     0.0065837083     0.0028808902    9.1093825e-31   -1.6021766e-19    -9.156439e-20    6.2743407e-19             3501                1
    -0.0007818999    7.7148368e-05    -0.0058623422    2.3841203e-05      0.012728244   -1.3952593e-05    9.1093825e-31   -1.6021766e-19    -9.156439e-20    6.2743407e-19             3745                1
     0.0017704332    9.2142567e-05    -0.0030346802     0.0089990264   -0.00020410703    -0.0036053064    9.1093825e-31   -1.6021766e-19    -9.156439e-20    6.2743407e-19             3800                1
   -0.00093080127    2.9467363e-05     0.0058325119    0.00052429497    -0.0060669212     -0.002199356    9.1093825e-31   -1.6021766e-19    -9.156439e-20    6.2743407e-19             3574                1
    -0.0025497866    4.2000218e-05    0.00075063144     0.0012183237      0.006803968     0.0023214403    9.1093825e-31   -1.6021766e-19    -9.156439e-20    6.2743407e-19             3714                1
   -0.00040415916    8.7071792e-05    -0.0082866158    0.00021359563    -0.0049533695    -0.0010406846    9.1093825e-31   -1.6021766e-19    -9.156439e-20    6.2743407e-19             3845                1
   -0.00039443999    8.5621519e-05    -0.0082803322     0.0041406667    -0.0055391123     0.0014975864    9.1093825e-31   -1.6021766e-19    -9.156439e-20    6.2743407e-19             3846                1
    -0.0027850934    9.6538846e-05    -0.0068360339    0.00018742387    -0.0037731815     0.0011540158    9.1093825e-31   -1.6021766e-19    -9.156439e-20    6.2743407e-19             3897                1
     0.0028196091    8.7328852e-05     -0.007223641     0.0016261651      0.010854638   -0.00094203354    9.1093825e-31   -1.6021766e-19    -9.156439e-20    6.2743407e-19             3686                1
    -0.0016286176    9.2262322e-05    -0.0083983839    -0.0033136285    -0.0077617257   -0.00065155549    9.1093825e-31   -1.6021766e-19    -9.156439e-20    6.2743407e-19             3896                1
     0.0021640065    1.9667059e-05    -9.058955e-05    0.00066316337     0.0054926053     0.0025354899    9.1093825e-31   -1.6021766e-19    -9.156439e-20    6.2743407e-19             3784                1
    -0.0006658932    7.4961099e-05    -0.0081303334     -0.005606134     0.0083005689     0.0079714833    9.1093825e-31   -1.6021766e-19    -9.156439e-20    6.2743407e-19             3476                1
   -0.00095214805    7.2912684e-05     -0.008361809   -0.00042754452    -0.0084579466     0.0022080501    9.1093825e-31   -1.6021766e-19    -9.156439e-20    6.2743407e-19             3830                1
    -0.0012505817    4.1747058e-05     0.0066378275    -0.0011856327     0.0064995857     2.298883e-05    9.1093825e-31   -1.6021766e-19    -9.156439e-20    6.2743407e-19             3753                1
    0.00081024173    2.5518633e-05     0.0097363489    -0.0014720797    -0.0084208855    0.00054688117    9.1093825e-31   -1.6021766e-19    -9.156439e-20    6.2743407e-19             3576                1
     0.0016251032    1.7536973e-05      0.010350508   -0.00055610103    -0.0090785241    -0.0017527465    9.1093825e-31   -1.6021766e-19    -9.156439e-20    6.2743407e-19             3577                1
     0.0014739616    9.8238255e-05    -0.0088791503    0.00018446468   -8.9197272e-07     0.0038642946    9.1093825e-31   -1.6021766e-19    -9.156439e-20    6.2743407e-19             3808                1
    -0.0039472925    6.9797784e-06      0.011559075   -2.9312743e-05    -0.0094590466    -0.0042538578    9.1093825e-31   -1.6021766e-19    -9.156439e-20    6.2743407e-19             3579                1
     0.0010882965    4.1143132e-05       0.01361579    -0.0021930605    -0.0081333974   -0.00090092327    9.1093825e-31   -1.6021766e-19    -9.156439e-20    6.2743407e-19             3580                1
   -0.00089442189    1.8046927e-05     0.0060543744     0.0023599665     0.0042821411    9.4794314e-06    9.1093825e-31   -1.6021766e-19    -9.156439e-20    6.2743407e-19             3789                1
     0.0024062262    9.8299162e-05     -0.009186116     0.0027726437     -0.004296632   -9.5166608e-05    9.1093825e-31   -1.6021766e-19    -9.156439e-20    6.2743407e-19             3915                1
    -0.0014037277    4.9725117e-05    -0.0066535193     0.0062616048     0.0076291934    -0.0015065494    9.1093825e-31   -1.6021766e-19    -9.156439e-20    6.2743407e-19             3639                1
     0.0016041627    3.4775716e-05     0.0025390086     -0.001945972      0.010202822    -0.0031906324    9.1093825e-31   -1.6021766e-19    -9.156439e-20    6.2743407e-19             3809                1
     0.0023719752    8.7032509e-05    -0.0075950339     0.0013246448    -0.0026946515    -0.0030284263    9.1093825e-31   -1.6021766e-19    -9.156439e-20    6.2743407e-19             3810                1
     0.0014591452     2.540445e-05       0.01136601    -0.0021550234     0.0059910296    -0.0026312321    9.1093825e-31   -1.6021766e-19    -9.156439e-20    6.2743407e-19             3811                1
     0.0020114686    5.5743665e-05      -0.01235237   -0.00096129678     -0.011818028     -0.001169525    9.1093825e-31   -1.6021766e-19    -9.156439e-20    6.2743407e-19             3812                1
    -0.0008984782    9.4702358e-05    -0.0059518432    -0.0080635464   -0.00096527318    -0.0035387264    9.1093825e-31   -1.6021766e-19    -9.156439e-20    6.2743407e-19             3826                1
     0.0015661942    9.4792158e-05     -0.013017274    -2.870495e-05    -0.0021641022    -0.0030960219    9.1093825e-31   -1.6021766e-19    -9.156439e-20    6.2743407e-19             3827                1
     0.0018237229    2.9293724e-06      0.012189719     0.0018081329     0.0004243881    0.00050754123    9.1093825e-31   -1.6021766e-19    -9.156439e-20    6.2743407e-19             3828                1
     0.0014548736    8.3572522e-05      -0.01304026     0.0019616785    -0.0068110307    0.00088670524    9.1093825e-31   -1.6021766e-19    -9.156439e-20    6.2743407e-19             3839                1
     0.0034766477    4.2433376e-06      0.012762452     0.0013543495     0.0014024008     0.0029686687    9.1093825e-31   -1.6021766e-19    -9.156439e-20    6.2743407e-19             3847                1
     0.0011611078    8.3312792e-05    -0.0068602273     0.0037173047     -0.009067826   -0.00090303121    9.1093825e-31   -1.6021766e-19    -9.156439e-20    6.2743407e-19             3865                1
     0.0023710441    8.9830995e-05    -0.0075668297    0.00057978084    -0.0054927752     0.0036298663    9.1093825e-31   -1.6021766e-19    -9.156439e-20    6.2743407e-19             3866                1
    0.00039815824    9.4895026e-05    -0.0037523678     0.0020021438    -0.0023153829    0.00098098442    9.1093825e-31   -1.6021766e-19    -9.156439e-20    6.2743407e-19             3867                1
    0.00040892613    9.5377116e-05    -0.0037582852     0.0080450336    -0.0020440863     -0.002339704    9.1093825e-31   -1.6021766e-19    -9.156439e-20    6.2743407e-19             3868                1
    -0.0035041249    9.4783791e-05    -0.0099579999    -0.0015789506    -0.0029448527    -0.0016144707    9.1093825e-31   -1.6021766e-19    -9.156439e-20    6.2743407e-19             3869                1
    -0.0010353447    9.4569776e-05    -0.0058791586   -0.00060456136    -0.0052965702    -0.0004913318    9.1093825e-31   -1.6021766e-19    -9.156439e-20    6.2743407e-19             3891                1
    -0.0010356861    9.6963784e-05    -0.0058782916   -0.00094952033    -0.0028784035    0.00038485465    9.1093825e-31   -1.6021766e-19    -9.156439e-20    6.2743407e-19             3892                1
     0.0018082218    5.2133737e-06      0.012098545     0.0023987179     0.0051594218     0.0011376174    9.1093825e-31   -1.6021766e-19    -9.156439e-20    6.2743407e-19             3893                1
    0.00025875334    9.6545242e-05    -0.0087861028     0.0077457009    -0.0043396493   -0.00017797887    9.1093825e-31   -1.6021766e-19    -9.156439e-20    6.2743407e-19             3898                1
     -0.000663004    9.3961993e-05    -0.0079728272    0.00041496017    -0.0075664306     0.0053166896    9.1093825e-31   -1.6021766e-19    -9.156439e-20    6.2743407e-19             3899                1
     0.0016842809    2.2194508e-06       0.01213596    -0.0024468405     0.0044405032     0.0018587405    9.1093825e-31   -1.6021766e-19    -9.156439e-20    6.2743407e-19             3909                1
      0.001445582    9.8515942e-05    -0.0033797063    -0.0024192345    -0.0049357694      0.001640185    9.1093825e-31   -1.6021766e-19    -9.156439e-20    6.2743407e-19             3916                1
     0.0014466741     9.899283e-05    -0.0033805359     0.0012575451    -0.0033299334    -0.0011525437    9.1093825e-31   -1.6021766e-19    -9.156439e-20    6.2743407e-19             3917                1
     0.0010819272    7.7575493e-07      0.005717935    -0.0046025999     0.0039451295    0.00023095866    9.1093825e-31   -1.6021766e-19    -9.156439e-20    6.2743407e-19             3921                1
     0.0017169791    9.9773373e-05    -0.0029798334   -3.5930516e-05    -0.0022892475   -0.00020777951    9.1093825e-31   -1.6021766e-19    -9.156439e-20    6.2743407e-19             3924                1
