%  ASCII export : 
%
%  Momentum is normalized to the product of particle's mass and speed of light.
%  All other quantities are in SI units.
%
%            posX             posY             posZ             momX             momY             momZ             mass           charge     macro-charge             time       particleID         sourceID

    0.00042472297    3.4464058e-06      0.012801319   -0.00097929011   -0.00058739173    -0.0035564157    9.1093825e-31   -1.6021766e-19    -9.156439e-20    3.0909385e-19             1811                1
     0.0035617249    8.0849139e-05     -0.013931769     0.0014849729    -0.0016973382   -0.00017509768    9.1093825e-31   -1.6021766e-19    -9.156439e-20    3.0909385e-19                3                0
    -0.0089700539     1.663448e-05    -0.0088747358     0.0015381515    -0.0012139052   -0.00056484947    9.1093825e-31   -1.6021766e-19    -9.156439e-20    3.0909385e-19                5                0
    -0.0025973783    4.9037117e-05    8.0695565e-05   -0.00028531955   -0.00076300115   -0.00056363869    9.1093825e-31   -1.6021766e-19    -9.156439e-20    3.0909385e-19              348                0
    -0.0092672491    3.3801454e-05    -0.0044613327     0.0020752151    -0.0010108249    0.00086007506    9.1093825e-31   -1.6021766e-19    -9.156439e-20    3.0909385e-19             1002                1
     0.0022257406    4.6325818e-05      0.013346291    4.8292302e-05     0.0070409984     0.0010592381    9.1093825e-31   -1.6021766e-19    -9.156439e-20    3.0909385e-19             1901                1
    -0.0063334862    2.6937783e-05     0.0040030642    6.2007537e-05    0.00055909652    2.9278124e-05    9.1093825e-31   -1.6021766e-19    -9.156439e-20    3.0909385e-19              997                0
   -0.00066642417     4.633611e-05     -0.012152808    0.00043058349     -0.003222303    -0.0011816043    9.1093825e-31   -1.6021766e-19    -9.156439e-20    3.0909385e-19               55                0
     0.0063620033    9.7646671e-06      0.014287431   -0.00055679999     0.0012260901    0.00091664941    9.1093825e-31   -1.6021766e-19    -9.156439e-20    3.0909385e-19              171                0
     0.0013211771     9.371667e-05       0.01134888     0.0010981836    -0.0062741064   -0.00034307822    9.1093825e-31   -1.6021766e-19    -9.156439e-20    3.0909385e-19             2102                1
     0.0044410713     4.571442e-05     0.0052737924    -0.0005723135     0.0015817977   -0.00038420811    9.1093825e-31   -1.6021766e-19    -9.156439e-20    3.0909385e-19              154                0
      0.006541641    6.4481486e-05     -0.013377314     0.0014175579    -0.0011581681     0.0013949744    9.1093825e-31   -1.6021766e-19    -9.156439e-20    3.0909385e-19              488                0
    -0.0024338537    3.9158003e-05     -0.014835412    -0.0012113577    -0.0020544957    0.00063240307    9.1093825e-31   -1.6021766e-19    -9.156439e-20    3.0909385e-19               27                0
   -0.00075501518    4.7471185e-06     -0.008035684     0.0057626688     0.0028377259    -0.0023087431    9.1093825e-31   -1.6021766e-19    -9.156439e-20    3.0909385e-19             2084                1
     0.0048212712    8.3825071e-05    -0.0017691595    -0.0030368194    -0.0050640278    -0.0039265151    9.1093825e-31   -1.6021766e-19    -9.156439e-20    3.0909385e-19             2038                1
    -0.0014825343    2.4229006e-05    -0.0066928025   -0.00047097335     -0.010076814    0.00029564794    9.1093825e-31   -1.6021766e-19    -9.156439e-20    3.0909385e-19             1954                1
     0.0010320055    8.3306346e-05     0.0060171415     0.0066879424    -0.0059836949      0.001756681    9.1093825e-31   -1.6021766e-19    -9.156439e-20    3.0909385e-19             2059                1
      0.008015356    1.7215305e-05      0.008598581    -0.0021754385    0.00041164539   -0.00020147645    9.1093825e-31   -1.6021766e-19    -9.156439e-20    3.0909385e-19              961                0
     0.0087093972     2.126435e-05    0.00017056997     0.0020825868   -0.00032554549    0.00017317175    9.1093825e-31   -1.6021766e-19    -9.156439e-20    3.0909385e-19              386                0
     0.0004410696    3.9487209e-06    -0.0087886332    -0.0027474407     0.0030069661     0.0033088471    9.1093825e-31   -1.6021766e-19    -9.156439e-20    3.0909385e-19             2090                1
     0.0033138508    3.0560179e-05    -0.0074798022    0.00068332808     0.0080014421    -0.0033041921    9.1093825e-31   -1.6021766e-19    -9.156439e-20    3.0909385e-19             2050                1
   -6.3212901e-05    3.6949823e-05     0.0043817386    -0.0049218885    -0.0076925885     0.0012157371    9.1093825e-31   -1.6021766e-19    -9.156439e-20    3.0909385e-19             1976                1
     -0.005243904    6.9660986e-05     0.0089553734     0.0014820215     0.0019645519   -0.00043802545    9.1093825e-31   -1.6021766e-19    -9.156439e-20    3.0909385e-19              355                0
     0.0076776794    3.7612128e-05     -0.011900689    -0.0008303629    -0.0012232686    0.00070959242    9.1093825e-31   -1.6021766e-19    -9.156439e-20    3.0909385e-19              451                0
     -0.006717423    8.8383558e-06      0.011518759     0.0022762713     0.0013579348    -0.0018207784    9.1093825e-31   -1.6021766e-19    -9.156439e-20    3.0909385e-19              716                0
    -0.0064194272    4.2895419e-05    -0.0020366686   -0.00011528705   -0.00083070976    0.00093333033    9.1093825e-31   -1.6021766e-19    -9.156439e-20    3.0909385e-19               32                0
     0.0015561014    4.9224458e-05      -0.01290852   -9.7702112e-05     0.0068085794     0.0018796875    9.1093825e-31   -1.6021766e-19    -9.156439e-20    3.0909385e-19             1996                1
     0.0082759652    3.4987996e-05    0.00064282364    -0.0016612959   -0.00013330978   -0.00062185334    9.1093825e-31   -1.6021766e-19    -9.156439e-20    3.0909385e-19              455                0
     0.0058692764    1.9873594e-05     0.0030105775   -0.00040190862    7.9252211e-05   -6.1455185e-06    9.1093825e-31   -1.6021766e-19    -9.156439e-20    3.0909385e-19              475                0
    -0.0043661655    1.6723814e-05     -0.012347125    -0.0044011204    -0.0067978562    -0.0067999754    9.1093825e-31   -1.6021766e-19    -9.156439e-20    3.0909385e-19             1836                1
    -0.0039620101     8.306728e-05     0.0051907254     0.0029191205     0.0063836989    -0.0011209425    9.1093825e-31   -1.6021766e-19    -9.156439e-20    3.0909385e-19             1908                1
     0.0051666312    2.5820107e-05    -0.0021210623    0.00083010929    -0.0018108408     0.0019325603    9.1093825e-31   -1.6021766e-19    -9.156439e-20    3.0909385e-19              535                0
    -0.0042793602    3.6290803e-05     -0.012218713     0.0013815681     0.0073827654    0.00029555699    9.1093825e-31   -1.6021766e-19    -9.156439e-20    3.0909385e-19             2028                1
     0.0019608773    3.3582233e-05      0.010750798     -0.002858432     0.0059211454    -0.0015463775    9.1093825e-31   -1.6021766e-19    -9.156439e-20    3.0909385e-19             1991                1
      0.001732392    8.4953557e-05     0.0068740915   -0.00061653304     0.0079783136    -0.0025120894    9.1093825e-31   -1.6021766e-19    -9.156439e-20    3.0909385e-19             1928                1
    -0.0054912283    2.1170825e-05     0.0063544554     0.0014665144     0.0015434406     0.0014969201    9.1093825e-31   -1.6021766e-19    -9.156439e-20    3.0909385e-19              902                0
   -0.00051356101    9.0584232e-05     0.0094704591    0.00087997044   -0.00096394122   -1.0594279e-05    9.1093825e-31   -1.6021766e-19    -9.156439e-20    3.0909385e-19             2012                1
    -0.0050456841    7.8550285e-05     -0.014904262   -0.00030064507    -0.0010551313    -0.0025981762    9.1093825e-31   -1.6021766e-19    -9.156439e-20    3.0909385e-19              839                0
     0.0040413016    1.3690258e-05    -0.0069700768    -0.0033002237     -0.010829495   -0.00081632013    9.1093825e-31   -1.6021766e-19    -9.156439e-20    3.0909385e-19             1965                1
    -0.0066643902    3.3630844e-05     0.0039405925     0.0030896214    0.00065608439    -0.0015922312    9.1093825e-31   -1.6021766e-19    -9.156439e-20    3.0909385e-19              695                0
     0.0070169326    5.0587998e-05      0.008075729    0.00094046892     0.0033708103   -0.00055155618    9.1093825e-31   -1.6021766e-19    -9.156439e-20    3.0909385e-19             1763                1
      0.001863223    4.6740013e-05    -0.0019354721     0.0015744274     -0.010752368   -1.8403367e-05    9.1093825e-31   -1.6021766e-19    -9.156439e-20    3.0909385e-19             2006                1
     0.0065529239     5.055904e-05    -0.0076198517     0.0022397905    -0.0011490367     0.0016487323    9.1093825e-31   -1.6021766e-19    -9.156439e-20    3.0909385e-19                4                0
     0.0011611566     5.255994e-06    -0.0066855769    -0.0054290877     0.0051588519     0.0045469417    9.1093825e-31   -1.6021766e-19    -9.156439e-20    3.0909385e-19             2104                1
    -0.0044497699    7.2679934e-05      0.012075328    9.6056479e-05     0.0035660346   -0.00014325271    9.1093825e-31   -1.6021766e-19    -9.156439e-20    3.0909385e-19             1316                1
     -0.006133866    1.6885666e-05     -0.012023562    4.7326539e-06    -0.0019412668     -0.001366134    9.1093825e-31   -1.6021766e-19    -9.156439e-20    3.0909385e-19              385                0
    -0.0024587514      3.22083e-05    -0.0021966842   -0.00097826496    -0.0082156211    -0.0031176386    9.1093825e-31   -1.6021766e-19    -9.156439e-20    3.0909385e-19             1918                1
    -0.0013332192    4.2220037e-07     -0.007997782     0.0013294813    -0.0097455159     0.0066188085    9.1093825e-31   -1.6021766e-19    -9.156439e-20    3.0909385e-19             1838                1
    -0.0011717019    2.9686793e-05     0.0046592439     0.0014535182     0.0013789528     0.0014633682    9.1093825e-31   -1.6021766e-19    -9.156439e-20    3.0909385e-19              968                0
     -0.005124893     8.665627e-05     0.0061126212    -0.0010778528     0.0021008521     0.0012498087    9.1093825e-31   -1.6021766e-19    -9.156439e-20    3.0909385e-19              895                0
     0.0025162336    4.9542989e-05      0.012181344     0.0019865227     0.0077409581     0.0051339664    9.1093825e-31   -1.6021766e-19    -9.156439e-20    3.0909385e-19             1975                1
     0.0061320043    3.3683988e-05     0.0048252768    -0.0011102804     0.0011562922    0.00066378829    9.1093825e-31   -1.6021766e-19    -9.156439e-20    3.0909385e-19              751                0
     0.0075021703    6.9116172e-06     -0.009126313   -0.00070417637    -0.0014886364    0.00033234211    9.1093825e-31   -1.6021766e-19    -9.156439e-20    3.0909385e-19               10                0
     0.0015149509    1.7045393e-05    -0.0051149926     0.0022836223     -0.011593571     0.0010174189    9.1093825e-31   -1.6021766e-19    -9.156439e-20    3.0909385e-19             1967                1
      0.001970052    5.4037832e-07     -0.012590408    -0.0050429688      0.002749254      0.001339116    9.1093825e-31   -1.6021766e-19    -9.156439e-20    3.0909385e-19             2117                1
    -0.0073695341    7.2015755e-05    -0.0070403852    -0.0011600652    -0.0012829393    -0.0026717391    9.1093825e-31   -1.6021766e-19    -9.156439e-20    3.0909385e-19              532                0
     0.0055113691    9.9605961e-05      0.011553161     0.0016991805   -0.00034561916     -0.001351668    9.1093825e-31   -1.6021766e-19    -9.156439e-20    3.0909385e-19             2103                1
   -0.00072443526     2.620709e-06    -0.0027303265     0.0010278412     -0.011660392    0.00066996709    9.1093825e-31   -1.6021766e-19    -9.156439e-20    3.0909385e-19             1943                1
    -0.0028661373    1.6168719e-05    -0.0069841398     0.0013774644    -0.0090054795    -0.0018818054    9.1093825e-31   -1.6021766e-19    -9.156439e-20    3.0909385e-19             1864                1
    -0.0016440257    2.7830736e-05     -0.011177244    -0.0027530834     0.0079149669    0.00054191239    9.1093825e-31   -1.6021766e-19    -9.156439e-20    3.0909385e-19             2052                1
     0.0018339929    8.5624117e-05      0.012023816    -0.0080945445    -0.0069869752     0.0051600453    9.1093825e-31   -1.6021766e-19    -9.156439e-20    3.0909385e-19             2074                1
   -0.00087355968    9.5375959e-05     0.0057807271     0.0081140455     0.0075765923   -0.00030084039    9.1093825e-31   -1.6021766e-19    -9.156439e-20    3.0909385e-19             1866                1
    -0.0010230866    4.8053978e-05     0.0056316154     0.0061445753     -0.007370614    -0.0045081386    9.1093825e-31   -1.6021766e-19    -9.156439e-20    3.0909385e-19             1990                1
   -6.6126791e-05    5.9716087e-05     0.0036555319   -0.00033997896    -0.0096964519    0.00016718844    9.1093825e-31   -1.6021766e-19    -9.156439e-20    3.0909385e-19             2032                1
   -0.00075184123    2.5951716e-05    -0.0080265338   -0.00086796295     0.0028007955    -0.0064313365    9.1093825e-31   -1.6021766e-19    -9.156439e-20    3.0909385e-19             2009                1
    -0.0027139594    9.1980422e-05     0.0065682782    -0.0017551038     0.0031953801     0.0019416369    9.1093825e-31   -1.6021766e-19    -9.156439e-20    3.0909385e-19              288                0
     0.0061724437    7.0577058e-05     -0.014213313     0.0010340761   -0.00050281273   -0.00096896867    9.1093825e-31   -1.6021766e-19    -9.156439e-20    3.0909385e-19              365                0
    0.00041125141     9.287431e-05    -0.0075131641    -0.0021355159    0.00014538971     -0.007086081    9.1093825e-31   -1.6021766e-19    -9.156439e-20    3.0909385e-19             1801                1
     0.0010969996    9.5640164e-05      0.002826853   -0.00088944554    -0.0032745698     0.0018804822    9.1093825e-31   -1.6021766e-19    -9.156439e-20    3.0909385e-19             2085                1
   -0.00067493797    1.5425335e-06    -0.0082806777    -0.0020469283     -0.010377618      0.003545709    9.1093825e-31   -1.6021766e-19    -9.156439e-20    3.0909385e-19             1889                1
    -0.0075215916    9.4098308e-05     0.0008914083     0.0014691419     0.0017260249     0.0006808085    9.1093825e-31   -1.6021766e-19    -9.156439e-20    3.0909385e-19             1389                1
     0.0004392683     1.145792e-05    -0.0087955808    -0.0041473857     0.0088420995     -0.002090188    9.1093825e-31   -1.6021766e-19    -9.156439e-20    3.0909385e-19             2091                1
    -0.0013109255    3.7936428e-05    -0.0081211394   -7.9628175e-05    -0.0079487711   -3.4270357e-05    9.1093825e-31   -1.6021766e-19    -9.156439e-20    3.0909385e-19             1875                1
    -0.0042786426    7.1893235e-05     0.0060371356     0.0015921808     0.0019829082   -0.00078304578    9.1093825e-31   -1.6021766e-19    -9.156439e-20    3.0909385e-19              628                0
     0.0065835207      4.04368e-05     0.0056991931    0.00044460004    0.00051652925   -0.00062841544    9.1093825e-31   -1.6021766e-19    -9.156439e-20    3.0909385e-19              420                0
   -0.00075373973    4.9557755e-05    -0.0028157912     0.0011451408    -0.0078165224    4.8973547e-05    9.1093825e-31   -1.6021766e-19    -9.156439e-20    3.0909385e-19             1946                1
    0.00071837957    6.4955806e-05     0.0097361384     0.0026233594    -0.0090838093    -0.0014092234    9.1093825e-31   -1.6021766e-19    -9.156439e-20    3.0909385e-19             2045                1
    -0.0012813753    9.9294899e-05     0.0066963308    -0.0064318529     0.0092838267    -0.0025002956    9.1093825e-31   -1.6021766e-19    -9.156439e-20    3.0909385e-19             1944                1
     0.0029132036    1.2186205e-06    -0.0070238402     0.0055054044   -0.00043433593   -0.00082670501    9.1093825e-31   -1.6021766e-19    -9.156439e-20    3.0909385e-19             2043                1
    -0.0066813482      8.37146e-05    -0.0032234746     0.0011282925   -0.00028805702    0.00097628339    9.1093825e-31   -1.6021766e-19    -9.156439e-20    3.0909385e-19              984                0
    -0.0036521989    8.7061111e-05    -0.0014588903     0.0041232775    -0.0037579115     0.0059607634    9.1093825e-31   -1.6021766e-19    -9.156439e-20    3.0909385e-19             1938                1
    -0.0034515508    2.8302629e-05    -0.0099369995    -0.0057548573     0.0045251041     -0.006950445    9.1093825e-31   -1.6021766e-19    -9.156439e-20    3.0909385e-19             2018                1
     0.0052815843    4.7625286e-05     0.0064373142       0.00109587      0.001435145   -0.00040170152    9.1093825e-31   -1.6021766e-19    -9.156439e-20    3.0909385e-19              580                0
    -0.0030732148    3.4993529e-05    -0.0016766444     0.0011807927    -0.0099257166    5.0505678e-05    9.1093825e-31   -1.6021766e-19    -9.156439e-20    3.0909385e-19             1980                1
     0.0084126666     4.140897e-05     -0.012711419    -0.0022324035   -0.00012195369     0.0022222425    9.1093825e-31   -1.6021766e-19    -9.156439e-20    3.0909385e-19              586                0
    0.00041626085    6.9248505e-05    0.00019457511   -8.6116751e-07     -0.007242417    1.4125551e-05    9.1093825e-31   -1.6021766e-19    -9.156439e-20    3.0909385e-19             2013                1
    -0.0050671645    5.9464441e-05    -0.0051814327     0.0010471637    -0.0017346769   -0.00094614079    9.1093825e-31   -1.6021766e-19    -9.156439e-20    3.0909385e-19              660                0
     0.0089219185    9.0348483e-05     0.0048452723   -0.00079220295      0.001343539     0.0014986809    9.1093825e-31   -1.6021766e-19    -9.156439e-20    3.0909385e-19             1080                1
    -0.0077792928    3.5767109e-05      0.010967046    0.00062493375    0.00087100995     0.0015233951    9.1093825e-31   -1.6021766e-19    -9.156439e-20    3.0909385e-19              652                0
     0.0026031998    9.1440925e-05    0.00045153007    -0.0030616459    -0.0036133837    -0.0018509331    9.1093825e-31   -1.6021766e-19    -9.156439e-20    3.0909385e-19             2051                1
     0.0010400097    9.0095375e-05     0.0025804297     -0.010754761     0.0045657144     0.0015402193    9.1093825e-31   -1.6021766e-19    -9.156439e-20    3.0909385e-19             1764                1
    -0.0090368018    1.0382857e-05      0.001522092    -0.0022071553   -0.00027446233    0.00013321354    9.1093825e-31   -1.6021766e-19    -9.156439e-20    3.0909385e-19              760                0
     0.0022869713    6.3512853e-05   -3.3321649e-05    0.00047413545    -0.0051900134     0.0014294423    9.1093825e-31   -1.6021766e-19    -9.156439e-20    3.0909385e-19             1922                1
    -0.0055037402    7.8016792e-06     -0.014243273     0.0012399576    -0.0077568456    0.00079075381    9.1093825e-31   -1.6021766e-19    -9.156439e-20    3.0909385e-19             1945                1
    -0.0036562132    3.7022028e-07     -0.014333243   -0.00047414581    0.00084347063   -0.00059541262    9.1093825e-31   -1.6021766e-19    -9.156439e-20    3.0909385e-19             2112                1
     0.0058562672    9.1974893e-05    -0.0074820057   -0.00012582738    -0.0012559213   -0.00093633099    9.1093825e-31   -1.6021766e-19    -9.156439e-20    3.0909385e-19              840                0
     0.0029913574    5.0468236e-05    -0.0056400136    -0.0017296765    -0.0028949815    1.4384558e-05    9.1093825e-31   -1.6021766e-19    -9.156439e-20    3.0909385e-19              860                0
   -0.00092569977    4.9473732e-05     -0.006396886    -0.0016032276    -0.0012783123   -0.00036714232    9.1093825e-31   -1.6021766e-19    -9.156439e-20    3.0909385e-19             1859                1
    -0.0032443982    3.0944404e-05     -0.012492838   -0.00085866614    -0.0026881644    -0.0015393909    9.1093825e-31   -1.6021766e-19    -9.156439e-20    3.0909385e-19              900                0
    -0.0065286765    2.5494985e-05    -0.0087672984    0.00092645606    -0.0016134365    -0.0013273892    9.1093825e-31   -1.6021766e-19    -9.156439e-20    3.0909385e-19              132                0
   -7.7093646e-05    6.4133732e-05     0.0036789584    -0.0026479263    -0.0087592937     0.0050964016    9.1093825e-31   -1.6021766e-19    -9.156439e-20    3.0909385e-19             2031                1
     -0.007287486     5.679455e-05    -0.0026833613    0.00062709174   -2.1955813e-05    0.00067801616    9.1093825e-31   -1.6021766e-19    -9.156439e-20    3.0909385e-19             1012                1
    -0.0037304673    4.4254801e-05     0.0004219682     -0.001326312   -0.00053987111      0.002601292    9.1093825e-31   -1.6021766e-19    -9.156439e-20    3.0909385e-19              893                0
      0.007580433    3.8929833e-05      -0.01298288     0.0023728944   -0.00077402516    -0.0017001847    9.1093825e-31   -1.6021766e-19    -9.156439e-20    3.0909385e-19              311                0
    -0.0069678626    2.6829923e-05    -0.0077750525    -0.0012841233    -0.0017322002    0.00055373105    9.1093825e-31   -1.6021766e-19    -9.156439e-20    3.0909385e-19              791                0
    -0.0017055979    6.3514221e-05     0.0018233884    0.00090050581     -0.008046574     0.0051817037    9.1093825e-31   -1.6021766e-19    -9.156439e-20    3.0909385e-19             2015                1
    -0.0010202384    6.8448826e-05     0.0060717817     -0.006276683    -0.0083755562     0.0013771419    9.1093825e-31   -1.6021766e-19    -9.156439e-20    3.0909385e-19             2039                1
    -0.0016515907    8.3664454e-05      0.010678937   -3.6129459e-05    -0.0058876481       0.00451901    9.1093825e-31   -1.6021766e-19    -9.156439e-20    3.0909385e-19             2063                1
    -0.0016603211     8.764115e-05      0.010663994     -0.003302577    -0.0044011641     -0.001071282    9.1093825e-31   -1.6021766e-19    -9.156439e-20    3.0909385e-19             2064                1
     -0.006205515    2.3869252e-05     0.0028799551    3.5270397e-05    0.00049515022   -0.00011915493    9.1093825e-31   -1.6021766e-19    -9.156439e-20    3.0909385e-19              677                0
    -0.0032800329    8.6289387e-05     0.0061704176     5.649629e-05    -0.0031645168    -0.0011793132    9.1093825e-31   -1.6021766e-19    -9.156439e-20    3.0909385e-19             2025                1
    -0.0084695509    6.8197303e-05    -0.0047925357    0.00033110849   -4.8093123e-05   -0.00011260126    9.1093825e-31   -1.6021766e-19    -9.156439e-20    3.0909385e-19              210                0
   -0.00083800982      1.02781e-05    -0.0059276326     0.0073239882     0.0021847792      0.001705193    9.1093825e-31   -1.6021766e-19    -9.156439e-20    3.0909385e-19             2054                1
     0.0079162559    5.6873687e-05     0.0084349485   -0.00031737331    0.00086366007     0.0012623273    9.1093825e-31   -1.6021766e-19    -9.156439e-20    3.0909385e-19              254                0
     0.0058913985    7.1307055e-05      0.004460563   -0.00063420174    0.00095216976   -0.00088117068    9.1093825e-31   -1.6021766e-19    -9.156439e-20    3.0909385e-19              270                0
     0.0093045998    9.3310955e-05      0.012573822     0.0010812527     0.0010583309   -0.00051241432    9.1093825e-31   -1.6021766e-19    -9.156439e-20    3.0909385e-19              812                0
     0.0089041535    7.8761868e-06     -0.013918637    -0.0006941352    -0.0011174243    0.00016487413    9.1093825e-31   -1.6021766e-19    -9.156439e-20    3.0909385e-19              310                0
   -0.00086359459    1.8860112e-05     -0.005933281   -0.00027693427     0.0047349716    2.5355424e-05    9.1093825e-31   -1.6021766e-19    -9.156439e-20    3.0909385e-19             2055                1
    -0.0016509175    8.7500412e-06     -0.011167796    -0.0046881963     0.0025599967     0.0031923505    9.1093825e-31   -1.6021766e-19    -9.156439e-20    3.0909385e-19             2053                1
    -0.0075496957    5.2367785e-05     -0.012154298    -0.0011486553   -0.00041906239     -0.001204463    9.1093825e-31   -1.6021766e-19    -9.156439e-20    3.0909385e-19              673                0
     0.0089161238    9.2307106e-05     0.0061015505    -0.0014419399     0.0010979471     0.0004692217    9.1093825e-31   -1.6021766e-19    -9.156439e-20    3.0909385e-19              390                0
     0.0085263941     1.629126e-05      0.010216977    0.00026382809    0.00039858554   -9.2318791e-05    9.1093825e-31   -1.6021766e-19    -9.156439e-20    3.0909385e-19              410                0
    -0.0010129211    9.1605827e-05     0.0058537251      0.003758756    -0.0056434879     0.0014140501    9.1093825e-31   -1.6021766e-19    -9.156439e-20    3.0909385e-19             2086                1
      0.001882508     5.147473e-05      0.012002458    -0.0030921649     0.0080001373    -0.0029915713    9.1093825e-31   -1.6021766e-19    -9.156439e-20    3.0909385e-19             1972                1
    -0.0037818043    5.7793488e-05      0.011556203    0.00040652842    -0.0060575274    -0.0001029143    9.1093825e-31   -1.6021766e-19    -9.156439e-20    3.0909385e-19             2014                1
     0.0044583133    2.4965482e-06     -0.013481521    0.00050468999    -0.0040057953   -6.3899919e-05    9.1093825e-31   -1.6021766e-19    -9.156439e-20    3.0909385e-19             1596                1
    -0.0087636672    9.8768767e-05     0.0050427453    -0.0012717706     0.0010944912     0.0016880995    9.1093825e-31   -1.6021766e-19    -9.156439e-20    3.0909385e-19              510                0
    -0.0094276816     9.348616e-05    -0.0066532693    0.00040067922   -0.00031206509    0.00041479725    9.1093825e-31   -1.6021766e-19    -9.156439e-20    3.0909385e-19              192                0
    0.00014227051    2.6300331e-05    -0.0012672982     0.0035360304    -0.0098022362    -0.0027147892    9.1093825e-31   -1.6021766e-19    -9.156439e-20    3.0909385e-19             1956                1
    0.00012662675    1.5528702e-05    -0.0059185941     0.0026211564     0.0051525692     0.0034592308    9.1093825e-31   -1.6021766e-19    -9.156439e-20    3.0909385e-19             2065                1
     0.0047761668    6.5980341e-05    -0.0035138328    0.00028223408    -0.0053850976    -0.0065527903    9.1093825e-31   -1.6021766e-19    -9.156439e-20    3.0909385e-19             1930                1
      0.003490119    4.4722507e-05     0.0033150997     0.0011745183     0.0009931816     0.0021966852    9.1093825e-31   -1.6021766e-19    -9.156439e-20    3.0909385e-19              991                0
    -0.0019447396    4.7938363e-05     0.0045510945    -0.0013154233     0.0012945896    -0.0013511952    9.1093825e-31   -1.6021766e-19    -9.156439e-20    3.0909385e-19              630                0
    -0.0091996547    2.7451317e-05    -0.0019083037      0.001179816   -0.00028591522    -0.0009527771    9.1093825e-31   -1.6021766e-19    -9.156439e-20    3.0909385e-19              212                0
     0.0084316256    2.2989299e-05     0.0015831995    0.00022079097   -8.0780061e-05   -0.00083009736    9.1093825e-31   -1.6021766e-19    -9.156439e-20    3.0909385e-19              525                0
     0.0092321513    1.1199125e-05    -0.0091586597     0.0011363438    -0.0004075843    -0.0014043623    9.1093825e-31   -1.6021766e-19    -9.156439e-20    3.0909385e-19              690                0
    -0.0016032003    9.5863528e-05      0.010658368    0.00085325009       0.01076176   -0.00087881484    9.1093825e-31   -1.6021766e-19    -9.156439e-20    3.0909385e-19             1935                1
   -0.00088731834     2.906169e-05    -0.0028195658     -0.003977445     -0.010864277    -0.0062695579    9.1093825e-31   -1.6021766e-19    -9.156439e-20    3.0909385e-19             1978                1
    -0.0087301368    6.2963292e-05    -0.0012299485    0.00091420795   -0.00047929597    0.00099266227    9.1093825e-31   -1.6021766e-19    -9.156439e-20    3.0909385e-19              750                0
      0.005021459    5.2575357e-05    0.00019004779    -0.0010402109     -0.009160311    0.00029670543    9.1093825e-31   -1.6021766e-19    -9.156439e-20    3.0909385e-19             2010                1
     0.0014711373    8.5733727e-06    -0.0089494018    -0.0013381523     0.0053395843     0.0010208376    9.1093825e-31   -1.6021766e-19    -9.156439e-20    3.0909385e-19             2083                1
     0.0033303651    7.7721925e-05      0.007908822    -0.0017502146     0.0074551487       0.00196141    9.1093825e-31   -1.6021766e-19    -9.156439e-20    3.0909385e-19             1905                1
    -0.0074642054    7.4903677e-05     -0.001375545     0.0028617103    0.00011243551   -0.00085147668    9.1093825e-31   -1.6021766e-19    -9.156439e-20    3.0909385e-19              257                0
    -0.0056432039    4.8568942e-05     0.0058182701     -0.001109132     0.0016213333     0.0010290176    9.1093825e-31   -1.6021766e-19    -9.156439e-20    3.0909385e-19              220                0
     0.0067058005    9.3401599e-05     0.0091771092    -0.0016319188     0.0024573363     0.0013780142    9.1093825e-31   -1.6021766e-19    -9.156439e-20    3.0909385e-19              870                0
     0.0064040958    3.5345336e-05    -0.0084834546    -0.0027426057    -0.0015220123   -0.00053900847    9.1093825e-31   -1.6021766e-19    -9.156439e-20    3.0909385e-19              931                0
    -0.0026547902    2.9522958e-05    -0.0080885179    0.00015530972    -0.0034845741    0.00087320729    9.1093825e-31   -1.6021766e-19    -9.156439e-20    3.0909385e-19              217                0
    -0.0007981885    4.8882106e-05    3.2483804e-05   -3.2496264e-05    -0.0025085167   -0.00091793051    9.1093825e-31   -1.6021766e-19    -9.156439e-20    3.0909385e-19             1766                1
    -0.0010823124     8.898884e-05     0.0059122369    -0.0012715911    -0.0065555689   -0.00043318447    9.1093825e-31   -1.6021766e-19    -9.156439e-20    3.0909385e-19             2076                1
    -0.0051995129    7.6385104e-06     -0.014052947    0.00091267272     0.0029101493    -0.0009863181    9.1093825e-31   -1.6021766e-19    -9.156439e-20    3.0909385e-19             2057                1
     0.0048409835    2.6697884e-05     0.0071956171    0.00022625295     0.0014257062     0.0030147941    9.1093825e-31   -1.6021766e-19    -9.156439e-20    3.0909385e-19               18                0
     0.0059430148    2.2075385e-05    -0.0029456452    -0.0011247428   -0.00099656498    -0.0022772343    9.1093825e-31   -1.6021766e-19    -9.156439e-20    3.0909385e-19              256                0
    0.00041803333    4.8308688e-05      0.012865779     0.0050586532     0.0082055442     0.0042029819    9.1093825e-31   -1.6021766e-19    -9.156439e-20    3.0909385e-19             1984                1
     0.0015792438    9.7542463e-05      0.011461717     0.0050170464    -0.0040999558     0.0013408747    9.1093825e-31   -1.6021766e-19    -9.156439e-20    3.0909385e-19             2109                1
   -0.00055236969    1.4330172e-05     -0.002538872   -0.00017301973     -0.010411871   -0.00097342435    9.1093825e-31   -1.6021766e-19    -9.156439e-20    3.0909385e-19             1933                1
     0.0023892734    5.6472803e-05    -0.0091729639    -0.0050633568    -0.0062755565    -0.0012592304    9.1093825e-31   -1.6021766e-19    -9.156439e-20    3.0909385e-19             1852                1
    -0.0035028078    9.0383299e-05     0.0025144261      0.003538986     0.0050546825    -0.0082528815    9.1093825e-31   -1.6021766e-19    -9.156439e-20    3.0909385e-19             1849                1
     0.0023251334    2.3105989e-05   -5.1100116e-05    9.5337957e-05    -0.0095898453    0.00088767835    9.1093825e-31   -1.6021766e-19    -9.156439e-20    3.0909385e-19             1959                1
     0.0092586335    5.3365799e-05    0.00091709988     0.0014080072   -0.00031357317   -0.00017852275    9.1093825e-31   -1.6021766e-19    -9.156439e-20    3.0909385e-19              637                0
   -0.00078844762    5.9747199e-06    -0.0028247559    -0.0017519423     -0.011455984    -0.0006902584    9.1093825e-31   -1.6021766e-19    -9.156439e-20    3.0909385e-19             1947                1
     0.0016885018    6.6763918e-05     -0.014425127    -0.0029920083    -0.0016806111   -0.00041399605    9.1093825e-31   -1.6021766e-19    -9.156439e-20    3.0909385e-19              983                0
     0.0047288169    7.7837896e-05     0.0021434962   -0.00072054839    0.00074650941     0.0011520507    9.1093825e-31   -1.6021766e-19    -9.156439e-20    3.0909385e-19              229                0
    -0.0028679804    1.2449735e-05    -0.0057211407    0.00042246518    -0.0032376421    -0.0028044696    9.1093825e-31   -1.6021766e-19    -9.156439e-20    3.0909385e-19              507                0
    -0.0085727703    6.4285145e-05     -0.001453753    0.00081491953   -0.00049834885   -0.00040303404    9.1093825e-31   -1.6021766e-19    -9.156439e-20    3.0909385e-19              894                0
    -5.075202e-05    5.4786979e-05     0.0043365117    -0.0035828315    -0.0057931971    -0.0036455141    9.1093825e-31   -1.6021766e-19    -9.156439e-20    3.0909385e-19             1977                1
     0.0078805834    6.3605061e-05    -0.0031771653     0.0016495036   -0.00090477656     0.0023102693    9.1093825e-31   -1.6021766e-19    -9.156439e-20    3.0909385e-19              309                0
    -0.0089397226     5.333381e-05      0.011228211   -0.00022677366    0.00049399992     -0.000604645    9.1093825e-31   -1.6021766e-19    -9.156439e-20    3.0909385e-19              329                0
     0.0076396158    7.2537405e-05     -0.014093083     -0.002893755    9.0794718e-05     0.0013573745    9.1093825e-31   -1.6021766e-19    -9.156439e-20    3.0909385e-19              349                0
     0.0090614138     6.120879e-05      0.007919264    -0.0010143783    0.00034250141      0.001658085    9.1093825e-31   -1.6021766e-19    -9.156439e-20    3.0909385e-19              369                0
    -0.0050282143      6.20629e-05     -0.010774347    -0.0033635336     -0.005557504    -0.0031847476    9.1093825e-31   -1.6021766e-19    -9.156439e-20    3.0909385e-19             1993                1
     0.0011295282    6.2875652e-06    -0.0095558623    -0.0056869551     0.0012760479     0.0011022876    9.1093825e-31   -1.6021766e-19    -9.156439e-20    3.0909385e-19             2041                1
    -0.0022405339     5.954142e-05     0.0071924315     0.0020407916     0.0032116408     0.0001605586    9.1093825e-31   -1.6021766e-19    -9.156439e-20    3.0909385e-19              632                0
     0.0018423254    8.2387072e-05      0.010627696     0.0052148621    -0.0063745314    -0.0036717479    9.1093825e-31   -1.6021766e-19    -9.156439e-20    3.0909385e-19             2066                1
     0.0015719525    9.8618264e-05      0.011462504    -0.0072581982    -0.0022884139     0.0026667595    9.1093825e-31   -1.6021766e-19    -9.156439e-20    3.0909385e-19             2110                1
    0.00070354191    8.9320463e-05     0.0097399615    -0.0013200634    -0.0026059479   -0.00039185854    9.1093825e-31   -1.6021766e-19    -9.156439e-20    3.0909385e-19             2046                1
     0.0033880626    9.4923511e-05      0.012697075    -0.0010452744    -0.0037700036     0.0017031066    9.1093825e-31   -1.6021766e-19    -9.156439e-20    3.0909385e-19             2092                1
     0.0073491153    4.2392963e-05    0.00088257849    -0.0015460157    0.00033432408   -0.00085199671    9.1093825e-31   -1.6021766e-19    -9.156439e-20    3.0909385e-19              476                0
    -0.0049410723    2.8845934e-05     -0.012725573     0.0013524622    -0.0017267256    -0.0016450644    9.1093825e-31   -1.6021766e-19    -9.156439e-20    3.0909385e-19              549                0
    -0.0010570998    8.2129482e-05      0.010177105      0.002627793     0.0034524261    0.00071972067    9.1093825e-31   -1.6021766e-19    -9.156439e-20    3.0909385e-19              569                0
    -0.0034194156    1.5213452e-05    -0.0099006649   -6.1658087e-05     0.0021953727   -0.00051058136    9.1093825e-31   -1.6021766e-19    -9.156439e-20    3.0909385e-19             2019                1
     0.0015684983    3.5376885e-05     -0.012929938     0.0015728573     0.0049504098    -0.0010050597    9.1093825e-31   -1.6021766e-19    -9.156439e-20    3.0909385e-19             1995                1
     0.0094985049    7.5379154e-05      -0.01452929   -9.5135954e-05    9.3134608e-05     0.0020946034    9.1093825e-31   -1.6021766e-19    -9.156439e-20    3.0909385e-19              922                0
    -0.0011414437    2.1723354e-05      -0.01240574    -0.0023353188    -0.0032149267   -0.00037807127    9.1093825e-31   -1.6021766e-19    -9.156439e-20    3.0909385e-19              649                0
    -0.0078323148    5.5898236e-05     0.0038528384      0.001185624    0.00040070125     0.0009867819    9.1093825e-31   -1.6021766e-19    -9.156439e-20    3.0909385e-19              934                0
   -0.00094946712     8.165689e-06    -0.0057884897    -0.0014399069     0.0011475963     -0.001523308    9.1093825e-31   -1.6021766e-19    -9.156439e-20    3.0909385e-19             2047                1
    -0.0041019088    5.1509037e-06    -0.0096806409    -0.0019819089     0.0040077064   -0.00023382808    9.1093825e-31   -1.6021766e-19    -9.156439e-20    3.0909385e-19             2093                1
     0.0023361889    9.5860603e-05      0.013328528    0.00037404476   -0.00073335605    0.00070248306    9.1093825e-31   -1.6021766e-19    -9.156439e-20    3.0909385e-19             2061                1
     0.0033414226    5.3361797e-05      0.012731094     0.0010536698     0.0095392922    -0.0007415174    9.1093825e-31   -1.6021766e-19    -9.156439e-20    3.0909385e-19             2000                1
   -1.7970482e-05    9.2060174e-05      0.013797937    0.00078716385     -0.002924528     0.0010724493    9.1093825e-31   -1.6021766e-19    -9.156439e-20    3.0909385e-19             2069                1
     0.0015987231    4.1885101e-05    -0.0030205909     0.0013601047     -0.010508343    0.00076660671    9.1093825e-31   -1.6021766e-19    -9.156439e-20    3.0909385e-19             1998                1
     0.0053999564    4.9725724e-05      0.001997543    0.00056364987    0.00025509842     0.0025721574    9.1093825e-31   -1.6021766e-19    -9.156439e-20    3.0909385e-19               20                0
     0.0075587863    1.4413998e-05    -0.0099662617    0.00041927595    -0.0016762392   -0.00089761754    9.1093825e-31   -1.6021766e-19    -9.156439e-20    3.0909385e-19              786                0
     -0.008883452    9.0387897e-05    -0.0045849546   -0.00061357929    5.8839876e-05     0.0008987335    9.1093825e-31   -1.6021766e-19    -9.156439e-20    3.0909385e-19              849                0
     0.0078850575    2.3300476e-05     0.0028265473    -0.0011041425    -0.0003970156      1.74494e-05    9.1093825e-31   -1.6021766e-19    -9.156439e-20    3.0909385e-19              869                0
     0.0086564291    7.3255083e-05     0.0040126746   -0.00071612862    0.00086637883    -0.0011706128    9.1093825e-31   -1.6021766e-19    -9.156439e-20    3.0909385e-19               36                0
    -0.0013461781     4.910439e-05     -0.012556471    -0.0024904334     0.0081012184    0.00085073366    9.1093825e-31   -1.6021766e-19    -9.156439e-20    3.0909385e-19             2007                1
    0.00038073529    5.8348647e-05      0.012800803   -0.00061057205     0.0076650158   -0.00085277157    9.1093825e-31   -1.6021766e-19    -9.156439e-20    3.0909385e-19             1846                1
     0.0021851368    4.6301495e-05     -0.014758464    0.00032610621     0.0070512514    -5.033351e-05    9.1093825e-31   -1.6021766e-19    -9.156439e-20    3.0909385e-19             1994                1
     0.0060461671    6.8039757e-05      0.011883386    -0.0006834261     0.0018109868     0.0020728786    9.1093825e-31   -1.6021766e-19    -9.156439e-20    3.0909385e-19              280                0
    -0.0047230604    3.2539469e-05    -0.0082423715    -0.0014442112    -0.0030506309     0.0017542122    9.1093825e-31   -1.6021766e-19    -9.156439e-20    3.0909385e-19              591                0
    -0.0093545755    8.0432415e-05     0.0025674177    0.00081087131    0.00054806098    0.00012267363    9.1093825e-31   -1.6021766e-19    -9.156439e-20    3.0909385e-19               44                0
     0.0050559705    8.5941712e-05     0.0072146584   -7.2731659e-06    -0.0036067453   -9.6622834e-06    9.1093825e-31   -1.6021766e-19    -9.156439e-20    3.0909385e-19             2035                1
    0.00037702918    4.2245188e-06    -0.0087966975    -0.0001120107       0.00276549   -0.00038996057    9.1093825e-31   -1.6021766e-19    -9.156439e-20    3.0909385e-19             2087                1
     0.0028469302    5.1414576e-05     0.0099410526    0.00035574255     0.0032584083   -0.00023346626    9.1093825e-31   -1.6021766e-19    -9.156439e-20    3.0909385e-19              177                0
     0.0013648556    1.9174124e-05    -0.0088725416    0.00091291172    -0.0086002219     -0.001968124    9.1093825e-31   -1.6021766e-19    -9.156439e-20    3.0909385e-19             1843                1
   -0.00093582255    2.8231008e-05    -0.0057787178     0.0021876935     0.0064817918     0.0010704598    9.1093825e-31   -1.6021766e-19    -9.156439e-20    3.0909385e-19             2048                1
     -0.006164866    1.7489627e-05    -0.0026840209     0.0053560026     -0.003428834     0.0043185432    9.1093825e-31   -1.6021766e-19    -9.156439e-20    3.0909385e-19             1629                1
    -0.0083507923    5.1843326e-05     0.0037098569    0.00097673677   -1.7780207e-05     -0.003189997    9.1093825e-31   -1.6021766e-19    -9.156439e-20    3.0909385e-19              184                0
   -0.00046791357    3.5478741e-05    -0.0026382557    -0.0020025072    -0.0091247028    -0.0028382223    9.1093825e-31   -1.6021766e-19    -9.156439e-20    3.0909385e-19             1952                1
    -0.0075894133    4.3119991e-05    -0.0048777326    -0.0028517277    -0.0013616588    0.00034600301    9.1093825e-31   -1.6021766e-19    -9.156439e-20    3.0909385e-19              243                0
     0.0013141014    9.7435375e-05      0.011350267    -0.0060490048    -0.0025173887     0.0010579742    9.1093825e-31   -1.6021766e-19    -9.156439e-20    3.0909385e-19             2101                1
    -0.0086347209    4.9369792e-05     0.0021101343    0.00044042821   -5.1067465e-05   -0.00017254616    9.1093825e-31   -1.6021766e-19    -9.156439e-20    3.0909385e-19              264                0
     0.0050856736    6.4101892e-05    0.00031437405    0.00021918571   -0.00039933613    -0.0012759781    9.1093825e-31   -1.6021766e-19    -9.156439e-20    3.0909385e-19              284                0
    -0.0055862824     2.027437e-05      0.005591955    0.00083039253     0.0011572775   -0.00045465428    9.1093825e-31   -1.6021766e-19    -9.156439e-20    3.0909385e-19              906                0
     -0.003919913    6.6344568e-05      0.011615705    -0.0078712134      0.007398081     0.0038268953    9.1093825e-31   -1.6021766e-19    -9.156439e-20    3.0909385e-19             1857                1
     0.0029731134    8.0980506e-05    -0.0008727503   -0.00024254453     0.0028180624     0.0014767413    9.1093825e-31   -1.6021766e-19    -9.156439e-20    3.0909385e-19             1896                1
       0.00458821    7.4274154e-05       0.00410893    -0.0002927985     0.0050311834     0.0023557397    9.1093825e-31   -1.6021766e-19    -9.156439e-20    3.0909385e-19             1876                1
   -0.00098785607    4.9306687e-05    -0.0021090996   -6.8066045e-05    -0.0016964209    0.00018999711    9.1093825e-31   -1.6021766e-19    -9.156439e-20    3.0909385e-19              384                0
      0.001375788    9.2527836e-05      0.011440889     0.0051674908      0.010300156      0.003305597    9.1093825e-31   -1.6021766e-19    -9.156439e-20    3.0909385e-19             1912                1
     0.0011811903    1.1946412e-05    -0.0092704725     0.0056385114    -0.0092667565    0.00018265347    9.1093825e-31   -1.6021766e-19    -9.156439e-20    3.0909385e-19             1867                1
    -0.0092214458    6.3532447e-05   -0.00046158081    2.1869242e-05   -0.00018392257    0.00067072309    9.1093825e-31   -1.6021766e-19    -9.156439e-20    3.0909385e-19              444                0
    -0.0059402706    2.0753594e-05    -0.0019431803    0.00022237985   -0.00074953708    -0.0010531396    9.1093825e-31   -1.6021766e-19    -9.156439e-20    3.0909385e-19              464                0
     0.0010903626    1.9839015e-06    -0.0092728576    9.7064176e-06    -0.0098891994    3.6526893e-05    9.1093825e-31   -1.6021766e-19    -9.156439e-20    3.0909385e-19             1868                1
     0.0055097728    4.1682182e-05     0.0092381332     0.0015659215     0.0026347188     0.0017099478    9.1093825e-31   -1.6021766e-19    -9.156439e-20    3.0909385e-19             1322                1
     0.0024164382    8.8989807e-05      0.010142351   -0.00010572441     0.0052798651    0.00072863686    9.1093825e-31   -1.6021766e-19    -9.156439e-20    3.0909385e-19             1621                1
     0.0033533745    3.1609732e-05    -0.0009611065    0.00041288298    -0.0013984418     0.0010085283    9.1093825e-31   -1.6021766e-19    -9.156439e-20    3.0909385e-19              666                0
     0.0084413011    3.3506039e-05    -0.0038846675   -0.00066094729   -0.00014951547     0.0008832874    9.1093825e-31   -1.6021766e-19    -9.156439e-20    3.0909385e-19              564                0
     0.0040625972    1.8315448e-06     -0.011786024    -0.0047357609     0.0021476164     0.0024953175    9.1093825e-31   -1.6021766e-19    -9.156439e-20    3.0909385e-19             2105                1
    -0.0029998384    1.9906487e-05     -0.010434286    -0.0012409058     0.0023592082     0.0016594246    9.1093825e-31   -1.6021766e-19    -9.156439e-20    3.0909385e-19             2001                1
     -0.001536535     1.967448e-05     -0.011204868     0.0043496783      0.001529998    -0.0023144451    9.1093825e-31   -1.6021766e-19    -9.156439e-20    3.0909385e-19             1987                1
    -0.0030128346    3.4448563e-05     -0.010443754    0.00023819976    -0.0077099754    0.00026522335    9.1093825e-31   -1.6021766e-19    -9.156439e-20    3.0909385e-19             1958                1
    -0.0068410812    6.7099914e-05    0.00082443038    0.00023641918    0.00037353151   -8.8708897e-05    9.1093825e-31   -1.6021766e-19    -9.156439e-20    3.0909385e-19              664                0
    -0.0077133323    2.4705982e-05     -0.014900583    0.00079392234    -0.0013107277    0.00073555467    9.1093825e-31   -1.6021766e-19    -9.156439e-20    3.0909385e-19              684                0
     0.0034009484    5.3475014e-05     0.0047744457   -0.00021787733     0.0019238326    -0.0018769997    9.1093825e-31   -1.6021766e-19    -9.156439e-20    3.0909385e-19              704                0
    -0.0026508514    6.6768735e-05     -0.014309878    -0.0014612604     -0.001754647    0.00011331726    9.1093825e-31   -1.6021766e-19    -9.156439e-20    3.0909385e-19              494                0
    -0.0066337273    5.7895486e-05     0.0093784472     0.0010501725     0.0020812035     0.0016282076    9.1093825e-31   -1.6021766e-19    -9.156439e-20    3.0909385e-19              871                0
     0.0090439059    3.2031228e-06     0.0027839602     -0.001718124   -0.00058154081    -0.0011411423    9.1093825e-31   -1.6021766e-19    -9.156439e-20    3.0909385e-19              831                0
    -0.0066918586    7.8935853e-05     -0.010942803    0.00099568232    -0.0016257156    0.00099989609    9.1093825e-31   -1.6021766e-19    -9.156439e-20    3.0909385e-19              125                0
    -0.0051128673    5.3440559e-05      0.013363776    0.00096927019     0.0024129231    0.00043568015    9.1093825e-31   -1.6021766e-19    -9.156439e-20    3.0909385e-19              804                0
     0.0040101288    2.4339726e-05     -0.012667703    0.00034975028    -0.0027709655     -0.002508837    9.1093825e-31   -1.6021766e-19    -9.156439e-20    3.0909385e-19              266                0
    8.7528839e-05    6.3599524e-05     -0.011954389    0.00032245496    -0.0025793933      0.003115457    9.1093825e-31   -1.6021766e-19    -9.156439e-20    3.0909385e-19              483                0
     -0.005233828    6.0824674e-05      0.013759831      0.001102054     0.0076049473     0.0024848899    9.1093825e-31   -1.6021766e-19    -9.156439e-20    3.0909385e-19             1950                1
    -0.0027931177    7.3085917e-05    -0.0089516109      0.001161459    -0.0027046262     0.0011465427    9.1093825e-31   -1.6021766e-19    -9.156439e-20    3.0909385e-19              360                0
    -0.0015073383    3.0268418e-05     -0.011306493    -0.0029348703     0.0058471346     0.0058407751    9.1093825e-31   -1.6021766e-19    -9.156439e-20    3.0909385e-19             2026                1
     0.0033020137    2.2970666e-05    -0.0014483216    -0.0010965224    -0.0016809219   -0.00047583689    9.1093825e-31   -1.6021766e-19    -9.156439e-20    3.0909385e-19              711                0
     0.0015140222    1.3492701e-05    -0.0051458632     -0.002273723     0.0033745773     0.0058124894    9.1093825e-31   -1.6021766e-19    -9.156439e-20    3.0909385e-19             2056                1
    0.00053955097    4.4406082e-05     -0.011873213    3.4053646e-05    -0.0027275232    0.00023192776    9.1093825e-31   -1.6021766e-19    -9.156439e-20    3.0909385e-19              958                0
     0.0020614886    8.4508254e-05      0.014636216   -0.00089611969     0.0093293823    0.00010924734    9.1093825e-31   -1.6021766e-19    -9.156439e-20    3.0909385e-19             1885                1
    -0.0067901444    6.4472217e-05      0.012229362    0.00034502882     0.0016735342    0.00066921482    9.1093825e-31   -1.6021766e-19    -9.156439e-20    3.0909385e-19              988                0
     0.0075292983    1.7918175e-05     0.0087052211    -0.0013827201     0.0005432489   -0.00062339351    9.1093825e-31   -1.6021766e-19    -9.156439e-20    3.0909385e-19              867                0
     0.0012613472    9.6506381e-05      0.011412562   -0.00023078625     -0.008802318    -0.0015774112    9.1093825e-31   -1.6021766e-19    -9.156439e-20    3.0909385e-19             2114                1
    -0.0022254249    7.5055075e-05      0.002877295     0.0015395056    -0.0058953674     0.0077422005    9.1093825e-31   -1.6021766e-19    -9.156439e-20    3.0909385e-19             2021                1
    0.00035193455    5.8173398e-05    -0.0038334564     0.0038769525    -0.0077029769    -0.0025414317    9.1093825e-31   -1.6021766e-19    -9.156439e-20    3.0909385e-19             1974                1
    -0.0021664754    9.2910122e-05     0.0062654805     0.0047550285    -0.0050524333      0.002196165    9.1093825e-31   -1.6021766e-19    -9.156439e-20    3.0909385e-19             2088                1
      0.003124322    9.8643985e-05      0.014213563     0.0050457246    -0.0018318645    -0.0073334002    9.1093825e-31   -1.6021766e-19    -9.156439e-20    3.0909385e-19             2106                1
    -0.0052375249    2.1430249e-05     0.0068344325     0.0023841702     0.0013358583     0.0021936267    9.1093825e-31   -1.6021766e-19    -9.156439e-20    3.0909385e-19              982                0
   -0.00090037269    7.7412173e-05     0.0068787723   -0.00065061753    -0.0088247601    -0.0024110181    9.1093825e-31   -1.6021766e-19    -9.156439e-20    3.0909385e-19             2068                1
     0.0069734175     2.438429e-05     0.0010171295    -0.0024431392    -0.0012951227     0.0038758654    9.1093825e-31   -1.6021766e-19    -9.156439e-20    3.0909385e-19             1374                1
    -0.0025877103    5.0445713e-05     0.0061287852     0.0013220628     0.0021526848    0.00040558956    9.1093825e-31   -1.6021766e-19    -9.156439e-20    3.0909385e-19              485                0
    -0.0025029085    7.7984787e-06    -0.0021516657    -0.0042093815    -0.0099859769    0.00018156218    9.1093825e-31   -1.6021766e-19    -9.156439e-20    3.0909385e-19             1919                1
     0.0010128388    8.0567566e-05     0.0060099997    0.00044230768     -0.006877041   -0.00057000725    9.1093825e-31   -1.6021766e-19    -9.156439e-20    3.0909385e-19             2060                1
     0.0058687069    3.8493941e-05    -0.0049461587    -0.0013024028     -0.003326819    -0.0021842238    9.1093825e-31   -1.6021766e-19    -9.156439e-20    3.0909385e-19             1641                1
     0.0041852547    8.2764964e-06      -0.01486207     0.0028165472     0.0062673525     0.0043713083    9.1093825e-31   -1.6021766e-19    -9.156439e-20    3.0909385e-19             2089                1
    -0.0040973504    1.1713425e-05    -0.0096788397     0.0015606893      0.009106325     0.0011657898    9.1093825e-31   -1.6021766e-19    -9.156439e-20    3.0909385e-19             2094                1
     0.0033306424    1.0981079e-06    -0.0076274383     0.0035816755   -0.00089609931     -0.003354664    9.1093825e-31   -1.6021766e-19    -9.156439e-20    3.0909385e-19             2017                1
    0.00014135137    3.5588531e-05    -0.0011669265    -0.0010857127       -0.0093254    -0.0018007951    9.1093825e-31   -1.6021766e-19    -9.156439e-20    3.0909385e-19             1963                1
    1.8165674e-05    9.6386109e-05      0.003834472    0.00054695545    -0.0062545771    -0.0032998379    9.1093825e-31   -1.6021766e-19    -9.156439e-20    3.0909385e-19             2111                1
     -0.000355239    8.6812515e-06    0.00033375784   -0.00097915519     0.0031665945    0.00073803676    9.1093825e-31   -1.6021766e-19    -9.156439e-20    3.0909385e-19             2070                1
   -0.00020082171    8.0257611e-05     0.0035156622    0.00077741325    -0.0057147788   -0.00018603614    9.1093825e-31   -1.6021766e-19    -9.156439e-20    3.0909385e-19             2034                1
    0.00045672999    6.4521097e-05    0.00024644754      0.000466636    -0.0055021788     0.0015776161    9.1093825e-31   -1.6021766e-19    -9.156439e-20    3.0909385e-19             1940                1
     0.0014866961    4.2015654e-06    -0.0089289676     -0.000783953     0.0038226962    7.5771197e-05    9.1093825e-31   -1.6021766e-19    -9.156439e-20    3.0909385e-19             2098                1
    -0.0029357811    4.3627671e-05     -0.014443384    -5.174395e-06    -0.0020752768    -0.0013815966    9.1093825e-31   -1.6021766e-19    -9.156439e-20    3.0909385e-19              422                0
     0.0040825754    2.9375191e-05     -0.011658126     0.0054876283     0.0028938458     0.0018586444    9.1093825e-31   -1.6021766e-19    -9.156439e-20    3.0909385e-19             1983                1
    -0.0032964735    6.3891748e-05     0.0061896141    -0.0031341892    -0.0075124246     0.0025511927    9.1093825e-31   -1.6021766e-19    -9.156439e-20    3.0909385e-19             2024                1
     0.0031105077    4.9960719e-05    -0.0043752952    -0.0031878431    -0.0096486239    0.00026148031    9.1093825e-31   -1.6021766e-19    -9.156439e-20    3.0909385e-19             2003                1
    -0.0042189988    6.0797713e-05      0.010324192    -0.0028644358     0.0029621948     0.0010102239    9.1093825e-31   -1.6021766e-19    -9.156439e-20    3.0909385e-19              687                0
   -0.00036362378    1.7510116e-05    0.00033036046    -0.0048291329      0.007219749   -0.00082418113    9.1093825e-31   -1.6021766e-19    -9.156439e-20    3.0909385e-19             2071                1
   -0.00039974571    4.6382174e-05    -0.0077037984    0.00012942709    -0.0067510917      0.001602952    9.1093825e-31   -1.6021766e-19    -9.156439e-20    3.0909385e-19             1808                1
     0.0016378687     9.843694e-05      0.003665721    -0.0018966079    -0.0024540005    -0.0026083849    9.1093825e-31   -1.6021766e-19    -9.156439e-20    3.0909385e-19             2107                1
     0.0053533539    6.4652122e-05     0.0033177964    0.00021268302    0.00072651159   -0.00070530694    9.1093825e-31   -1.6021766e-19    -9.156439e-20    3.0909385e-19              581                0
    -0.0015665975    9.3117269e-05      0.010687175    0.00037910297      0.010788923     0.0018913129    9.1093825e-31   -1.6021766e-19    -9.156439e-20    3.0909385e-19             1951                1
     -0.002611218    7.6769538e-05    0.00073475851     0.0052261651     0.0029811033    -0.0046010907    9.1093825e-31   -1.6021766e-19    -9.156439e-20    3.0909385e-19             1768                1
     0.0013958603    7.2448376e-05     0.0017094798   -0.00010376461    0.00071555161    -0.0016365593    9.1093825e-31   -1.6021766e-19    -9.156439e-20    3.0909385e-19              641                0
    -0.0043175505    3.3916549e-05    -0.0073216921    0.00019054579     0.0059978901     0.0010289644    9.1093825e-31   -1.6021766e-19    -9.156439e-20    3.0909385e-19             2029                1
     -0.002739778    9.9288256e-05     0.0069899899     0.0010547108    -0.0036134461   -0.00012804728    9.1093825e-31   -1.6021766e-19    -9.156439e-20    3.0909385e-19             2118                1
    -0.0029657981     1.301729e-05     -0.010388223    -0.0026244028     0.0066242279     0.0033698743    9.1093825e-31   -1.6021766e-19    -9.156439e-20    3.0909385e-19             2075                1
    -0.0069215214    1.6930655e-05     -0.014224284    -0.0018027977    -0.0014439524   -0.00014440081    9.1093825e-31   -1.6021766e-19    -9.156439e-20    3.0909385e-19              394                0
      0.001353338    5.5338314e-05    -0.0033853676    -0.0013854271    -0.0093213525    -0.0041828677    9.1093825e-31   -1.6021766e-19    -9.156439e-20    3.0909385e-19             2005                1
     0.0011525215    6.9041191e-05     0.0028028707    -0.0079856608    -0.0069913557    0.00069254939    9.1093825e-31   -1.6021766e-19    -9.156439e-20    3.0909385e-19             2020                1
     -0.002969414    1.5766789e-05     -0.010466968     0.0032780215     0.0017456872    -0.0031949594    9.1093825e-31   -1.6021766e-19    -9.156439e-20    3.0909385e-19             2002                1
     0.0041619497    5.1402858e-06    -0.0087081091    -0.0025181617    -0.0097962739    -0.0025892025    9.1093825e-31   -1.6021766e-19    -9.156439e-20    3.0909385e-19             1923                1
     0.0093763797    6.9084454e-05    -0.0042590369    0.00046576207   -0.00051288394     0.0016114756    9.1093825e-31   -1.6021766e-19    -9.156439e-20    3.0909385e-19              821                0
     0.0074792379    9.2764298e-05     0.0080164913     0.0001377891     0.0018162904    0.00043331849    9.1093825e-31   -1.6021766e-19    -9.156439e-20    3.0909385e-19              131                0
    -0.0011664303    7.5065313e-05     0.0055389837    -0.0058374777     -0.004528706     0.0018286724    9.1093825e-31   -1.6021766e-19    -9.156439e-20    3.0909385e-19             2004                1
      0.003390624    9.0846042e-05       0.01269024     0.0025505116      0.010458804   -0.00012266847    9.1093825e-31   -1.6021766e-19    -9.156439e-20    3.0909385e-19             1937                1
   -0.00080648722    4.6982077e-05    -0.0084011666   -0.00081604149    -0.0079658497     0.0011347954    9.1093825e-31   -1.6021766e-19    -9.156439e-20    3.0909385e-19             1973                1
     0.0012352136    6.5775712e-05      0.013591962     0.0030659088     0.0094619868    -0.0045189559    9.1093825e-31   -1.6021766e-19    -9.156439e-20    3.0909385e-19             1960                1
    -0.0091980863    1.9189129e-05      0.012196002    0.00080108683    -0.0002739034   -0.00012317188    9.1093825e-31   -1.6021766e-19    -9.156439e-20    3.0909385e-19              938                0
     0.0015366466    6.0265254e-05     0.0025513386     0.0060071074    -0.0063580144    -0.0024097944    9.1093825e-31   -1.6021766e-19    -9.156439e-20    3.0909385e-19             1985                1
   -0.00064465246    2.8764809e-05    -0.0082201827    -0.0013120429      0.006246299   -0.00076911727    9.1093825e-31   -1.6021766e-19    -9.156439e-20    3.0909385e-19             2036                1
     0.0055037509    7.1340755e-06      0.010676258    3.4763103e-05     0.0010475761   -5.3358141e-05    9.1093825e-31   -1.6021766e-19    -9.156439e-20    3.0909385e-19             1001                1
    -0.0076542851    5.8651181e-06     0.0091870977     0.0030164158   -0.00064228795    -0.0007024298    9.1093825e-31   -1.6021766e-19    -9.156439e-20    3.0909385e-19             1337                1
    -0.0083945654    1.0126649e-05     0.0085006189    0.00073134794    0.00048072956   -0.00013104671    9.1093825e-31   -1.6021766e-19    -9.156439e-20    3.0909385e-19               58                0
     0.0090202652    2.9464538e-06     -0.012615041     0.0013626537     0.0016855092    -0.0021553559    9.1093825e-31   -1.6021766e-19    -9.156439e-20    3.0909385e-19             2078                1
     -0.001188239     8.813975e-05     0.0066115246    0.00057328999    -0.0011579143     0.0020861756    9.1093825e-31   -1.6021766e-19    -9.156439e-20    3.0909385e-19             1979                1
     0.0041471906    7.1344803e-05     0.0011433148    -0.0015698896   -0.00014499979    -0.0015106014    9.1093825e-31   -1.6021766e-19    -9.156439e-20    3.0909385e-19              118                0
     0.0062936493    8.5323765e-05     -0.011454975     0.0020746917    -0.0013077728    0.00039817172    9.1093825e-31   -1.6021766e-19    -9.156439e-20    3.0909385e-19               51                0
    -0.0094438232    2.7356471e-05    -0.0036473975    0.00052561361   -6.1380524e-05    0.00042812046    9.1093825e-31   -1.6021766e-19    -9.156439e-20    3.0909385e-19              158                0
     0.0010136942    5.8083111e-05     0.0060099936   -0.00066266226    -0.0044376957    -0.0011944774    9.1093825e-31   -1.6021766e-19    -9.156439e-20    3.0909385e-19             1969                1
    -0.0013113171    3.1275149e-06     -0.014170761    0.00048561301      0.006429154     0.0013558719    9.1093825e-31   -1.6021766e-19    -9.156439e-20    3.0909385e-19             2113                1
    -0.0067718388    2.4607674e-05     0.0026131473    0.00035516344    -0.0023347458    0.00012426096    9.1093825e-31   -1.6021766e-19    -9.156439e-20    3.0909385e-19             1745                1
     0.0015863286    1.7928312e-05     -0.012927877     0.0023547392     0.0025965967     -0.004379645    9.1093825e-31   -1.6021766e-19    -9.156439e-20    3.0909385e-19             1997                1
     0.0068906127    4.5869776e-05     -0.013584668   -0.00047970223   -0.00076992082    0.00094188371    9.1093825e-31   -1.6021766e-19    -9.156439e-20    3.0909385e-19              213                0
    -0.0010816427    9.0890651e-05     0.0059135701   -0.00089579617    -0.0054879813    0.00031473671    9.1093825e-31   -1.6021766e-19    -9.156439e-20    3.0909385e-19             2077                1
     0.0025462676    8.8267712e-05      0.012241239    -0.0007146328     0.0051953457     0.0001173853    9.1093825e-31   -1.6021766e-19    -9.156439e-20    3.0909385e-19             1468                1
    -0.0061096977    9.6559903e-05    -0.0030405789     0.0021455688   -0.00058083527   -0.00071928895    9.1093825e-31   -1.6021766e-19    -9.156439e-20    3.0909385e-19              318                0
    -0.0091094552    8.5243119e-05    -0.0043532057    -0.0027732195    8.2435072e-05    0.00050311396    9.1093825e-31   -1.6021766e-19    -9.156439e-20    3.0909385e-19              723                0
     0.0033132504    3.8304177e-05      0.014380788   -0.00013844315     0.0070891548    -5.336196e-05    9.1093825e-31   -1.6021766e-19    -9.156439e-20    3.0909385e-19             1988                1
     -0.000117089    4.7141039e-05     0.0035419553    -0.0026078096     -0.012155896    -0.0017789948    9.1093825e-31   -1.6021766e-19    -9.156439e-20    3.0909385e-19             2030                1
     0.0045864969    1.1659508e-05     0.0041941474   -8.3887695e-05    0.00032526848     0.0041151321    9.1093825e-31   -1.6021766e-19    -9.156439e-20    3.0909385e-19              562                0
    -0.0012305764    9.3916642e-05       0.00619114     0.0022418548     0.0029675041    -0.0016025433    9.1093825e-31   -1.6021766e-19    -9.156439e-20    3.0909385e-19              876                0
    -0.0014964158    1.4348224e-05    -0.0086427089     0.0017721362     0.0051156175     0.0083606383    9.1093825e-31   -1.6021766e-19    -9.156439e-20    3.0909385e-19             2067                1
    -0.0040899748    2.2875334e-05     -0.012641828    -0.0008873308    -0.0067252181     0.0018541696    9.1093825e-31   -1.6021766e-19    -9.156439e-20    3.0909385e-19             1898                1
    -0.0089567136    6.7768442e-06      0.013764669     0.0013393776    0.00013894327   -0.00050244154    9.1093825e-31   -1.6021766e-19    -9.156439e-20    3.0909385e-19              503                0
     0.0017904391    8.4913743e-05      0.012081273      -0.00094477      0.010353991      0.001885985    9.1093825e-31   -1.6021766e-19    -9.156439e-20    3.0909385e-19             1942                1
    -0.0089034559    7.5871882e-05    -0.0012095518    0.00077495654    0.00042364138     -0.001787691    9.1093825e-31   -1.6021766e-19    -9.156439e-20    3.0909385e-19              518                0
     0.0016447335    8.9944821e-05     0.0072372025   -0.00020505984    -0.0021601098     0.0052365842    9.1093825e-31   -1.6021766e-19    -9.156439e-20    3.0909385e-19             2022                1
      0.003304227    7.1919021e-05      0.007955269   -0.00074270845     0.0028676139   -0.00054048561    9.1093825e-31   -1.6021766e-19    -9.156439e-20    3.0909385e-19              903                0
    -0.0085224723    3.5829049e-05       0.01013985     0.0010004981    0.00078356394    0.00071651285    9.1093825e-31   -1.6021766e-19    -9.156439e-20    3.0909385e-19              578                0
     -0.002492443    4.3997279e-06    -0.0021460261   -0.00057710096      -0.01365168   -0.00052397093    9.1093825e-31   -1.6021766e-19    -9.156439e-20    3.0909385e-19             1981                1
     0.0082021737    3.1764175e-05     0.0096022934     0.0017278425    0.00080937566    0.00014769084    9.1093825e-31   -1.6021766e-19    -9.156439e-20    3.0909385e-19              618                0
    0.00072741375    4.4171011e-06    -0.0040698051    0.00088603242     0.0016321685      0.001307018    9.1093825e-31   -1.6021766e-19    -9.156439e-20    3.0909385e-19             2072                1
    -0.0073843324    1.0036182e-05    -0.0089629823     0.0022083293    -0.0013584462   -0.00017535925    9.1093825e-31   -1.6021766e-19    -9.156439e-20    3.0909385e-19              725                0
     0.0045267739    8.8418201e-06    -0.0019957817   -3.5587145e-05     -0.011921347    8.3108716e-06    9.1093825e-31   -1.6021766e-19    -9.156439e-20    3.0909385e-19             1970                1
    -0.0011753258     1.130916e-05    -0.0041474495     0.0012050979     0.0058240741    -0.0015981145    9.1093825e-31   -1.6021766e-19    -9.156439e-20    3.0909385e-19             2079                1
     0.0018947084    3.8603357e-05     -0.012609279    0.00083088473     0.0064280806   -0.00011790649    9.1093825e-31   -1.6021766e-19    -9.156439e-20    3.0909385e-19             2008                1
   -0.00097717601    1.9333756e-05    -0.0058948561   -0.00018617469     -0.011336725    -0.0052823778    9.1093825e-31   -1.6021766e-19    -9.156439e-20    3.0909385e-19             1966                1
     0.0011748858    6.6564891e-05    -0.0066874935    0.00043030389   -0.00081223546    -0.0029009224    9.1093825e-31   -1.6021766e-19    -9.156439e-20    3.0909385e-19             1814                1
    -0.0012218819     8.955034e-05     0.0066308803     0.0025204376    -0.0020907656    -0.0023795564    9.1093825e-31   -1.6021766e-19    -9.156439e-20    3.0909385e-19             2011                1
      0.001766246     9.293067e-05      0.010647947    -0.0089620864   -0.00056652556    -0.0031661319    9.1093825e-31   -1.6021766e-19    -9.156439e-20    3.0909385e-19             2023                1
    -0.0010392655    8.9386529e-05     0.0060637794   -0.00099018333    -0.0066516139    -3.746519e-06    9.1093825e-31   -1.6021766e-19    -9.156439e-20    3.0909385e-19             2081                1
    -0.0066640186    4.0549516e-05     0.0050513716     -0.000441671    0.00088525878     0.0010690072    9.1093825e-31   -1.6021766e-19    -9.156439e-20    3.0909385e-19              573                0
     0.0066286926    7.0810274e-05     -0.011513121   -0.00014685545   -0.00096499536    0.00042340037    9.1093825e-31   -1.6021766e-19    -9.156439e-20    3.0909385e-19              274                0
    -0.0056450735    9.5314543e-05     0.0078972587   -0.00082502118     0.0020143131   -0.00073085347    9.1093825e-31   -1.6021766e-19    -9.156439e-20    3.0909385e-19              878                0
     0.0042850827    2.5471786e-06    -0.0086444346    -0.0066075888     0.0019221663    -0.0067028482    9.1093825e-31   -1.6021766e-19    -9.156439e-20    3.0909385e-19             2095                1
     0.0016223617    7.0073111e-05     0.0073766834    8.3186314e-05    -0.0084711285    8.4291663e-05    9.1093825e-31   -1.6021766e-19    -9.156439e-20    3.0909385e-19             2049                1
     0.0013065189    4.2833984e-05     0.0024737841   -0.00010833648    -0.0077064638     -0.004804817    9.1093825e-31   -1.6021766e-19    -9.156439e-20    3.0909385e-19             1968                1
     0.0018655421    9.3022252e-05      0.012027818     0.0078410925    -0.0032529929     0.0071819755    9.1093825e-31   -1.6021766e-19    -9.156439e-20    3.0909385e-19             2073                1
   -0.00062593317    3.0798004e-05    -0.0082962858     0.0022861559     0.0067546335     0.0031207509    9.1093825e-31   -1.6021766e-19    -9.156439e-20    3.0909385e-19             2037                1
    -0.0062941122    3.9042181e-05     0.0054559195   -0.00082407083     0.0010941719    -0.0027880075    9.1093825e-31   -1.6021766e-19    -9.156439e-20    3.0909385e-19              985                0
     0.0019937127    5.6305293e-05      0.010730222     0.0014506846      0.008895929    -0.0042426111    9.1093825e-31   -1.6021766e-19    -9.156439e-20    3.0909385e-19             1992                1
     0.0076523093    7.6196302e-05    0.00065166753   -0.00056296081    -6.259347e-05     0.0012065553    9.1093825e-31   -1.6021766e-19    -9.156439e-20    3.0909385e-19              614                0
   -0.00019148219    2.0047566e-05    -0.0075585623   -0.00064536388     -0.011710871    0.00016769722    9.1093825e-31   -1.6021766e-19    -9.156439e-20    3.0909385e-19             1986                1
    -0.0024149809    6.1248764e-05    -0.0021566765     0.0015973937    -0.0075371764     0.0018301633    9.1093825e-31   -1.6021766e-19    -9.156439e-20    3.0909385e-19             1989                1
    9.4196555e-05    3.8633869e-05     -0.013352059   -7.9253616e-05    -0.0028847994    0.00029442058    9.1093825e-31   -1.6021766e-19    -9.156439e-20    3.0909385e-19               79                0
   -0.00085143733     2.970974e-06    -0.0084175188     0.0021579466     -0.010135624      -0.00475808    9.1093825e-31   -1.6021766e-19    -9.156439e-20    3.0909385e-19             1877                1
    -0.0060359137    9.9551005e-05     0.0028877091    0.00085263874    0.00071548414    -0.0011022184    9.1093825e-31   -1.6021766e-19    -9.156439e-20    3.0909385e-19              990                0
     0.0081777936     3.167911e-06     -0.013388169   -0.00015528795    0.00039793036    0.00082560326    9.1093825e-31   -1.6021766e-19    -9.156439e-20    3.0909385e-19             1982                1
    4.6456371e-05    2.6295228e-07    -0.0011547105     0.0026287131     -0.013617317     0.0011954313    9.1093825e-31   -1.6021766e-19    -9.156439e-20    3.0909385e-19             1971                1
     0.0030524759    9.2826136e-05    -0.0023636003    -0.0032255035     0.0021944405     0.0041351719    9.1093825e-31   -1.6021766e-19    -9.156439e-20    3.0909385e-19             1810                1
    0.00079255999    7.2619965e-05     0.0011131261    0.00078874489    -0.0070488444   -0.00067479286    9.1093825e-31   -1.6021766e-19    -9.156439e-20    3.0909385e-19             2027                1
     0.0076667243    8.4024759e-05     0.0052238232    -0.0010241849    0.00080770435     0.0030265825    9.1093825e-31   -1.6021766e-19    -9.156439e-20    3.0909385e-19              219                0
   -4.8010646e-05    7.4955955e-05      0.013829953    0.00052951748    -0.0073403171    -0.0010442452    9.1093825e-31   -1.6021766e-19    -9.156439e-20    3.0909385e-19             2058                1
     0.0011938118    9.3181123e-05      0.013619123    -0.0014610809    -0.0055010319   -0.00035758028    9.1093825e-31   -1.6021766e-19    -9.156439e-20    3.0909385e-19             2097                1
   -0.00068724557    3.9070565e-05    -0.0082734022    -0.0023869148    -0.0074216621    -0.0018612663    9.1093825e-31   -1.6021766e-19    -9.156439e-20    3.0909385e-19             1822                1
     0.0012605374    9.8076976e-05      0.011412462    -0.0022756965    -0.0048358529    -0.0018286677    9.1093825e-31   -1.6021766e-19    -9.156439e-20    3.0909385e-19             2115                1
    -0.0082032755    7.1686169e-05     -0.008439756    8.4356339e-05     -0.002545754    -0.0021873019    9.1093825e-31   -1.6021766e-19    -9.156439e-20    3.0909385e-19             1848                1
    0.00026902565    8.8586305e-05      0.012486026    -0.0032387015    -0.0021054214    -0.0021195731    9.1093825e-31   -1.6021766e-19    -9.156439e-20    3.0909385e-19             2044                1
    -0.0091428692    4.8751255e-05     0.0022311434    -0.0022353795    0.00049255928    -0.0018362512    9.1093825e-31   -1.6021766e-19    -9.156439e-20    3.0909385e-19              978                0
    -0.0031269325    2.7963541e-05      0.002353667    -0.0010573076    0.00070426735     0.0022443256    9.1093825e-31   -1.6021766e-19    -9.156439e-20    3.0909385e-19              512                0
     0.0080981469    2.0012594e-05        0.0149187   -0.00069603865    0.00020586007     0.0010854485    9.1093825e-31   -1.6021766e-19    -9.156439e-20    3.0909385e-19              986                0
    -0.0090544103    5.5448814e-05     0.0023707338   -0.00065794535   -0.00030553446     0.0014006445    9.1093825e-31   -1.6021766e-19    -9.156439e-20    3.0909385e-19              874                0
    -0.0060215387    4.5761277e-05    -0.0093199955     0.0014271706    -0.0056098043     0.0003130041    9.1093825e-31   -1.6021766e-19    -9.156439e-20    3.0909385e-19             1902                1
    -0.0034094334    1.6495727e-05    -0.0099616339     -0.006486774     0.0056903712    0.00073433196    9.1093825e-31   -1.6021766e-19    -9.156439e-20    3.0909385e-19             2062                1
     0.0025367346    4.5528719e-05    -0.0077830413    -0.0025073686    -0.0093996711    -0.0016253876    9.1093825e-31   -1.6021766e-19    -9.156439e-20    3.0909385e-19             1999                1
   -0.00070382998    1.4547156e-06    -0.0083696553   -0.00087149168     0.0036583405   -0.00041897298    9.1093825e-31   -1.6021766e-19    -9.156439e-20    3.0909385e-19             2116                1
     0.0089360969    1.7536651e-05      0.013174652     0.0016530742     0.0020031354      -0.00142103    9.1093825e-31   -1.6021766e-19    -9.156439e-20    3.0909385e-19             1962                1
    -0.0029376901    3.3148146e-05    0.00017166969    -0.0029435898   -0.00039912993    -0.0029541468    9.1093825e-31   -1.6021766e-19    -9.156439e-20    3.0909385e-19              303                0
     0.0047661634    8.4999629e-06     -0.003464041   -0.00050962332    -0.0099175656    -0.0026148865    9.1093825e-31   -1.6021766e-19    -9.156439e-20    3.0909385e-19             1931                1
     0.0018805888     8.641903e-05      0.010550663     -0.004799583    -0.0075302506   -0.00044972164    9.1093825e-31   -1.6021766e-19    -9.156439e-20    3.0909385e-19             2080                1
      0.002411955    2.7461985e-05    -0.0092749055    0.00058343529    -0.0083824424    0.00056660746    9.1093825e-31   -1.6021766e-19    -9.156439e-20    3.0909385e-19             1917                1
     0.0042972318    3.2800481e-06    -0.0086333686     0.0028320129     0.0024935713     0.0018965665    9.1093825e-31   -1.6021766e-19    -9.156439e-20    3.0909385e-19             2096                1
     0.0011504637    1.3895398e-05    -0.0095587987   -0.00040047208      0.003198599    0.00036021514    9.1093825e-31   -1.6021766e-19    -9.156439e-20    3.0909385e-19             2042                1
   -0.00064076012    2.4094863e-05    -0.0077357488     0.0016617106     -0.010187137      0.002058757    9.1093825e-31   -1.6021766e-19    -9.156439e-20    3.0909385e-19             1964                1
      -0.00126193    1.6256012e-05     -0.014210938     -0.005228465     0.0044472436     -0.002349531    9.1093825e-31   -1.6021766e-19    -9.156439e-20    3.0909385e-19             2033                1
     -0.001823875    8.3218605e-05     0.0039689001    -0.0013922009     0.0017402832    9.2405164e-05    9.1093825e-31   -1.6021766e-19    -9.156439e-20    3.0909385e-19              699                0
    -0.0082872305    4.7362686e-05      0.014620688    7.2595059e-05    0.00085585209     0.0012160131    9.1093825e-31   -1.6021766e-19    -9.156439e-20    3.0909385e-19              719                0
     0.0072975401    8.1947568e-05     0.0059179198   -0.00062788877    0.00089793088     0.0019553057    9.1093825e-31   -1.6021766e-19    -9.156439e-20    3.0909385e-19              828                0
     0.0033460241    8.3786879e-05      0.012692899    -0.0058094361    -0.0031856215    0.00048351259    9.1093825e-31   -1.6021766e-19    -9.156439e-20    3.0909385e-19             2040                1
   -0.00093059795     4.881982e-06    -0.0084280074    -0.0024065748     0.0027648369    -0.0035333545    9.1093825e-31   -1.6021766e-19    -9.156439e-20    3.0909385e-19             2082                1
     9.667944e-05    1.1199481e-05    -0.0012685161     0.0038923519      0.010969395     0.0034346471    9.1093825e-31   -1.6021766e-19    -9.156439e-20    3.0909385e-19             2099                1
     0.0030600149    9.0534551e-05       0.01429929    -0.0056694336    -0.0093648396     0.0019013018    9.1093825e-31   -1.6021766e-19    -9.156439e-20    3.0909385e-19             2100                1
    -0.0014512513    4.5469728e-06     -0.012373471    4.1382304e-05     0.0077479426    -0.0024421993    9.1093825e-31   -1.6021766e-19    -9.156439e-20    3.0909385e-19             2108                1
     0.0032945659    9.9591605e-05     0.0092449831     0.0046807327    -0.0041254172     -0.008062358    9.1093825e-31   -1.6021766e-19    -9.156439e-20    3.0909385e-19             2119                1
    0.00089532573    9.9338118e-05     0.0078494539   -0.00023128683    -0.0066857697    0.00018757956    9.1093825e-31   -1.6021766e-19    -9.156439e-20    3.0909385e-19             2120                1
