%  ASCII export : 
%
%  Momentum is normalized to the product of particle's mass and speed of light.
%  All other quantities are in SI units.
%
%            posX             posY             posZ             momX             momY             momZ             mass           charge     macro-charge             time       particleID         sourceID

    -0.0012857924    5.4889588e-05     -0.012508582     0.0048129787    -0.0065699969     0.0028575091    9.1093825e-31   -1.6021766e-19    -9.156439e-20    3.7745112e-19             2186                1
   -0.00086982461    7.1745322e-05     0.0058386191    0.00044869451      0.011616935   -0.00012238399    9.1093825e-31   -1.6021766e-19    -9.156439e-20    3.7745112e-19             2284                1
    -0.0089385649    1.0769404e-06    -0.0088863168     0.0015379563   -0.00083062227   -0.00056512369    9.1093825e-31   -1.6021766e-19    -9.156439e-20    3.7745112e-19                5                0
    -0.0026033153    2.8471768e-05    6.9183348e-05   -0.00029373492      0.002708087   -0.00056127127    9.1093825e-31   -1.6021766e-19    -9.156439e-20    3.7745112e-19              348                0
    -0.0092247855    1.8901763e-05    -0.0044437102     0.0020726693   -0.00047934829    0.00085979555    9.1093825e-31   -1.6021766e-19    -9.156439e-20    3.7745112e-19             1002                1
    -0.0014232424    6.1632971e-05    -0.0085105551     0.0057922374    -0.0064412621     0.0041836714    9.1093825e-31   -1.6021766e-19    -9.156439e-20    3.7745112e-19             2273                1
    -0.0063323006    1.0305674e-05     0.0040036743    5.3900454e-05     0.0012019855    2.9674335e-05    9.1093825e-31   -1.6021766e-19    -9.156439e-20    3.7745112e-19              997                0
   -0.00065761892    6.2226223e-05     -0.012177065    0.00042885571    -0.0019326609    -0.0011839182    9.1093825e-31   -1.6021766e-19    -9.156439e-20    3.7745112e-19               55                0
     0.0063506779    3.9415372e-06      0.014306218   -0.00054806494    -0.0011665142    0.00091659627    9.1093825e-31   -1.6021766e-19    -9.156439e-20    3.7745112e-19              171                0
     0.0018502963    3.6745048e-05      0.010499581     0.0011957834       0.00562937    -0.0041658804    9.1093825e-31   -1.6021766e-19    -9.156439e-20    3.7745112e-19             2238                1
     0.0044294274    2.7354399e-05     0.0052659209   -0.00056404795     0.0018081833   -0.00038394297    9.1093825e-31   -1.6021766e-19    -9.156439e-20    3.7745112e-19              154                0
     0.0065707625    7.6351083e-05     -0.013348729     0.0014245227   -0.00097011746     0.0013948424    9.1093825e-31   -1.6021766e-19    -9.156439e-20    3.7745112e-19              488                0
    -0.0024587342    5.5032306e-05     -0.014822445    -0.0012170104    -0.0027625405    0.00063454919    9.1093825e-31   -1.6021766e-19    -9.156439e-20    3.7745112e-19               27                0
     0.0032706074    3.6130139e-05      0.012687582     0.0020206696     0.0078096543    -0.0022771128    9.1093825e-31   -1.6021766e-19    -9.156439e-20    3.7745112e-19             2322                1
   -0.00080770807    9.4108385e-05    -0.0028189435    -0.0079576457    -0.0022146052   -0.00073425297    9.1093825e-31   -1.6021766e-19    -9.156439e-20    3.7745112e-19             2363                1
      0.001306958    4.5281042e-05      0.011350051    -0.0027596222     0.0069185924    0.00051197282    9.1093825e-31   -1.6021766e-19    -9.156439e-20    3.7745112e-19             2267                1
     0.0080839125    1.1175859e-05      0.014940947   -0.00069181767   -0.00093907042     0.0010856109    9.1093825e-31   -1.6021766e-19    -9.156439e-20    3.7745112e-19              986                0
     0.0079708248    4.1142453e-06     0.0085944571    -0.0021698724   -0.00013026896    -0.0002015377    9.1093825e-31   -1.6021766e-19    -9.156439e-20    3.7745112e-19              961                0
     0.0087521197    1.3658093e-05    0.00017411978     0.0020859432     0.0001545486     0.0001731478    9.1093825e-31   -1.6021766e-19    -9.156439e-20    3.7745112e-19              386                0
     0.0016531189    5.5967121e-05      0.007312852     0.0018756497      0.011434874   -4.3015643e-06    9.1093825e-31   -1.6021766e-19    -9.156439e-20    3.7745112e-19             2316                1
     0.0008023972    8.8755951e-05     0.0011408433    0.00029850224      0.010233152     0.0025844336    9.1093825e-31   -1.6021766e-19    -9.156439e-20    3.7745112e-19             2217                1
    -0.0012131421    4.2565505e-05     0.0066030985     -0.004570175     0.0092192404     0.0010628824    9.1093825e-31   -1.6021766e-19    -9.156439e-20    3.7745112e-19             2317                1
    -0.0052136309    5.3167794e-05      0.008946388     0.0014725298    0.00036384095   -0.00043933847    9.1093825e-31   -1.6021766e-19    -9.156439e-20    3.7745112e-19              355                0
     0.0076607089    3.7698283e-05     -0.011886156   -0.00082644908   -0.00077482703     0.0007092763    9.1093825e-31   -1.6021766e-19    -9.156439e-20    3.7745112e-19              451                0
    -0.0011212257    9.6054799e-05     0.0058789128    -0.0013979287    -0.0033184241    0.00093851198    9.1093825e-31   -1.6021766e-19    -9.156439e-20    3.7745112e-19             2389                1
    -0.0064218976    3.7705773e-05    -0.0020175343   -0.00012557422     0.0014387638    0.00093381089    9.1093825e-31   -1.6021766e-19    -9.156439e-20    3.7745112e-19               32                0
    0.00068499695    6.1265433e-05     0.0097356625   -1.7611672e-05      0.011746779    0.00016816004    9.1093825e-31   -1.6021766e-19    -9.156439e-20    3.7745112e-19             2313                1
     0.0082419692    2.9548295e-05     0.0006300821    -0.0016567976    0.00060946506    -0.0006217357    9.1093825e-31   -1.6021766e-19    -9.156439e-20    3.7745112e-19              455                0
    -0.0021155807    6.6161374e-05     0.0062767719   -0.00012235246      0.010046588    -0.0013446948    9.1093825e-31   -1.6021766e-19    -9.156439e-20    3.7745112e-19             2269                1
     0.0031041664     6.256294e-05    -0.0043642442      0.001652651    -0.0085973367    -0.0026584503    9.1093825e-31   -1.6021766e-19    -9.156439e-20    3.7745112e-19             2335                1
    -0.0035083629    1.6571628e-05     0.0025177703   -0.00074552908   -0.00094360503     0.0011944817    9.1093825e-31   -1.6021766e-19    -9.156439e-20    3.7745112e-19             2153                1
    -0.0010572127    9.9468554e-05     0.0059385793   -0.00035260286    -0.0017310421     0.0018164844    9.1093825e-31   -1.6021766e-19    -9.156439e-20    3.7745112e-19             2407                1
    -0.0018026707     9.594619e-05     0.0019493636    -0.0029943164    -0.0036238506     -0.008916215    9.1093825e-31   -1.6021766e-19    -9.156439e-20    3.7745112e-19             2391                1
     0.0019023779     7.391793e-05       0.01071892    -0.0028542145     0.0025612894    -0.0015563385    9.1093825e-31   -1.6021766e-19    -9.156439e-20    3.7745112e-19             1991                1
    -0.0023902778    8.6325257e-05    -0.0021803712   -0.00047117751    -0.0027618622    -0.0015382638    9.1093825e-31   -1.6021766e-19    -9.156439e-20    3.7745112e-19             2328                1
    -0.0054612597    5.2356681e-06     0.0063851294     0.0014583103     0.0012051936     0.0014965868    9.1093825e-31   -1.6021766e-19    -9.156439e-20    3.7745112e-19              902                0
    -0.0028669867    7.8573306e-05    -0.0057297298      0.001113668    -0.0073637078   -0.00069728552    9.1093825e-31   -1.6021766e-19    -9.156439e-20    3.7745112e-19             2365                1
     0.0033712748    7.7171622e-05      0.012617824    0.00050754746      0.012870097     0.0011756992    9.1093825e-31   -1.6021766e-19    -9.156439e-20    3.7745112e-19             2308                1
     0.0012596861     6.666698e-05      0.011397614    4.1551495e-05     0.0079467436   -3.8112314e-05    9.1093825e-31   -1.6021766e-19    -9.156439e-20    3.7745112e-19             2241                1
    -0.0066011483    2.1888289e-05     0.0039079678     0.0030824554      0.001294262    -0.0015918101    9.1093825e-31   -1.6021766e-19    -9.156439e-20    3.7745112e-19              695                0
     0.0070362473    8.5419852e-05     0.0080643706    0.00094064977     0.0026240868   -0.00055312132    9.1093825e-31   -1.6021766e-19    -9.156439e-20    3.7745112e-19             1763                1
      0.003078382    8.8454421e-05    -0.0043705339    -0.0037703817    -0.0031485411    -0.0039847414    9.1093825e-31   -1.6021766e-19    -9.156439e-20    3.7745112e-19             2334                1
     0.0065989126    6.5016298e-05    -0.0075860601     0.0022496958    0.00079193205     0.0016485039    9.1093825e-31   -1.6021766e-19    -9.156439e-20    3.7745112e-19                4                0
    -0.0031486787    1.0711679e-05     0.0023996863    -0.0010652267      0.002837975     0.0022469843    9.1093825e-31   -1.6021766e-19    -9.156439e-20    3.7745112e-19              512                0
    -0.0044479389    8.6595493e-05      0.012072329    8.6216525e-05    0.00045869965    -0.0001476247    9.1093825e-31   -1.6021766e-19    -9.156439e-20    3.7745112e-19             1316                1
    -0.0061338432    2.1105907e-05     -0.012051576   -1.8891332e-06    -0.0012025951    -0.0013669442    9.1093825e-31   -1.6021766e-19    -9.156439e-20    3.7745112e-19              385                0
   -3.6292804e-05    7.2525429e-05     0.0036656801     0.0040566102    -0.0046244403     0.0021738077    9.1093825e-31   -1.6021766e-19    -9.156439e-20    3.7745112e-19             2340                1
    -0.0018015133    9.6964017e-05     0.0019516461    -0.0019314701    -0.0026890635    -0.0068199276    9.1093825e-31   -1.6021766e-19    -9.156439e-20    3.7745112e-19             2390                1
    0.00012735109    5.1114963e-05     -0.005911354    -0.0039716894    -0.0074309059    -0.0044647157    9.1093825e-31   -1.6021766e-19    -9.156439e-20    3.7745112e-19             2286                1
    -0.0051470562    7.9700389e-05     0.0061382144    -0.0010849288     0.0018484972     0.0012494681    9.1093825e-31   -1.6021766e-19    -9.156439e-20    3.7745112e-19              895                0
     0.0012361761    1.0805547e-05      0.011396782    0.00062323827     0.0034751452    0.00098902476    9.1093825e-31   -1.6021766e-19    -9.156439e-20    3.7745112e-19             2292                1
     0.0061093238    2.3225362e-05     0.0048388797    -0.0011030878     0.0015061365    0.00066410925    9.1093825e-31   -1.6021766e-19    -9.156439e-20    3.7745112e-19              751                0
     0.0014444218    3.5193101e-05     -0.012940516    -0.0075836959    -0.0081461314    -0.0029197258    9.1093825e-31   -1.6021766e-19    -9.156439e-20    3.7745112e-19             2190                1
    -0.0042927023    8.2210099e-05    -0.0072997566     0.0020750295    -0.0028914958     0.0011073226    9.1093825e-31   -1.6021766e-19    -9.156439e-20    3.7745112e-19             2244                1
   -0.00044932988    4.8130103e-05    -0.0026986324    0.00074876461    -0.0089889588    -0.0018213647    9.1093825e-31   -1.6021766e-19    -9.156439e-20    3.7745112e-19             2319                1
    -0.0073933909    7.2727256e-05    -0.0070951427    -0.0011673366    0.00021877991    -0.0026722879    9.1093825e-31   -1.6021766e-19    -9.156439e-20    3.7745112e-19              532                0
     0.0055462634    4.1923679e-05      0.011525534     0.0017135898    -0.0027702923    -0.0013490043    9.1093825e-31   -1.6021766e-19    -9.156439e-20    3.7745112e-19             2103                1
     0.0055028172    2.4529945e-05      0.010674812   -0.00014865975     0.0041647987   -8.8668545e-05    9.1093825e-31   -1.6021766e-19    -9.156439e-20    3.7745112e-19             2272                1
    -0.0013750166    4.4028715e-05    -0.0080015045    -0.0025799479    -0.0083706714    -0.0028751637    9.1093825e-31   -1.6021766e-19    -9.156439e-20    3.7745112e-19             2277                1
     0.0025999779    4.6553796e-05      0.012244585     0.0052097016    -0.0028354416     0.0019949023    9.1093825e-31   -1.6021766e-19    -9.156439e-20    3.7745112e-19             2210                1
   -0.00088017766    9.4858646e-05    -0.0057129227     0.0032068819    -0.0013984659     0.0052075889    9.1093825e-31   -1.6021766e-19    -9.156439e-20    3.7745112e-19             2253                1
    -0.0025293105    7.5569973e-05    0.00065537955   -0.00060055073    -0.0053037535    -0.0011736441    9.1093825e-31   -1.6021766e-19    -9.156439e-20    3.7745112e-19             2344                1
      0.001014536    7.8298457e-05    -0.0095364517    -0.0052665439    -0.0078590149    8.2740444e-05    9.1093825e-31   -1.6021766e-19    -9.156439e-20    3.7745112e-19             2364                1
     0.0016382996    2.8073353e-05     -0.012986066     0.0028560117     -0.011994786   -0.00033478002    9.1093825e-31   -1.6021766e-19    -9.156439e-20    3.7745112e-19             2290                1
      0.001154119     6.217591e-05    -0.0095692184     0.0011755454    -0.0074316175    -0.0020187669    9.1093825e-31   -1.6021766e-19    -9.156439e-20    3.7745112e-19             2294                1
    0.00044625546    2.0538082e-06    -0.0088467421    -0.0076590898     0.0023181415    -0.0013612302    9.1093825e-31   -1.6021766e-19    -9.156439e-20    3.7745112e-19             2395                1
     0.0061937314    9.6124633e-05     -0.014233153     0.0010433183   -0.00065033097   -0.00096890354    9.1093825e-31   -1.6021766e-19    -9.156439e-20    3.7745112e-19              365                0
    -0.0010739194    9.6494397e-05     0.0060890974    -0.0067334999    -0.0015695394     0.0021139823    9.1093825e-31   -1.6021766e-19    -9.156439e-20    3.7745112e-19             2385                1
    -0.0082016233    3.7943359e-05    -0.0084846057    8.3811021e-05    -0.0017390385    -0.0021885019    9.1093825e-31   -1.6021766e-19    -9.156439e-20    3.7745112e-19             1848                1
    -0.0082858065    5.2950203e-05      0.014645604    6.7900102e-05   -0.00013029271     0.0012157178    9.1093825e-31   -1.6021766e-19    -9.156439e-20    3.7745112e-19              719                0
    -0.0090679349    4.5241894e-05     0.0023994385   -0.00066113682   -3.6689951e-05     0.0014006138    9.1093825e-31   -1.6021766e-19    -9.156439e-20    3.7745112e-19              874                0
     0.0011746332    7.8623249e-05    -0.0092240442   -0.00025568713     -0.007299725    0.00016814623    9.1093825e-31   -1.6021766e-19    -9.156439e-20    3.7745112e-19             2361                1
    -0.0052741808    1.3229164e-06      0.013719084    -0.0029865417    -0.0065479586     -0.003448403    9.1093825e-31   -1.6021766e-19    -9.156439e-20    3.7745112e-19             2181                1
    -0.0042460966    5.5582823e-05     0.0060210805     0.0015842177     0.0017682541   -0.00078333291    9.1093825e-31   -1.6021766e-19    -9.156439e-20    3.7745112e-19              628                0
     0.0065927212    1.7295146e-05     0.0056863278    0.00045323934    0.00049847021   -0.00062842027    9.1093825e-31   -1.6021766e-19    -9.156439e-20    3.7745112e-19              420                0
     0.0016249844    9.9416706e-05     0.0073725116    -0.0015175851   -0.00049722451      0.002616684    9.1093825e-31   -1.6021766e-19    -9.156439e-20    3.7745112e-19             2396                1
   -0.00017884545    9.8827055e-05     0.0034552938     0.0053219479    -0.0039153239    0.00042310686    9.1093825e-31   -1.6021766e-19    -9.156439e-20    3.7745112e-19             2408                1
     0.0017879072     4.729522e-05      0.012157539    -0.0014111891     0.0083806543   -0.00037945891    9.1093825e-31   -1.6021766e-19    -9.156439e-20    3.7745112e-19             2300                1
     0.0072847297    7.3701769e-05     0.0059579881   -0.00062236382     0.0008211112     0.0019552577    9.1093825e-31   -1.6021766e-19    -9.156439e-20    3.7745112e-19              828                0
    -0.0066582952     9.587899e-05    -0.0032034549      0.001118602     0.0019200185    0.00097753026    9.1093825e-31   -1.6021766e-19    -9.156439e-20    3.7745112e-19              984                0
    -0.0035679073    2.3162214e-05    -0.0013367399      0.004110212   -6.1370018e-05     0.0059557515    9.1093825e-31   -1.6021766e-19    -9.156439e-20    3.7745112e-19             1938                1
    -0.0016679891    9.6393873e-05      0.010744313    -0.0015706505      0.011792316     0.0018785868    9.1093825e-31   -1.6021766e-19    -9.156439e-20    3.7745112e-19             2262                1
     0.0053041326    2.7118282e-05     0.0064290855     0.0011047188     0.0010362931   -0.00040203935    9.1093825e-31   -1.6021766e-19    -9.156439e-20    3.7745112e-19              580                0
     0.0028481914    9.3371033e-05    -0.0069833798    -0.0042274036     0.0052170907     0.0023204514    9.1093825e-31   -1.6021766e-19    -9.156439e-20    3.7745112e-19             2152                1
     0.0083669592     5.354586e-05     -0.012665875    -0.0022280514    2.8451614e-05     0.0022222307    9.1093825e-31   -1.6021766e-19    -9.156439e-20    3.7745112e-19              586                0
    -0.0016515419    6.0967101e-05      -0.01117445    0.00094202731    -0.0061531132   -8.3648978e-05    9.1093825e-31   -1.6021766e-19    -9.156439e-20    3.7745112e-19             2214                1
    -0.0050458256    6.5440319e-05    -0.0052008196     0.0010350223     0.0014798492   -0.00094643753    9.1093825e-31   -1.6021766e-19    -9.156439e-20    3.7745112e-19              660                0
     0.0013837873    8.7419452e-05       0.01144902    -0.0018269673      0.010315419    0.00022210405    9.1093825e-31   -1.6021766e-19    -9.156439e-20    3.7745112e-19             2254                1
    -0.0077665462    2.9346011e-05      0.010998263    0.00061889517   -0.00018516507     0.0015231398    9.1093825e-31   -1.6021766e-19    -9.156439e-20    3.7745112e-19              652                0
     0.0025406245    7.7523782e-06    0.00041365906    -0.0030504633   -0.00029766985    -0.0018554829    9.1093825e-31   -1.6021766e-19    -9.156439e-20    3.7745112e-19             2051                1
     0.0025153803    8.2241779e-05    -0.0077781002     -0.002374199    -0.0056184931     0.0030487769    9.1093825e-31   -1.6021766e-19    -9.156439e-20    3.7745112e-19             2346                1
    -0.0090820724    2.1289513e-06      0.001524823    -0.0022101246    5.8621597e-05    0.00013319288    9.1093825e-31   -1.6021766e-19    -9.156439e-20    3.7745112e-19              760                0
    -0.0022227978    6.9347159e-05     0.0029557049   -0.00091140071      0.009208302    0.00096495304    9.1093825e-31   -1.6021766e-19    -9.156439e-20    3.7745112e-19             2231                1
    -0.0029981018    1.9132585e-05    0.00011116615    -0.0029524777     0.0029082573    -0.0029512295    9.1093825e-31   -1.6021766e-19    -9.156439e-20    3.7745112e-19              303                0
     -0.003666067    7.3150477e-05     -0.014345341   -0.00048695426    0.00052669883   -0.00059556164    9.1093825e-31   -1.6021766e-19    -9.156439e-20    3.7745112e-19             2112                1
     0.0003790003    4.4892578e-05    -0.0087510003     -0.003733607     -0.011242812     -0.001774164    9.1093825e-31   -1.6021766e-19    -9.156439e-20    3.7745112e-19             2318                1
     0.0029560223    4.9616097e-05    -0.0056397398     -0.001719753     0.0012723624    1.2018628e-05    9.1093825e-31   -1.6021766e-19    -9.156439e-20    3.7745112e-19              860                0
   -0.00095858233    9.5024538e-05    -0.0064043384    -0.0016071778     0.0031977268   -0.00036413071    9.1093825e-31   -1.6021766e-19    -9.156439e-20    3.7745112e-19             1859                1
    -0.0032620691    4.5372504e-05     -0.012524412   -0.00086563663    -0.0017898222    -0.0015407872    9.1093825e-31   -1.6021766e-19    -9.156439e-20    3.7745112e-19              900                0
    -0.0065097832    3.3201839e-05    -0.0087945098    0.00091775332    7.1977403e-05    -0.0013283025    9.1093825e-31   -1.6021766e-19    -9.156439e-20    3.7745112e-19              132                0
     0.0089700585    5.0726361e-05      0.013145522     0.0016535715     0.0015135253    -0.0014216325    9.1093825e-31   -1.6021766e-19    -9.156439e-20    3.7745112e-19             1962                1
    -0.0072746831     6.816307e-05    -0.0026694578    0.00061939855     0.0016985227    0.00067902583    9.1093825e-31   -1.6021766e-19    -9.156439e-20    3.7745112e-19             1012                1
    -0.0037577581    2.4696665e-05    0.00047530787    -0.0013366651     0.0024310607     0.0026032613    9.1093825e-31   -1.6021766e-19    -9.156439e-20    3.7745112e-19              893                0
     0.0076291137    4.7540238e-05     -0.013017721      0.002378027   -0.00054944289    -0.0017002805    9.1093825e-31   -1.6021766e-19    -9.156439e-20    3.7745112e-19              311                0
    -0.0069942726    2.4685221e-05    -0.0077637192    -0.0012916871   -7.7776524e-05    0.00055268616    9.1093825e-31   -1.6021766e-19    -9.156439e-20    3.7745112e-19              791                0
   -0.00049876113    1.6420614e-05     0.0094702691    -0.0001143541     0.0063845776   -5.8713686e-05    9.1093825e-31   -1.6021766e-19    -9.156439e-20    3.7745112e-19             2366                1
     0.0008217888    9.7689364e-05     0.0097428495     0.0061063827     0.0093951402     0.0010964518    9.1093825e-31   -1.6021766e-19    -9.156439e-20    3.7745112e-19             2194                1
     0.0016934067    9.4205876e-05       0.01203935    -0.0027687242    -0.0070616314    -0.0010275177    9.1093825e-31   -1.6021766e-19    -9.156439e-20    3.7745112e-19             2397                1
     0.0020535507     4.131165e-05      0.014645642    0.00042961127     0.0055491207    0.00014136516    9.1093825e-31   -1.6021766e-19    -9.156439e-20    3.7745112e-19             2278                1
    -0.0062048747    1.1683757e-05     0.0028775225     2.713978e-05     0.0015901321   -0.00011835797    9.1093825e-31   -1.6021766e-19    -9.156439e-20    3.7745112e-19              677                0
     0.0011732272    1.5031242e-05      0.013607291   -0.00023166828     0.0033178062   -0.00097399484    9.1093825e-31   -1.6021766e-19    -9.156439e-20    3.7745112e-19             2295                1
    -0.0084627895    7.7290271e-05    -0.0047948402    0.00032672059    0.00079573423   -0.00011238243    9.1093825e-31   -1.6021766e-19    -9.156439e-20    3.7745112e-19              210                0
     0.0021784331    2.0208357e-05     -0.014757811    -0.0050760154       0.00575135    0.00027655825    9.1093825e-31   -1.6021766e-19    -9.156439e-20    3.7745112e-19             2367                1
     0.0079098009    5.1812101e-05     0.0084608141   -0.00031285229    0.00030552785     0.0012620991    9.1093825e-31   -1.6021766e-19    -9.156439e-20    3.7745112e-19              254                0
     0.0058784848    5.6547258e-05     0.0044425111   -0.00062611792     0.0014847467   -0.00088072359    9.1093825e-31   -1.6021766e-19    -9.156439e-20    3.7745112e-19              270                0
    -0.0033060946    8.8144858e-05     0.0062406762       0.00155688    -0.0061691208    -0.0017496751    9.1093825e-31   -1.6021766e-19    -9.156439e-20    3.7745112e-19             2383                1
   -0.00099167507    5.0714552e-05     0.0059272279    -0.0016010455     0.0083381087      0.005696421    9.1093825e-31   -1.6021766e-19    -9.156439e-20    3.7745112e-19             2257                1
     0.0016498814    9.9109355e-05     0.0025702198    -0.0058222711   -0.00077999034    -0.0052066739    9.1093825e-31   -1.6021766e-19    -9.156439e-20    3.7745112e-19             2393                1
     0.0016530239    5.1968698e-05      0.011478523    0.00074603216     0.0096122716   -0.00025043287    9.1093825e-31   -1.6021766e-19    -9.156439e-20    3.7745112e-19             2309                1
    -0.0075732996    7.0257025e-05     -0.012178974    -0.0011554818    4.8679367e-06     -0.001204518    9.1093825e-31   -1.6021766e-19    -9.156439e-20    3.7745112e-19              673                0
    -0.0020918862    4.7672798e-05     0.0063041402     0.0023707959     0.0080988202     0.0015308192    9.1093825e-31   -1.6021766e-19    -9.156439e-20    3.7745112e-19             2270                1
      0.008531834     1.025901e-05      0.010215086    0.00026747395    -0.0001366447    -9.236703e-05    9.1093825e-31   -1.6021766e-19    -9.156439e-20    3.7745112e-19              410                0
     0.0043899203    9.9040197e-05    -0.0019306238     0.0012977073   -0.00082154456    -0.0031966853    9.1093825e-31   -1.6021766e-19    -9.156439e-20    3.7745112e-19             2387                1
    -0.0010953128      5.96432e-05     0.0060851164    -0.0024848429     0.0081619211    0.00032894459    9.1093825e-31   -1.6021766e-19    -9.156439e-20    3.7745112e-19             2197                1
     0.0010583928    9.4002273e-05      0.005973476     0.0040085185      0.011344085    -0.0021458562    9.1093825e-31   -1.6021766e-19    -9.156439e-20    3.7745112e-19             2220                1
   -0.00060965429    8.9268033e-05    -0.0025524534      -0.00431877    -0.0033758748    -0.0004859803    9.1093825e-31   -1.6021766e-19    -9.156439e-20    3.7745112e-19             2359                1
    -0.0011688203    6.7179491e-05    -0.0041683554    -0.0013467344    -0.0052756355    5.1708746e-05    9.1093825e-31   -1.6021766e-19    -9.156439e-20    3.7745112e-19             2299                1
    -0.0094194962    9.5191164e-05    -0.0066447691    0.00039809808    0.00017403826    0.00041477307    9.1093825e-31   -1.6021766e-19    -9.156439e-20    3.7745112e-19              192                0
     0.0018435128    6.6187575e-05       0.01054617    0.00059317134     0.0082210489   -3.3438748e-05    9.1093825e-31   -1.6021766e-19    -9.156439e-20    3.7745112e-19             2237                1
     0.0014281131    4.5078898e-05    -0.0088377073     0.0064528133    -0.0089208381     0.0033959066    9.1093825e-31   -1.6021766e-19    -9.156439e-20    3.7745112e-19             2280                1
   -0.00061190734    4.9744365e-05    -0.0077227592    0.00093689444    -0.0082584741   -0.00066304975    9.1093825e-31   -1.6021766e-19    -9.156439e-20    3.7745112e-19             2285                1
     0.0035142717    2.4481995e-05     0.0033601369     0.0011827325     0.0024828035     0.0021984975    9.1093825e-31   -1.6021766e-19    -9.156439e-20    3.7745112e-19              991                0
    -0.0019717547    1.5889296e-05     0.0045234347    -0.0013210262     0.0021156482    -0.0013502187    9.1093825e-31   -1.6021766e-19    -9.156439e-20    3.7745112e-19              630                0
    -0.0091755101    2.3966286e-05    -0.0019278288     0.0011770683    0.00021149356   -0.00095279218    9.1093825e-31   -1.6021766e-19    -9.156439e-20    3.7745112e-19              212                0
     0.0084361928    1.6639136e-05     0.0015661902    0.00022463329    0.00044949888   -0.00083002867    9.1093825e-31   -1.6021766e-19    -9.156439e-20    3.7745112e-19              525                0
     0.0092554614    1.2213521e-05    -0.0091874395      0.001138424    -5.126392e-05    -0.0014044179    9.1093825e-31   -1.6021766e-19    -9.156439e-20    3.7745112e-19              690                0
     0.0014216376    1.9666717e-05    -0.0088294325     0.0056733466     -0.011974695     0.0043961103    9.1093825e-31   -1.6021766e-19    -9.156439e-20    3.7745112e-19             2281                1
   -0.00070533354    6.5554312e-05    -0.0082671279    -0.0016791578    -0.0065986514    -0.0004682166    9.1093825e-31   -1.6021766e-19    -9.156439e-20    3.7745112e-19             2291                1
    -0.0087114535    5.4861761e-05    -0.0012096056    0.00091067242    0.00010240112    0.00099258299    9.1093825e-31   -1.6021766e-19    -9.156439e-20    3.7745112e-19              750                0
   -0.00088101218    8.9070956e-05    -0.0028396426     0.0015179595    -0.0027576475     0.0010099069    9.1093825e-31   -1.6021766e-19    -9.156439e-20    3.7745112e-19             2338                1
    -0.0014583534    5.0079387e-05      -0.00848589     0.0019791049    -0.0076859137     0.0068647116    9.1093825e-31   -1.6021766e-19    -9.156439e-20    3.7745112e-19             2274                1
      0.001339064    9.6913376e-05    -0.0033876649     0.0029216055    -0.0053114607     0.0038830792    9.1093825e-31   -1.6021766e-19    -9.156439e-20    3.7745112e-19             2400                1
    -0.0074056042     8.232017e-05     -0.001392988     0.0028550501     0.0016141358   -0.00085058063    9.1093825e-31   -1.6021766e-19    -9.156439e-20    3.7745112e-19              257                0
    -0.0056660105    3.8053338e-05     0.0058393506     -0.001116554     0.0015316298     0.0010289246    9.1093825e-31   -1.6021766e-19    -9.156439e-20    3.7745112e-19              220                0
    -0.0042898189    8.1228209e-05     -0.012365034     0.0049675754     0.0020538974    1.3605507e-05    9.1093825e-31   -1.6021766e-19    -9.156439e-20    3.7745112e-19             2161                1
     0.0063479869    4.6156245e-05    -0.0084945047    -0.0027331377    0.00030829688   -0.00053979841    9.1093825e-31   -1.6021766e-19    -9.156439e-20    3.7745112e-19              931                0
    -0.0026516994     3.369321e-05    -0.0080706747    0.00014736554    6.8080793e-05    0.00086896261    9.1093825e-31   -1.6021766e-19    -9.156439e-20    3.7745112e-19              217                0
    -0.0034720984    6.3435778e-05    -0.0099400273    0.00041891212    -0.0060143056     0.0013843077    9.1093825e-31   -1.6021766e-19    -9.156439e-20    3.7745112e-19             2265                1
     0.0004085807    5.9026308e-05     -0.008818211    0.00033601234    -0.0057350863   -0.00042545685    9.1093825e-31   -1.6021766e-19    -9.156439e-20    3.7745112e-19             2226                1
     0.0014481109    2.7249955e-05      0.011512795   -0.00082978379     0.0085068783     0.0015286627    9.1093825e-31   -1.6021766e-19    -9.156439e-20    3.7745112e-19             2356                1
     0.0011720489    2.0736277e-05      0.013677699    -0.0035575933     0.0062731439    -0.0028579882    9.1093825e-31   -1.6021766e-19    -9.156439e-20    3.7745112e-19             2349                1
     0.0059200763    2.1828748e-05    -0.0029923036    -0.0011134904     0.0016666575    -0.0022766187    9.1093825e-31   -1.6021766e-19    -9.156439e-20    3.7745112e-19              256                0
     0.0041575478     8.917637e-05    -0.0087674102    -0.0010566928    -0.0082028937     0.0034560531    9.1093825e-31   -1.6021766e-19    -9.156439e-20    3.7745112e-19             2388                1
     0.0017492974     4.955551e-05     0.0068725538    -0.0011183975     0.0096506122     0.0019921951    9.1093825e-31   -1.6021766e-19    -9.156439e-20    3.7745112e-19             2306                1
     0.0030161415    6.2761952e-05      0.014336585    0.00084568176     0.0061017582     0.0017532826    9.1093825e-31   -1.6021766e-19    -9.156439e-20    3.7745112e-19             2243                1
     0.0022855985    7.8213507e-06    -0.0091989795    -0.0050592585     -0.003217354    -0.0012694265    9.1093825e-31   -1.6021766e-19    -9.156439e-20    3.7745112e-19             1852                1
    -0.0091886753    5.5204146e-05     0.0021935126    -0.0022361865    0.00077776768    -0.0018361238    9.1093825e-31   -1.6021766e-19    -9.156439e-20    3.7745112e-19              978                0
   -0.00042308623    7.7510456e-05    0.00031587228      0.002293573    -0.0033661781   -0.00037425917    9.1093825e-31   -1.6021766e-19    -9.156439e-20    3.7745112e-19             2323                1
     0.0092875287    4.5174849e-05    0.00091344235     0.0014110075    5.4848366e-05   -0.00017855296    9.1093825e-31   -1.6021766e-19    -9.156439e-20    3.7745112e-19              637                0
   -0.00088231993     8.652237e-05    -0.0028479572     0.0012370064    -0.0033074294   -0.00077688828    9.1093825e-31   -1.6021766e-19    -9.156439e-20    3.7745112e-19             2339                1
    -0.0014824675    7.4800402e-05    -0.0066219037   -0.00074895268    -0.0075104004   -0.00069973076    9.1093825e-31   -1.6021766e-19    -9.156439e-20    3.7745112e-19             2351                1
     0.0047141341    6.9188995e-05     0.0021671194   -0.00071168714     0.0026056138     0.0011542228    9.1093825e-31   -1.6021766e-19    -9.156439e-20    3.7745112e-19              229                0
    -0.0035155215    1.4965652e-05    -0.0099980962   -0.00044018263     -0.010818432     0.0010714559    9.1093825e-31   -1.6021766e-19    -9.156439e-20    3.7745112e-19             2264                1
    -0.0085561248    5.6625158e-05    -0.0014620121    0.00081085507    0.00020543538    -0.0004031084    9.1093825e-31   -1.6021766e-19    -9.156439e-20    3.7745112e-19              894                0
     0.0076457788    7.9964862e-05     0.0052858442    -0.0010199302    0.00091137533     0.0030266419    9.1093825e-31   -1.6021766e-19    -9.156439e-20    3.7745112e-19              219                0
     0.0079144705      5.54627e-05     -0.003129822     0.0016559896    0.00037979093     0.0023100418    9.1093825e-31   -1.6021766e-19    -9.156439e-20    3.7745112e-19              309                0
    -0.0089443969    5.4308191e-05      0.011215818   -0.00022883328    7.9831218e-05   -0.00060472736    9.1093825e-31   -1.6021766e-19    -9.156439e-20    3.7745112e-19              329                0
      0.007580393    9.5840427e-05     -0.014065255    -0.0028862928    9.9535928e-06     0.0013573561    9.1093825e-31   -1.6021766e-19    -9.156439e-20    3.7745112e-19              349                0
     0.0090406453    5.9031714e-05     0.0079532424    -0.0010125226    0.00014925984     0.0016580503    9.1093825e-31   -1.6021766e-19    -9.156439e-20    3.7745112e-19              369                0
    -0.0050972197    6.7107276e-06     -0.010839765    -0.0033649344    -0.0040111998    -0.0031899035    9.1093825e-31   -1.6021766e-19    -9.156439e-20    3.7745112e-19             1993                1
     0.0023473371    8.3337021e-05   -6.0077618e-05    0.00054063502    -0.0045146313    -0.0010254849    9.1093825e-31   -1.6021766e-19    -9.156439e-20    3.7745112e-19             2360                1
    -0.0021987676     4.881842e-05     0.0071956743     0.0020357342     0.0020953922    0.00015849236    9.1093825e-31   -1.6021766e-19    -9.156439e-20    3.7745112e-19              632                0
   -0.00019001613    5.9183429e-05    -0.0075285477   -9.1941896e-05    -0.0096498951   -0.00026929227    9.1093825e-31   -1.6021766e-19    -9.156439e-20    3.7745112e-19             2330                1
     -0.005506041    7.8017612e-05      -0.01425695    4.2915675e-05    -0.0064583551   -0.00063230156    9.1093825e-31   -1.6021766e-19    -9.156439e-20    3.7745112e-19             2354                1
    -0.0030109847    6.6977816e-05     -0.010403702    0.00089866115    -0.0070512341     0.0011479313    9.1093825e-31   -1.6021766e-19    -9.156439e-20    3.7745112e-19             2311                1
   -0.00066255819    6.1478509e-05    -0.0080732377    0.00097317487    -0.0089140227   -0.00051406393    9.1093825e-31   -1.6021766e-19    -9.156439e-20    3.7745112e-19             2326                1
     0.0073174811    4.3426728e-05    0.00086512265    -0.0015400255     0.0015431809   -0.00085121155    9.1093825e-31   -1.6021766e-19    -9.156439e-20    3.7745112e-19              476                0
     -0.004913446    4.7953181e-05     -0.012759288     0.0013437596    -0.0011435284    -0.0016456593    9.1093825e-31   -1.6021766e-19    -9.156439e-20    3.7745112e-19              549                0
    -0.0010032847    6.7298533e-05      0.010191809     0.0026245143    0.00024855867    0.00071556924    9.1093825e-31   -1.6021766e-19    -9.156439e-20    3.7745112e-19              569                0
   -0.00096820615    6.6985252e-05    -0.0084799416   -0.00027847028    -0.0078566484    0.00016559096    9.1093825e-31   -1.6021766e-19    -9.156439e-20    3.7745112e-19             2325                1
     0.0010614102    7.3687668e-05     0.0059837503      0.003689942     0.0098214317      -0.00176249    9.1093825e-31   -1.6021766e-19    -9.156439e-20    3.7745112e-19             2223                1
     0.0094965855    8.4419793e-05     -0.014486364   -9.2238886e-05    3.7002203e-05     0.0020946017    9.1093825e-31   -1.6021766e-19    -9.156439e-20    3.7745112e-19              922                0
    -0.0011893325    3.6066838e-05     -0.012413532    -0.0023382311     -0.002111644   -0.00038010883    9.1093825e-31   -1.6021766e-19    -9.156439e-20    3.7745112e-19              649                0
    -0.0078080655    4.9083297e-05     0.0038730623      0.001180965    0.00079569098    0.00098694419    9.1093825e-31   -1.6021766e-19    -9.156439e-20    3.7745112e-19              934                0
    -0.0009789886    9.8679164e-05    -0.0058195279    -0.0014443313     0.0057785735    -0.0015121549    9.1093825e-31   -1.6021766e-19    -9.156439e-20    3.7745112e-19             2047                1
   -0.00092167244    6.0096081e-05    -0.0058911126     0.0037913236    -0.0071736956    -0.0027094372    9.1093825e-31   -1.6021766e-19    -9.156439e-20    3.7745112e-19             2307                1
     0.0023438914    1.5197995e-05      0.013343073    0.00038385772    -0.0050024418    0.00071104406    9.1093825e-31   -1.6021766e-19    -9.156439e-20    3.7745112e-19             2061                1
     0.0010007398    8.5808206e-05     0.0059909425    -0.0073698252    -0.0029355602     0.0023314399    9.1093825e-31   -1.6021766e-19    -9.156439e-20    3.7745112e-19             2362                1
    0.00023861788    2.2685796e-05      0.012450099     0.0055588949     0.0068598441      -0.00034979    9.1093825e-31   -1.6021766e-19    -9.156439e-20    3.7745112e-19             2347                1
   -0.00010343191    5.6878158e-05     0.0034873737     0.0013428231     0.0077082869    -0.0028458615    9.1093825e-31   -1.6021766e-19    -9.156439e-20    3.7745112e-19             2172                1
     0.0054116058     3.477811e-05      0.002050271     0.0005732461     0.0019567756     0.0025734734    9.1093825e-31   -1.6021766e-19    -9.156439e-20    3.7745112e-19               20                0
     0.0075674416    8.0201444e-06    -0.0099846711    0.00042347037   -0.00076634513   -0.00089839089    9.1093825e-31   -1.6021766e-19    -9.156439e-20    3.7745112e-19              786                0
    -0.0088960379    9.7697346e-05    -0.0045665354   -0.00061635691    0.00058986596    0.00089885446    9.1093825e-31   -1.6021766e-19    -9.156439e-20    3.7745112e-19              849                0
      0.007862513    3.8499529e-06     0.0028269123    -0.0010974201    0.00018745936    1.7400884e-05    9.1093825e-31   -1.6021766e-19    -9.156439e-20    3.7745112e-19              869                0
     0.0086417478    8.3017345e-05     0.0039886814   -0.00071581791     0.0010558427    -0.0011704852    9.1093825e-31   -1.6021766e-19    -9.156439e-20    3.7745112e-19               36                0
     0.0047432235    8.0575403e-05    -0.0034208326     0.0050172773    -0.0044973609     0.0039045489    9.1093825e-31   -1.6021766e-19    -9.156439e-20    3.7745112e-19             2336                1
     0.0020762982    1.0892991e-05      0.010706426     0.0049775564    -0.0041677002   -7.9266625e-05    9.1093825e-31   -1.6021766e-19    -9.156439e-20    3.7745112e-19             2188                1
   -5.2113464e-05    7.9665275e-05     0.0037999984     0.0027580152     0.0096437493      0.006248659    9.1093825e-31   -1.6021766e-19    -9.156439e-20    3.7745112e-19             2192                1
      0.006032269    6.1402396e-05      0.011925856   -0.00067330187   -0.00042646122     0.0020717857    9.1093825e-31   -1.6021766e-19    -9.156439e-20    3.7745112e-19              280                0
    -0.0047527789    2.9543284e-05    -0.0082064681    -0.0014539714    -0.0003181599     0.0017510088    9.1093825e-31   -1.6021766e-19    -9.156439e-20    3.7745112e-19              591                0
    -0.0093379524    8.7374538e-05     0.0025699306    0.00081026036    0.00079803192    0.00012279145    9.1093825e-31   -1.6021766e-19    -9.156439e-20    3.7745112e-19               44                0
     0.0033826104    5.1799419e-05     0.0091166394     0.0035628676     0.0094575305    -0.0028360463    9.1093825e-31   -1.6021766e-19    -9.156439e-20    3.7745112e-19             2302                1
     0.0018913236    7.0266324e-05     -0.012547698   -0.00079686858     -0.007195692     0.0039784214    9.1093825e-31   -1.6021766e-19    -9.156439e-20    3.7745112e-19             2320                1
     0.0028543063    4.0199793e-05     0.0099362228    0.00036344424    0.00048385316   -0.00023707791    9.1093825e-31   -1.6021766e-19    -9.156439e-20    3.7745112e-19              177                0
   -0.00050750602    7.0679351e-05     -0.002497405     0.0023583651     0.0067703058     0.0022460062    9.1093825e-31   -1.6021766e-19    -9.156439e-20    3.7745112e-19             2142                1
     0.0019023308    2.9412551e-05      0.010604609    0.00087576284     0.0050728628     0.0011557608    9.1093825e-31   -1.6021766e-19    -9.156439e-20    3.7745112e-19             2249                1
    -0.0011688127     1.768658e-05     0.0066490048     0.0025737945      0.005943113    0.00069600745    9.1093825e-31   -1.6021766e-19    -9.156439e-20    3.7745112e-19             2355                1
    -0.0083308239    4.1330179e-05     0.0036444878     0.0009724595    0.00028546338    -0.0031899712    9.1093825e-31   -1.6021766e-19    -9.156439e-20    3.7745112e-19              184                0
     -0.001852451    6.5928412e-05     0.0039708032    -0.0013968258     0.0029792613    9.4460825e-05    9.1093825e-31   -1.6021766e-19    -9.156439e-20    3.7745112e-19              699                0
    -0.0076479511    3.3576303e-05     -0.004870649    -0.0028587566    0.00014290785    0.00034537577    9.1093825e-31   -1.6021766e-19    -9.156439e-20    3.7745112e-19              243                0
     0.0014958663    6.7579917e-05    -0.0050323657     0.0038360534    -0.0079198144     0.0045976969    9.1093825e-31   -1.6021766e-19    -9.156439e-20    3.7745112e-19             2341                1
    -0.0086257318    4.3446285e-05     0.0021065995    0.00043723191    0.00034115493   -0.00017250741    9.1093825e-31   -1.6021766e-19    -9.156439e-20    3.7745112e-19              264                0
      0.005090279    5.0126066e-05    0.00028824617    0.00022999884     0.0020662029     -0.001274544    9.1093825e-31   -1.6021766e-19    -9.156439e-20    3.7745112e-19              284                0
    7.6653676e-05    6.5895678e-05    -0.0013139801    0.00038260518    -0.0068307538   -0.00036517944    9.1093825e-31   -1.6021766e-19    -9.156439e-20    3.7745112e-19             2332                1
     0.0013482451     7.062604e-05     0.0024695818     0.0026506777     0.0085902885     0.0011149058    9.1093825e-31   -1.6021766e-19    -9.156439e-20    3.7745112e-19             2178                1
      -0.00163927     3.172104e-05       0.01066149    -0.0048982967     0.0062159942    -0.0011878731    9.1093825e-31   -1.6021766e-19    -9.156439e-20    3.7745112e-19             2287                1
    -0.0013433468    2.4098319e-05      -0.01419739    -0.0034773704      -0.01064112    -0.0037779196    9.1093825e-31   -1.6021766e-19    -9.156439e-20    3.7745112e-19             2255                1
   -0.00098929089    3.9309292e-05    -0.0021051764   -7.1906943e-05     0.0028769479    0.00019187308    9.1093825e-31   -1.6021766e-19    -9.156439e-20    3.7745112e-19              384                0
    -0.0030065842    1.4465091e-05     -0.010327276    -0.0014388844     -0.010566829     0.0026475233    9.1093825e-31   -1.6021766e-19    -9.156439e-20    3.7745112e-19             2251                1
    -0.0024645263    9.2271875e-05    -0.0021655753     0.0034228724    -0.0033731242    -0.0023673358    9.1093825e-31   -1.6021766e-19    -9.156439e-20    3.7745112e-19             2372                1
    -0.0092210285    5.9998838e-05   -0.00044783519    1.9251545e-05    0.00025844062    0.00067073462    9.1093825e-31   -1.6021766e-19    -9.156439e-20    3.7745112e-19              444                0
    -0.0059358208    1.8189066e-05    -0.0019647507    0.00021138712     0.0018111871    -0.0010521973    9.1093825e-31   -1.6021766e-19    -9.156439e-20    3.7745112e-19              464                0
    -0.0034181068    5.4870598e-05    -0.0099093001    0.00042168103     -0.010091708   -0.00019581887    9.1093825e-31   -1.6021766e-19    -9.156439e-20    3.7745112e-19             2327                1
     0.0055419588    4.1996962e-05     0.0092731379     0.0015736349    0.00098477222     0.0017078588    9.1093825e-31   -1.6021766e-19    -9.156439e-20    3.7745112e-19             1322                1
     0.0050446433    4.0348292e-05     0.0071898568    -0.0016234199     0.0075443042    -0.0035726863    9.1093825e-31   -1.6021766e-19    -9.156439e-20    3.7745112e-19             2304                1
     0.0014497866    3.6403311e-05    -0.0089398762   -0.00067741709    -0.0093846796   -0.00022964716    9.1093825e-31   -1.6021766e-19    -9.156439e-20    3.7745112e-19             2275                1
     0.0084277876    3.8937575e-05    -0.0038665645   -0.00065664854    0.00072176731    0.00088346051    9.1093825e-31   -1.6021766e-19    -9.156439e-20    3.7745112e-19              564                0
     -0.002488594    8.7709574e-05    -0.0021422531     -0.005364818    -0.0045416434     0.0028965548    9.1093825e-31   -1.6021766e-19    -9.156439e-20    3.7745112e-19             2371                1
    -0.0041044396    8.5712971e-05    -0.0096719228     0.0036519885    -0.0039150459     0.0017491266    9.1093825e-31   -1.6021766e-19    -9.156439e-20    3.7745112e-19             2310                1
     0.0041606859    6.9150541e-05     -0.008735409     0.0010281524    -0.0060313609     -0.001792219    9.1093825e-31   -1.6021766e-19    -9.156439e-20    3.7745112e-19             2298                1
     0.0051267957    6.2623323e-05    0.00018028122     0.0072165201     0.0064863008   -0.00072952651    9.1093825e-31   -1.6021766e-19    -9.156439e-20    3.7745112e-19             2184                1
    -0.0068362937    6.7956549e-05    0.00082261872    0.00022932146     0.0018466025    -8.756973e-05    9.1093825e-31   -1.6021766e-19    -9.156439e-20    3.7745112e-19              664                0
    -0.0076970793    1.6279859e-05     -0.014885516    0.00079163763    -0.0015610448    0.00073581829    9.1093825e-31   -1.6021766e-19    -9.156439e-20    3.7745112e-19              684                0
     0.0033965539    3.8944014e-05     0.0047359769   -0.00021082928     0.0025196061     -0.001876077    9.1093825e-31   -1.6021766e-19    -9.156439e-20    3.7745112e-19              704                0
    -0.0026808653    9.2332637e-05     -0.014307545    -0.0014679052    -0.0020783078    0.00011375903    9.1093825e-31   -1.6021766e-19    -9.156439e-20    3.7745112e-19              494                0
    -0.0066122888    6.0189457e-05     0.0094117895     0.0010437815    0.00080769166     0.0016269136    9.1093825e-31   -1.6021766e-19    -9.156439e-20    3.7745112e-19              871                0
    -0.0040893429    5.8315363e-05      -0.01263976    0.00024826964    0.00071650033   -0.00032638651    9.1093825e-31   -1.6021766e-19    -9.156439e-20    3.7745112e-19             2176                1
    -0.0066715307    8.4896332e-05     -0.010922323    0.00098883291   -0.00062974275    0.00099910912    9.1093825e-31   -1.6021766e-19    -9.156439e-20    3.7745112e-19              125                0
    -0.0050931377    5.5848519e-05      0.013372685    0.00095778273    -0.0006644206    0.00043378901    9.1093825e-31   -1.6021766e-19    -9.156439e-20    3.7745112e-19              804                0
     0.0040173721    3.0720919e-05     -0.012719152    0.00035665763    -0.0020585349    -0.0025100363    9.1093825e-31   -1.6021766e-19    -9.156439e-20    3.7745112e-19              266                0
    9.4139716e-05    9.4455245e-05     -0.011890546    0.00032273791    -0.0010827427     0.0031135364    9.1093825e-31   -1.6021766e-19    -9.156439e-20    3.7745112e-19              483                0
     0.0015201585    8.7813583e-05     -0.005125226    -0.0039256988    -0.0049598804    -0.0005443244    9.1093825e-31   -1.6021766e-19    -9.156439e-20    3.7745112e-19             2370                1
    -0.0027694011    9.4926734e-05    -0.0089281276     0.0011529541    0.00040596098     0.0011440263    9.1093825e-31   -1.6021766e-19    -9.156439e-20    3.7745112e-19              360                0
    -0.0040257773     2.902497e-05    -0.0096832216     0.0048198854    -0.0079958588    -0.0011479219    9.1093825e-31   -1.6021766e-19    -9.156439e-20    3.7745112e-19             2224                1
    0.00045120838     8.353102e-05    -0.0075579816     0.0042074723    -0.0027369636    0.00048954412    9.1093825e-31   -1.6021766e-19    -9.156439e-20    3.7745112e-19             2215                1
     0.0011790027     6.800652e-05    -0.0067332606   -0.00055635482    -0.0080684396   -6.9189206e-05    9.1093825e-31   -1.6021766e-19    -9.156439e-20    3.7745112e-19             2337                1
    0.00054026535    7.1733994e-05     -0.011868472     3.565571e-05    -0.0012133637    0.00022983881    9.1093825e-31   -1.6021766e-19    -9.156439e-20    3.7745112e-19              958                0
   -0.00070751429    7.5820797e-05    -0.0059046876    0.00089807378    -0.0089961961    -0.0023487338    9.1093825e-31   -1.6021766e-19    -9.156439e-20    3.7745112e-19             2368                1
    -0.0067831739    6.4249893e-05      0.012243064    0.00033644185   -0.00019082414    0.00066824839    9.1093825e-31   -1.6021766e-19    -9.156439e-20    3.7745112e-19              988                0
     0.0075010257    8.0824935e-07     0.0086924527    -0.0013756154   -0.00019617163   -0.00062348909    9.1093825e-31   -1.6021766e-19    -9.156439e-20    3.7745112e-19              867                0
    -0.0015507617    4.6322944e-05     -0.012467024    -0.0086986218    -0.0081704324    -0.0062488704    9.1093825e-31   -1.6021766e-19    -9.156439e-20    3.7745112e-19             2233                1
    -0.0028087788    8.4533982e-05    -0.0069156433    -0.0029944247    -0.0084083183      0.001084215    9.1093825e-31   -1.6021766e-19    -9.156439e-20    3.7745112e-19             2379                1
    -0.0015321762    1.3456014e-05       -0.0112579    0.00012377781     0.0064844852   -1.8365539e-05    9.1093825e-31   -1.6021766e-19    -9.156439e-20    3.7745112e-19             2381                1
    0.00043285117    9.7894561e-05    0.00022518697    -0.0013247505    -0.0035550271     -0.002537362    9.1093825e-31   -1.6021766e-19    -9.156439e-20    3.7745112e-19             2399                1
     0.0032277436    6.5240015e-06      0.014063446     0.0050576511    -0.0059064697    -0.0073223659    9.1093825e-31   -1.6021766e-19    -9.156439e-20    3.7745112e-19             2106                1
     0.0019726469    1.0814573e-05      0.012128112    -0.0017160841     0.0034919519    -0.0012092097    9.1093825e-31   -1.6021766e-19    -9.156439e-20    3.7745112e-19             2324                1
     0.0018550198    9.7385229e-05    -0.0019773217    -0.0013626898    -0.0044769142     0.0025055595    9.1093825e-31   -1.6021766e-19    -9.156439e-20    3.7745112e-19             2401                1
    0.00094898586    4.2836924e-05     0.0078583201     0.0053866557     0.0073775975    0.00066434249    9.1093825e-31   -1.6021766e-19    -9.156439e-20    3.7745112e-19             2259                1
    -0.0025606838    2.5712254e-05     0.0061370963     0.0013156433     0.0018120508    0.00040511621    9.1093825e-31   -1.6021766e-19    -9.156439e-20    3.7745112e-19              485                0
     0.0041434886    3.4654069e-05     -0.011649194   -0.00064778206     -0.010118887     -0.001626709    9.1093825e-31   -1.6021766e-19    -9.156439e-20    3.7745112e-19             2282                1
      0.003355453    3.6228157e-05   -0.00094706379   -0.00029319391     0.0050484161    0.00027800514    9.1093825e-31   -1.6021766e-19    -9.156439e-20    3.7745112e-19             2276                1
     0.0058422028    4.0530003e-06    -0.0049909623    -0.0012916735    -0.0006006253    -0.0021879754    9.1093825e-31   -1.6021766e-19    -9.156439e-20    3.7745112e-19             1641                1
    -0.0031048628    9.6756616e-05    -0.0017115732    -0.0002785603      -0.00660297    -0.0048080049    9.1093825e-31   -1.6021766e-19    -9.156439e-20    3.7745112e-19             2402                1
     0.0042255046    2.1267297e-05     -0.014786782     0.0011195262     -0.010332769     0.0029950049    9.1093825e-31   -1.6021766e-19    -9.156439e-20    3.7745112e-19             2263                1
    4.5809302e-06    3.3005195e-05      0.013826169     0.0024221886     0.0093644466     0.0026341018    9.1093825e-31   -1.6021766e-19    -9.156439e-20    3.7745112e-19             2352                1
    6.5387867e-05    8.1814243e-05    -0.0011237003     0.0015396123     0.0082101701      0.001425219    9.1093825e-31   -1.6021766e-19    -9.156439e-20    3.7745112e-19             2164                1
     0.0012096674      3.82402e-05      0.011417544    -0.0043892735     0.0054191644     0.0017242267    9.1093825e-31   -1.6021766e-19    -9.156439e-20    3.7745112e-19             2240                1
    -0.0003753044    6.4542044e-05    0.00034890484   -0.00097996555     0.0068425527    0.00075089053    9.1093825e-31   -1.6021766e-19    -9.156439e-20    3.7745112e-19             2070                1
   -0.00057774788    6.2256382e-05    -0.0082289623     0.0068518482    -0.0053944439    -0.0001639551    9.1093825e-31   -1.6021766e-19    -9.156439e-20    3.7745112e-19             2234                1
    -0.0037919318    5.9213409e-05      0.011572088    -0.0010925333     0.0063361954     0.0013645091    9.1093825e-31   -1.6021766e-19    -9.156439e-20    3.7745112e-19             2221                1
     0.0018037176     4.156481e-05      0.012166452    0.00080721529     0.0075734803    0.00086984417    9.1093825e-31   -1.6021766e-19    -9.156439e-20    3.7745112e-19             2301                1
    -0.0029359525    5.9852933e-05     -0.014471699    -1.161106e-05    -0.0024997378    -0.0013807035    9.1093825e-31   -1.6021766e-19    -9.156439e-20    3.7745112e-19              422                0
     -0.001721683    4.8221253e-05      0.010594408    -0.0025628074     0.0080399979    -0.0067434888    9.1093825e-31   -1.6021766e-19    -9.156439e-20    3.7745112e-19             2279                1
     0.0018409711    6.8853831e-07       0.01196496    -0.0015268321    -0.0059018885    -0.0012923983    9.1093825e-31   -1.6021766e-19    -9.156439e-20    3.7745112e-19             2199                1
    -0.0029144806    7.7115226e-05     -0.010512489    0.00087322155    -0.0062070508    0.00071424257    9.1093825e-31   -1.6021766e-19    -9.156439e-20    3.7745112e-19             2331                1
    -0.0042778077    5.5141754e-05      0.010344855    -0.0028737884    0.00039598774     0.0010072195    9.1093825e-31   -1.6021766e-19    -9.156439e-20    3.7745112e-19              687                0
    -0.0014391483    6.9714864e-05     -0.011236373     0.0057629226     -0.007202304     0.0002791275    9.1093825e-31   -1.6021766e-19    -9.156439e-20    3.7745112e-19             2315                1
   -0.00055805111    4.9093556e-05    -0.0082433568     0.0040350161    -0.0062656007     0.0022196111    9.1093825e-31   -1.6021766e-19    -9.156439e-20    3.7745112e-19             2230                1
     0.0010800866      8.63811e-05       0.00280383    0.00024433198    -0.0083504766    -0.0039055923    9.1093825e-31   -1.6021766e-19    -9.156439e-20    3.7745112e-19             2386                1
     0.0053578033     4.877205e-05     0.0033033555    0.00022159355     0.0018711986   -0.00070427149    9.1093825e-31   -1.6021766e-19    -9.156439e-20    3.7745112e-19              581                0
     0.0010862096    5.9053898e-05    -0.0065759267   -0.00063841639    -0.0070089274     0.0067553208    9.1093825e-31   -1.6021766e-19    -9.156439e-20    3.7745112e-19             2293                1
     0.0012179601    2.4868647e-05      0.011367595    1.4748035e-05     0.0069715385    7.0481983e-05    9.1093825e-31   -1.6021766e-19    -9.156439e-20    3.7745112e-19             2342                1
      0.001393773    5.9917675e-05     0.0016759749   -9.9636134e-05     0.0035432584    -0.0016323664    9.1093825e-31   -1.6021766e-19    -9.156439e-20    3.7745112e-19              641                0
     -0.001014661    6.7138026e-05     0.0060538161     0.0029791112     0.0095774056   -0.00087699265    9.1093825e-31   -1.6021766e-19    -9.156439e-20    3.7745112e-19             2242                1
     0.0014582279    5.2119714e-05    -0.0089281481    -0.0025517661    -0.0089692259   -4.4724518e-05    9.1093825e-31   -1.6021766e-19    -9.156439e-20    3.7745112e-19             2303                1
    -0.0012222452    7.8865844e-05     0.0055576204    1.1767273e-05      0.010792951    0.00010946512    9.1093825e-31   -1.6021766e-19    -9.156439e-20    3.7745112e-19             2247                1
    -0.0069585103    1.5806845e-05     -0.014227254    -0.0018073245    -0.0015536797   -0.00014428007    9.1093825e-31   -1.6021766e-19    -9.156439e-20    3.7745112e-19              394                0
     0.0033444262    1.3833577e-05     0.0079657733     0.0011651648    -0.0024566867     0.0029405698    9.1093825e-31   -1.6021766e-19    -9.156439e-20    3.7745112e-19             2165                1
    -0.0067745885    6.4107182e-05     0.0026133885   -0.00039929108     0.0064974357   -4.2794651e-05    9.1093825e-31   -1.6021766e-19    -9.156439e-20    3.7745112e-19             2211                1
     0.0033590703    4.9016056e-05      0.012705821    -0.0024933086      0.010578745    -0.0032852541    9.1093825e-31   -1.6021766e-19    -9.156439e-20    3.7745112e-19             2329                1
   -0.00073041656    8.6279273e-05    -0.0059088059     -0.006813651    -0.0054760352    -0.0037375491    9.1093825e-31   -1.6021766e-19    -9.156439e-20    3.7745112e-19             2369                1
     0.0093859648    6.4225795e-05     -0.004226014     0.0004684123    1.5788939e-05     0.0016113847    9.1093825e-31   -1.6021766e-19    -9.156439e-20    3.7745112e-19              821                0
    -0.0033195622    8.8245732e-05     0.0062370687    -0.0060010306    -0.0061135129    -0.0037741265    9.1093825e-31   -1.6021766e-19    -9.156439e-20    3.7745112e-19             2382                1
   -4.3366017e-05    7.6727119e-05      0.013825044   -3.2458516e-05     0.0078042853    0.00045163164    9.1093825e-31   -1.6021766e-19    -9.156439e-20    3.7745112e-19             2245                1
     -0.003037771    2.9824752e-05      -0.01034362    -0.0043299906    -0.0091439048     0.0011302574    9.1093825e-31   -1.6021766e-19    -9.156439e-20    3.7745112e-19             2250                1
     0.0016547105    9.3245086e-05     0.0025742094   -0.00094460981    -0.0067041591    -0.0011770155    9.1093825e-31   -1.6021766e-19    -9.156439e-20    3.7745112e-19             2392                1
    0.00016503768    8.0045567e-05    -0.0010912368     0.0016080347     0.0081175873     0.0048154867    9.1093825e-31   -1.6021766e-19    -9.156439e-20    3.7745112e-19             2166                1
    -0.0091816802    4.9923378e-06      0.012193481    0.00079752452   -0.00073654891   -0.00012301099    9.1093825e-31   -1.6021766e-19    -9.156439e-20    3.7745112e-19              938                0
     0.0015708188    5.5610082e-05     0.0073617133    -0.0037856267     0.0075400611    -0.0011221473    9.1093825e-31   -1.6021766e-19    -9.156439e-20    3.7745112e-19             2202                1
     0.0040453179    8.0905062e-05    -0.0069712801   -0.00067131978    -0.0086635118    0.00023417562    9.1093825e-31   -1.6021766e-19    -9.156439e-20    3.7745112e-19             2373                1
     0.0013297888    7.0152593e-05      0.011347407   -0.00035838725     0.0095365085    0.00023768672    9.1093825e-31   -1.6021766e-19    -9.156439e-20    3.7745112e-19             2268                1
   -8.2452141e-05    7.9867968e-05     0.0043438296     0.0017857557    -0.0042664544   -0.00042398268    9.1093825e-31   -1.6021766e-19    -9.156439e-20    3.7745112e-19             2357                1
     -0.008379614     3.803699e-06     0.0084979329    0.00072765036    8.1213686e-05   -0.00013112658    9.1093825e-31   -1.6021766e-19    -9.156439e-20    3.7745112e-19               58                0
     0.0090482589    4.6126937e-05     -0.012659199     0.0013712229     0.0017827859    -0.0021552308    9.1093825e-31   -1.6021766e-19    -9.156439e-20    3.7745112e-19             2078                1
   -0.00084157783    7.7895136e-05    -0.0084957946    -0.0044004875    -0.0069804927    -0.0019533802    9.1093825e-31   -1.6021766e-19    -9.156439e-20    3.7745112e-19             2353                1
     0.0041151256    5.2774245e-05     0.0011123868    -0.0015596794     0.0023798987    -0.0015086352    9.1093825e-31   -1.6021766e-19    -9.156439e-20    3.7745112e-19              118                0
     0.0025159172    2.5808349e-05      0.012253043     0.0033695097     0.0072934702     0.0039149919    9.1093825e-31   -1.6021766e-19    -9.156439e-20    3.7745112e-19             2343                1
    -0.0094330683    3.0945037e-05    -0.0036386233    0.00052298466    0.00046715909    0.00042819444    9.1093825e-31   -1.6021766e-19    -9.156439e-20    3.7745112e-19              158                0
     0.0033548563    2.7731778e-06    -0.0074937972     0.0028305529    -0.0090678232    0.00095152773    9.1093825e-31   -1.6021766e-19    -9.156439e-20    3.7745112e-19             2219                1
   -0.00068443932    8.5622436e-05    -0.0026821797     0.0056671593   -0.00053549832     0.0061836326    9.1093825e-31   -1.6021766e-19    -9.156439e-20    3.7745112e-19             2252                1
     0.0016411174    8.6394131e-05    -0.0030114183     0.0055862269    -0.0068826675     0.0011083422    9.1093825e-31   -1.6021766e-19    -9.156439e-20    3.7745112e-19             2375                1
   -0.00087176461    8.9129317e-05     -0.005942062   -0.00060032413    -0.0027284932    -0.0011746475    9.1093825e-31   -1.6021766e-19    -9.156439e-20    3.7745112e-19             2288                1
     0.0068808557    6.1246741e-05     -0.013565361   -0.00047253614   -0.00068384176     0.0009418382    9.1093825e-31   -1.6021766e-19    -9.156439e-20    3.7745112e-19              213                0
    0.00093361747    9.6738651e-05     0.0077908831     0.0039077355      0.012582569    -0.0058115926    9.1093825e-31   -1.6021766e-19    -9.156439e-20    3.7745112e-19             2260                1
    -0.0060716248    9.4409683e-05    -0.0030533671   -0.00059730187     -0.002880408    0.00019536669    9.1093825e-31   -1.6021766e-19    -9.156439e-20    3.7745112e-19             2376                1
     0.0015525203    2.9278149e-06     -0.012927621    -0.0037707733    0.00054412009      0.003867761    9.1093825e-31   -1.6021766e-19    -9.156439e-20    3.7745112e-19             2374                1
    -0.0091662956    9.2850998e-05    -0.0043428936    -0.0027759557     0.0006125159    0.00050324789    9.1093825e-31   -1.6021766e-19    -9.156439e-20    3.7745112e-19              723                0
     0.0022330205    6.6651162e-05   -4.9676539e-05    -0.0049716691     0.0080501288    -0.0024696221    9.1093825e-31   -1.6021766e-19    -9.156439e-20    3.7745112e-19             2232                1
    -0.0016820193    2.2439057e-05      0.010762517     0.0025240253     0.0068302015     -0.003892554    9.1093825e-31   -1.6021766e-19    -9.156439e-20    3.7745112e-19             2345                1
     0.0019654401    3.1582178e-05     -0.012635791     0.0048536328      -0.00867867    -0.0019119557    9.1093825e-31   -1.6021766e-19    -9.156439e-20    3.7745112e-19             2212                1
     0.0011803319    3.4055527e-05      0.013677385     -0.001466374     0.0096371146    -0.0029351758    9.1093825e-31   -1.6021766e-19    -9.156439e-20    3.7745112e-19             2350                1
      0.005860677    3.3439392e-05     0.0030117773    -0.0004395541     0.0051698894    0.00013772568    9.1093825e-31   -1.6021766e-19    -9.156439e-20    3.7745112e-19             2271                1
   -2.2530336e-05    9.5876821e-05     0.0038042073   -7.8786841e-05    -0.0058294954    0.00066893181    9.1093825e-31   -1.6021766e-19    -9.156439e-20    3.7745112e-19             2398                1
    -0.0089292852    2.3515977e-06      0.013754373     0.0013366622   -0.00037487035    -0.0005024019    9.1093825e-31   -1.6021766e-19    -9.156439e-20    3.7745112e-19              503                0
   -0.00081114669    7.1682254e-05    -0.0027999268    -0.0010245177    -0.0081470897    -0.0014378262    9.1093825e-31   -1.6021766e-19    -9.156439e-20    3.7745112e-19             2358                1
    -0.0088875657    8.5895488e-05    -0.0012461859    0.00077331142    0.00089481228    -0.0017874743    9.1093825e-31   -1.6021766e-19    -9.156439e-20    3.7745112e-19              518                0
    -0.0016987843    6.8197325e-05      -0.01113821     0.0027698325     -0.007221763     -0.002374585    9.1093825e-31   -1.6021766e-19    -9.156439e-20    3.7745112e-19             2312                1
     0.0032890867    5.8231224e-05     0.0079441583   -0.00073538109     0.0013684174   -0.00054271682    9.1093825e-31   -1.6021766e-19    -9.156439e-20    3.7745112e-19              903                0
    -0.0085020056    3.7481561e-05      0.010154529    0.00099778688    0.00025122086    0.00071631843    9.1093825e-31   -1.6021766e-19    -9.156439e-20    3.7745112e-19              578                0
     0.0024110011    7.6634868e-05    -0.0092868842     0.0042951694    -0.0071393643    -0.0028515356    9.1093825e-31   -1.6021766e-19    -9.156439e-20    3.7745112e-19             2348                1
     0.0082376264    2.9457258e-05     0.0096053174     0.0017316728    0.00017696194    0.00014747785    9.1093825e-31   -1.6021766e-19    -9.156439e-20    3.7745112e-19              618                0
    0.00074557634    8.7194261e-05    -0.0040428713    0.00088901224     0.0064659948     0.0013207553    9.1093825e-31   -1.6021766e-19    -9.156439e-20    3.7745112e-19             2072                1
    -0.0073391506    1.2144163e-05    -0.0089665838     0.0022020345   -0.00016478226   -0.00017600635    9.1093825e-31   -1.6021766e-19    -9.156439e-20    3.7745112e-19              725                0
     0.0010783363    1.4893275e-05    -0.0092868451     0.0018666214      -0.01280508    -0.0024640898    9.1093825e-31   -1.6021766e-19    -9.156439e-20    3.7745112e-19             2283                1
   -0.00080940541    5.9172995e-05    -0.0081535634    -0.0062361155    -0.0075711631    -0.0058759353    9.1093825e-31   -1.6021766e-19    -9.156439e-20    3.7745112e-19             2296                1
    -0.0042785378    2.6770789e-05      -0.01219754    -0.0006544076    -0.0082141887     0.0014266076    9.1093825e-31   -1.6021766e-19    -9.156439e-20    3.7745112e-19             2208                1
    -0.0032749681     6.333561e-05     0.0061528357    0.00058581284      0.010817563   -0.00030517686    9.1093825e-31   -1.6021766e-19    -9.156439e-20    3.7745112e-19             2297                1
    -0.0039776531    3.5029942e-05      0.011602959   -0.00040676555     0.0083502904     0.0024056868    9.1093825e-31   -1.6021766e-19    -9.156439e-20    3.7745112e-19             2333                1
   -0.00071235048    3.5478064e-05    -0.0083740307    0.00059067033     -0.012151505     0.0002228025    9.1093825e-31   -1.6021766e-19    -9.156439e-20    3.7745112e-19             2314                1
    0.00046306438    9.7498298e-05    0.00027258231     0.0020177732    -0.0084290849    -0.0049065985    9.1093825e-31   -1.6021766e-19    -9.156439e-20    3.7745112e-19             2409                1
     0.0015701918    9.6389602e-05     0.0024840119    6.5164575e-05    -0.0072482717    -0.0037443007    9.1093825e-31   -1.6021766e-19    -9.156439e-20    3.7745112e-19             2403                1
    -0.0066731405    2.8388471e-05     0.0050732815   -0.00044857385     0.0010930662     0.0010691541    9.1093825e-31   -1.6021766e-19    -9.156439e-20    3.7745112e-19              573                0
      0.006625765     9.025207e-05      -0.01150444   -0.00013837758   -0.00013965876    0.00042307927    9.1093825e-31   -1.6021766e-19    -9.156439e-20    3.7745112e-19              274                0
    0.00092540629    8.3166939e-05      0.002650768    -0.0047510061     0.0033285061     0.0037604328    9.1093825e-31   -1.6021766e-19    -9.156439e-20    3.7745112e-19             2162                1
    -0.0010626342    8.9479312e-05     0.0060855732    -2.770822e-05    -0.0057368125    1.8245171e-05    9.1093825e-31   -1.6021766e-19    -9.156439e-20    3.7745112e-19             2384                1
   -2.6981545e-05    9.1954069e-05     0.0042909668     0.0034198107      0.010771888    -0.0015343672    9.1093825e-31   -1.6021766e-19    -9.156439e-20    3.7745112e-19             2200                1
    -0.0060390192    5.8135422e-05     -0.002654921     0.0063783098     0.0049287691    0.00064166845    9.1093825e-31   -1.6021766e-19    -9.156439e-20    3.7745112e-19             2177                1
    0.00039768519    6.7829256e-05    -0.0087695904     0.0039551696    -0.0075925579     0.0058006071    9.1093825e-31   -1.6021766e-19    -9.156439e-20    3.7745112e-19             2321                1
     0.0015694555    9.8911216e-05     0.0024851526    -0.0014223719    -0.0021538674    -0.0014399664    9.1093825e-31   -1.6021766e-19    -9.156439e-20    3.7745112e-19             2404                1
    -0.0063110753    2.6004504e-05     0.0053987866   -0.00083141646     0.0011770056    -0.0027879386    9.1093825e-31   -1.6021766e-19    -9.156439e-20    3.7745112e-19              985                0
   -0.00097812084    5.5734003e-05     0.0056031886     0.0008519938      0.007662077   -0.00031517079    9.1093825e-31   -1.6021766e-19    -9.156439e-20    3.7745112e-19             2185                1
     0.0076408349    7.0788308e-05    0.00067639764   -0.00055683515     0.0010183351     0.0012069122    9.1093825e-31   -1.6021766e-19    -9.156439e-20    3.7745112e-19              614                0
    -0.0027280643    6.5793349e-05     0.0069970861     -0.000366539      0.011791572     0.0012602339    9.1093825e-31   -1.6021766e-19    -9.156439e-20    3.7745112e-19             2305                1
   -0.00076437718    5.1683422e-05    -0.0083880331     0.0034871516     0.0019055203    0.00039598293    9.1093825e-31   -1.6021766e-19    -9.156439e-20    3.7745112e-19             2204                1
    9.2574941e-05    5.5149561e-05     -0.013346053   -7.9013247e-05    -0.0024956139    0.00029369292    9.1093825e-31   -1.6021766e-19    -9.156439e-20    3.7745112e-19               79                0
     0.0047620507    5.0330917e-05    -0.0035898469    -0.0022716173     0.0061995648    0.00087825238    9.1093825e-31   -1.6021766e-19    -9.156439e-20    3.7745112e-19             2289                1
    -0.0024144109    9.0622234e-05    -0.0020880424     0.0046467818     0.0076886462     0.0032335578    9.1093825e-31   -1.6021766e-19    -9.156439e-20    3.7745112e-19             2136                1
     0.0081746792    2.7927877e-05     -0.013371239   -0.00014847875    0.00047734432    0.00082562707    9.1093825e-31   -1.6021766e-19    -9.156439e-20    3.7745112e-19             1982                1
     0.0010952256    9.5586031e-05     0.0060267854    -0.0043664756    -0.0047087362   -0.00095234631    9.1093825e-31   -1.6021766e-19    -9.156439e-20    3.7745112e-19             2394                1
   -0.00076365605    3.5209869e-05     0.0068519651      0.010489847     0.0063358373   -0.00074589637    9.1093825e-31   -1.6021766e-19    -9.156439e-20    3.7745112e-19             2209                1
    0.00040015014    8.6926426e-05    -0.0037927292    0.00054215529    -0.0070197685    0.00061300362    9.1093825e-31   -1.6021766e-19    -9.156439e-20    3.7745112e-19             2377                1
    0.00039930717    8.8021487e-05    -0.0037938363    0.00011639737    -0.0064668977    5.3623447e-05    9.1093825e-31   -1.6021766e-19    -9.156439e-20    3.7745112e-19             2378                1
    -0.0015321675    5.1080965e-06     -0.011259999    0.00012822138     0.0020458235    -0.0011318943    9.1093825e-31   -1.6021766e-19    -9.156439e-20    3.7745112e-19             2380                1
    -0.0012794272     3.348604e-06     -0.014240735     0.0018108209      0.011223488   -0.00072606711    9.1093825e-31   -1.6021766e-19    -9.156439e-20    3.7745112e-19             2405                1
    -0.0010554701    9.7889111e-05     0.0059380229     0.0055148117    -0.0070491908   -5.7398967e-05    9.1093825e-31   -1.6021766e-19    -9.156439e-20    3.7745112e-19             2406                1
     0.0018582635    9.8013828e-05      0.010610333    0.00029143016    -0.0099940598    -0.0044174595    9.1093825e-31   -1.6021766e-19    -9.156439e-20    3.7745112e-19             2410                1
   -0.00010173186    9.8820892e-05     0.0036878439     0.0022168215    -0.0059371796     0.0035283396    9.1093825e-31   -1.6021766e-19    -9.156439e-20    3.7745112e-19             2411                1
     0.0015850724     6.121478e-07      0.010582677     0.0021230944     0.0031301056    -0.0064903898    9.1093825e-31   -1.6021766e-19    -9.156439e-20    3.7745112e-19             2412                1
