%  ASCII export : 
%
%  Momentum is normalized to the product of particle's mass and speed of light.
%  All other quantities are in SI units.
%
%            posX             posY             posZ             momX             momY             momZ             mass           charge     macro-charge             time       particleID         sourceID

      0.001521698    7.3054078e-05    -0.0049219322    4.2944077e-05     0.0075366176     0.0044872058    9.1093825e-31   -1.6021766e-19    -9.156439e-20    4.5934777e-19             2522                1
    -0.0011312335    2.4923569e-05     0.0058700838     0.0024339336       0.00612238    -0.0041059027    9.1093825e-31   -1.6021766e-19    -9.156439e-20    4.5934777e-19             2716                1
    -0.0016226274    5.6481396e-05     -0.012516397    -0.0018054338     -0.006407124    -0.0024959156    9.1093825e-31   -1.6021766e-19    -9.156439e-20    4.5934777e-19             2638                1
    -0.0026106373    9.7493703e-06    5.5382741e-05   -0.00030232436     0.0023426663   -0.00056191866    9.1093825e-31   -1.6021766e-19    -9.156439e-20    4.5934777e-19              348                0
    -0.0091739604    2.7696919e-08    -0.0044225976      0.002069172    -0.0003636115    0.00085975649    9.1093825e-31   -1.6021766e-19    -9.156439e-20    4.5934777e-19             1002                1
   -3.1029798e-05    9.6274169e-05     0.0037455158   -0.00025473506    -0.0073833535    -0.0043161889    9.1093825e-31   -1.6021766e-19    -9.156439e-20    4.5934777e-19             2844                1
      0.002476813    8.3805506e-05    -0.0077442704   -0.00055794616    -0.0055144783      0.002913581    9.1093825e-31   -1.6021766e-19    -9.156439e-20    4.5934777e-19             2787                1
   -0.00064712839    5.9051337e-05     -0.012206109    0.00042601346    0.00011544757    -0.0011852084    9.1093825e-31   -1.6021766e-19    -9.156439e-20    4.5934777e-19               55                0
      0.006337299    3.0035621e-06      0.014328724   -0.00054010539    -0.0018220127    0.00091728178    9.1093825e-31   -1.6021766e-19    -9.156439e-20    4.5934777e-19              171                0
     0.0016387689    2.2690665e-05      0.012042016    -0.0005195298     0.0044421689     0.0037576575    9.1093825e-31   -1.6021766e-19    -9.156439e-20    4.5934777e-19             2728                1
     0.0044157519    2.0463483e-05     0.0052564968   -0.00055134186    0.00046144164   -0.00038502194    9.1093825e-31   -1.6021766e-19    -9.156439e-20    4.5934777e-19              154                0
     0.0066058808    8.0281483e-05     -0.013314479     0.0014353584   -4.1217652e-05     0.0013945259    9.1093825e-31   -1.6021766e-19    -9.156439e-20    4.5934777e-19              488                0
    -0.0024887463    5.6111672e-05     -0.014806863    -0.0012260997     -0.001179489    0.00063394511    9.1093825e-31   -1.6021766e-19    -9.156439e-20    4.5934777e-19               27                0
    -0.0005040933    7.3871233e-05    -0.0081714662    0.00084010017    -0.0059889257    -0.0047094529    9.1093825e-31   -1.6021766e-19    -9.156439e-20    4.5934777e-19             2754                1
    -0.0015148589    2.9778948e-05     -0.011239812     0.0015501569     -0.008814835     0.0018476858    9.1093825e-31   -1.6021766e-19    -9.156439e-20    4.5934777e-19             2651                1
     0.0011764721    6.3877655e-05    -0.0068071992    -0.0019040867    -0.0071509024   -4.1680047e-05    9.1093825e-31   -1.6021766e-19    -9.156439e-20    4.5934777e-19             2740                1
     0.0080669513    2.9987511e-06      0.014967596   -0.00068864215    -0.0012141326     0.0010857008    9.1093825e-31   -1.6021766e-19    -9.156439e-20    4.5934777e-19              986                0
    -0.0016357262    8.3257924e-05     -0.011154662    -0.0020131087    -0.0045408173     0.0022564214    9.1093825e-31   -1.6021766e-19    -9.156439e-20    4.5934777e-19             2731                1
     0.0088033713    5.6268877e-06    0.00017837234     0.0020890567    7.3591254e-05     0.0001731458    9.1093825e-31   -1.6021766e-19    -9.156439e-20    4.5934777e-19              386                0
     0.0058118696    5.8435166e-05    -0.0049975342    -0.0012238274     0.0049046972    2.1972255e-05    9.1093825e-31   -1.6021766e-19    -9.156439e-20    4.5934777e-19             2458                1
     0.0024038407     6.384922e-05   -9.1085225e-05     0.0038051717     0.0085145999    -0.0014629483    9.1093825e-31   -1.6021766e-19    -9.156439e-20    4.5934777e-19             2597                1
   -4.1714215e-05    7.3711475e-05    -0.0074655125     0.0076671382     0.0063545704     0.0033219971    9.1093825e-31   -1.6021766e-19    -9.156439e-20    4.5934777e-19             2488                1
    -0.0051776273    4.7915186e-05     0.0089356247     0.0014592909    -0.0010244538   -0.00043902823    9.1093825e-31   -1.6021766e-19    -9.156439e-20    4.5934777e-19              355                0
      0.007640535    3.1026571e-05     -0.011868741   -0.00081876054   -0.00013548127     0.0007090682    9.1093825e-31   -1.6021766e-19    -9.156439e-20    4.5934777e-19              451                0
     0.0010838325    4.4928944e-05     0.0058217058     0.0015030818     0.0089734858     -0.010149706    9.1093825e-31   -1.6021766e-19    -9.156439e-20    4.5934777e-19             2709                1
    -0.0064250934    3.0934287e-05    -0.0019946136   -0.00013512756     0.0015880932     0.0009339684    9.1093825e-31   -1.6021766e-19    -9.156439e-20    4.5934777e-19               32                0
     0.0011117844    4.0960745e-06       0.01355563    0.00026267453     0.0025143758    0.00030502406    9.1093825e-31   -1.6021766e-19    -9.156439e-20    4.5934777e-19             2824                1
     0.0082013551    2.4627725e-05    0.00061481644    -0.0016519472    0.00050493056    -0.0006217818    9.1093825e-31   -1.6021766e-19    -9.156439e-20    4.5934777e-19              455                0
     0.0017099298    5.8645026e-05     0.0073684943     0.0015234442     0.0083907554    4.7179845e-05    9.1093825e-31   -1.6021766e-19    -9.156439e-20    4.5934777e-19             2660                1
    -0.0011926601    6.5282053e-05     -0.012487377     0.0096346121    -0.0066210111    -0.0010818277    9.1093825e-31   -1.6021766e-19    -9.156439e-20    4.5934777e-19             2684                1
   -0.00085290539    8.4312778e-05    -0.0027977338     0.0014892555    -0.0082135992    -0.0020412642    9.1093825e-31   -1.6021766e-19    -9.156439e-20    4.5934777e-19             2821                1
   -0.00087127491    8.1118764e-05     -0.002871736     0.0014826556    -0.0094063105   -0.00067676028    9.1093825e-31   -1.6021766e-19    -9.156439e-20    4.5934777e-19             2817                1
     0.0019409225    5.2124215e-05      0.012110894   -0.00071599975    -0.0048851538   -1.7313962e-05    9.1093825e-31   -1.6021766e-19    -9.156439e-20    4.5934777e-19             2645                1
       0.00109801     3.232008e-05    -0.0065004742     0.0014639925    -0.0096888561    -0.0044930801    9.1093825e-31   -1.6021766e-19    -9.156439e-20    4.5934777e-19             2701                1
    0.00043310371    8.8893845e-05    -0.0087024095     0.0004674262    -0.0061254138    -0.0035171134    9.1093825e-31   -1.6021766e-19    -9.156439e-20    4.5934777e-19             2819                1
     0.0012943399    9.5349169e-05     0.0024376197     0.0001668433    -0.0032285224    0.00010475159    9.1093825e-31   -1.6021766e-19    -9.156439e-20    4.5934777e-19             2832                1
     0.0011609996    7.5507989e-05    -0.0068319277    -0.0047977935    -0.0049811094    -0.0046681138    9.1093825e-31   -1.6021766e-19    -9.156439e-20    4.5934777e-19             2741                1
    -0.0031319729    9.9319026e-05    -0.0017843806   -0.00080410403    -0.0011046913    0.00073313934    9.1093825e-31   -1.6021766e-19    -9.156439e-20    4.5934777e-19             2842                1
   -0.00099305529    5.5415956e-05     0.0055828067     0.0010606516     0.0097833853    0.00016549359    9.1093825e-31   -1.6021766e-19    -9.156439e-20    4.5934777e-19             2694                1
    -0.0065256092    1.5780017e-05     0.0038688835      0.003072228    0.00060385343    -0.0015922916    9.1093825e-31   -1.6021766e-19    -9.156439e-20    4.5934777e-19              695                0
    -0.0013886312    6.7044333e-05     -0.011162006    0.00080793991    -0.0066339476     0.0037645556    9.1093825e-31   -1.6021766e-19    -9.156439e-20    4.5934777e-19             2710                1
    -0.0034096197    5.1086234e-05    -0.0099024707    0.00026348466    -0.0051512639    0.00056922401    9.1093825e-31   -1.6021766e-19    -9.156439e-20    4.5934777e-19             2624                1
     0.0066542332    7.3676296e-05    -0.0075455788     0.0022598477      0.001631095     0.0016492305    9.1093825e-31   -1.6021766e-19    -9.156439e-20    4.5934777e-19                4                0
     0.0010274525    4.8357553e-05    -0.0095381103     0.0020963803      -0.01102087   -0.00072593766    9.1093825e-31   -1.6021766e-19    -9.156439e-20    4.5934777e-19             2746                1
   -0.00088131829    8.8798632e-05    -0.0081492802      -0.00185338     0.0067684748     0.0021700403    9.1093825e-31   -1.6021766e-19    -9.156439e-20    4.5934777e-19             2510                1
    -0.0061340616     1.429708e-05     -0.012085132   -1.3792312e-05   -0.00010724853    -0.0013674425    9.1093825e-31   -1.6021766e-19    -9.156439e-20    4.5934777e-19              385                0
     0.0015391927    9.2471062e-05     -0.012904806     0.0061099501    -0.0037837576     0.0031503406    9.1093825e-31   -1.6021766e-19    -9.156439e-20    4.5934777e-19             2798                1
     0.0033609294    6.0337326e-05      0.012642905     0.0034830503     0.0067249974     0.0029143346    9.1093825e-31   -1.6021766e-19    -9.156439e-20    4.5934777e-19             2670                1
    0.00046267378    5.3830216e-05    -0.0088519482     0.0056043928    -0.0069381264    -0.0011153079    9.1093825e-31   -1.6021766e-19    -9.156439e-20    4.5934777e-19             2690                1
     0.0014429403    2.3178103e-05       0.01140924    0.00029015823     0.0092403516    0.00016035249    9.1093825e-31   -1.6021766e-19    -9.156439e-20    4.5934777e-19             2799                1
     0.0010113101    3.4515917e-05     0.0078149624     0.0017279449     0.0057851891    -0.0014166954    9.1093825e-31   -1.6021766e-19    -9.156439e-20    4.5934777e-19             2667                1
      0.006082403    2.1099693e-05     0.0048551802    -0.0010917063    0.00057775696    0.00066342665    9.1093825e-31   -1.6021766e-19    -9.156439e-20    4.5934777e-19              751                0
     0.0048095798    6.0665945e-05    -0.0033773822    -0.0044908482    -0.0094152521    0.00016886993    9.1093825e-31   -1.6021766e-19    -9.156439e-20    4.5934777e-19             2773                1
     0.0043362197    5.4061315e-05     -0.014769424    -0.0012874114    -0.0081626335     0.0041177287    9.1093825e-31   -1.6021766e-19    -9.156439e-20    4.5934777e-19             2699                1
    -0.0017158251     3.148635e-05      0.010659125     0.0007857107     0.0062882518   -5.9275346e-05    9.1093825e-31   -1.6021766e-19    -9.156439e-20    4.5934777e-19             2724                1
    -0.0074221455    6.7720743e-05     -0.007160746    -0.0011756355    0.00080423657     -0.002672073    9.1093825e-31   -1.6021766e-19    -9.156439e-20    4.5934777e-19              532                0
   -0.00078935741    8.3952138e-05    -0.0083512021    -0.0017994349    -0.0047516739     8.250706e-05    9.1093825e-31   -1.6021766e-19    -9.156439e-20    4.5934777e-19             2772                1
     0.0048306668     9.638357e-05    -0.0033771496     0.0012529575     -0.002796307     0.0015472003    9.1093825e-31   -1.6021766e-19    -9.156439e-20    4.5934777e-19             2829                1
   -0.00093625061     8.154822e-05    -0.0028430098    -0.0011698515      0.010628121     -0.001360187    9.1093825e-31   -1.6021766e-19    -9.156439e-20    4.5934777e-19             2653                1
     0.0027279337    2.4477697e-06      0.012293566     0.0052189026    -0.0044525266     0.0019990401    9.1093825e-31   -1.6021766e-19    -9.156439e-20    4.5934777e-19             2210                1
   -0.00080150401    1.1752407e-05    -0.0055849385     0.0032030423    4.9555161e-05     0.0052068909    9.1093825e-31   -1.6021766e-19    -9.156439e-20    4.5934777e-19             2253                1
     -0.002867742    8.0273749e-05     -0.005654159    0.00020632661    -0.0058790757      0.004278732    9.1093825e-31   -1.6021766e-19    -9.156439e-20    4.5934777e-19             2784                1
    0.00048744451    7.8147539e-05    0.00022561105     0.0014353837    -0.0082164081   -0.00016515297    9.1093825e-31   -1.6021766e-19    -9.156439e-20    4.5934777e-19             2802                1
     0.0020705429    3.5486992e-05      0.010679953    -0.0012476038   -7.5999393e-05    -0.0012790456    9.1093825e-31   -1.6021766e-19    -9.156439e-20    4.5934777e-19             2471                1
     0.0014485474    6.2908468e-05    -0.0087457038    -0.0033670987    -0.0077755228     0.0051387893    9.1093825e-31   -1.6021766e-19    -9.156439e-20    4.5934777e-19             2737                1
    0.00081636687    3.3475826e-05     0.0097322352    -0.0021155642     0.0088082626   -0.00064050301    9.1093825e-31   -1.6021766e-19    -9.156439e-20    4.5934777e-19             2764                1
     -0.002086791     1.049848e-05     0.0063322475    -0.0025007133     0.0035741776     0.0014048694    9.1093825e-31   -1.6021766e-19    -9.156439e-20    4.5934777e-19             2665                1
   -0.00079783576    9.7062701e-05    -0.0028102589    0.00014813192    -0.0074100033   -9.8561097e-05    9.1093825e-31   -1.6021766e-19    -9.156439e-20    4.5934777e-19             2845                1
     0.0018773234    4.6545385e-05     -0.012487054    0.00076639111     -0.010370436    0.00052797305    9.1093825e-31   -1.6021766e-19    -9.156439e-20    4.5934777e-19             2717                1
       -0.0082842    6.1895007e-05      0.014675454    6.3130814e-05   -0.00037729723     0.0012157096    9.1093825e-31   -1.6021766e-19    -9.156439e-20    4.5934777e-19              719                0
    -0.0090841958    3.4518675e-05     0.0024338285   -0.00066418335   -0.00016139777     0.0014006239    9.1093825e-31   -1.6021766e-19    -9.156439e-20    4.5934777e-19              874                0
    -0.0016003851    3.8529815e-05       -0.0124257     0.0019286589     -0.011154281     0.0015262736    9.1093825e-31   -1.6021766e-19    -9.156439e-20    4.5934777e-19             2707                1
    -0.0024289535    4.1693453e-05     -0.002068867    -0.0020641952     0.0065496974     0.0015827332    9.1093825e-31   -1.6021766e-19    -9.156439e-20    4.5934777e-19             2616                1
    -0.0042073769    5.2322819e-05     0.0060018534     0.0015713667    0.00029137419   -0.00078440242    9.1093825e-31   -1.6021766e-19    -9.156439e-20    4.5934777e-19              628                0
     0.0048252163    9.2540053e-05    -0.0033825526    -0.0029828707    -0.0057819621    -0.0026511005    9.1093825e-31   -1.6021766e-19    -9.156439e-20    4.5934777e-19             2830                1
    -0.0010082626    6.4933316e-05     0.0059600254    -0.0020740258     0.0083466172     0.0019723694    9.1093825e-31   -1.6021766e-19    -9.156439e-20    4.5934777e-19             2617                1
     0.0014395126    6.4705913e-05     -0.008850296    -0.0049224361    -0.0043573352    -0.0016997488    9.1093825e-31   -1.6021766e-19    -9.156439e-20    4.5934777e-19             2656                1
    -0.0015290494    8.6274616e-05     -0.011287678    0.00012164751     0.0040900647    -0.0011275337    9.1093825e-31   -1.6021766e-19    -9.156439e-20    4.5934777e-19             2380                1
     0.0072695697    7.1543349e-05     0.0060059954   -0.00061349996    0.00011287575     0.0019550237    9.1093825e-31   -1.6021766e-19    -9.156439e-20    4.5934777e-19              828                0
     0.0079364115    1.2384074e-05     0.0085866051     0.0012237879     0.0026406648   -0.00072512199    9.1093825e-31   -1.6021766e-19    -9.156439e-20    4.5934777e-19             2734                1
    0.00040295391     8.502027e-05    -0.0037895418    0.00016871653     0.0090822652    0.00025108599    9.1093825e-31   -1.6021766e-19    -9.156439e-20    4.5934777e-19             2576                1
   -0.00087985385    8.7500164e-05    -0.0028721339    -0.0028505414    -0.0061834417   -0.00087748276    9.1093825e-31   -1.6021766e-19    -9.156439e-20    4.5934777e-19             2818                1
     0.0053314161    1.6681373e-05     0.0064192298     0.0011177489   -0.00024118918   -0.00040238362    9.1093825e-31   -1.6021766e-19    -9.156439e-20    4.5934777e-19              580                0
     0.0011430089     8.686338e-05    -0.0067986576    -0.0019355369     -0.003071252    -0.0024496426    9.1093825e-31   -1.6021766e-19    -9.156439e-20    4.5934777e-19             2758                1
     0.0083123008    6.4065724e-05     -0.012611312    -0.0022228218    0.00042190863     0.0022222844    9.1093825e-31   -1.6021766e-19    -9.156439e-20    4.5934777e-19              586                0
    -0.0016130734    8.8701927e-05     -0.011190229     0.0020010134    -0.0035871076    -0.0040476555    9.1093825e-31   -1.6021766e-19    -9.156439e-20    4.5934777e-19             2732                1
    -0.0050205295     6.458423e-05    -0.0052240528     0.0010233974     0.0023602527   -0.00094525894    9.1093825e-31   -1.6021766e-19    -9.156439e-20    4.5934777e-19              660                0
     0.0013558464    7.4337484e-05    -0.0033180784   -0.00074606872    -0.0042218338     0.0037477768    9.1093825e-31   -1.6021766e-19    -9.156439e-20    4.5934777e-19             2747                1
    -0.0077514239    2.7445672e-05      0.011035664     0.0006116734   -0.00076280232     0.0015233272    9.1093825e-31   -1.6021766e-19    -9.156439e-20    4.5934777e-19              652                0
   -0.00050462241    7.0001062e-07     0.0094604781     0.0011725293     0.0035709161    -0.0043158308    9.1093825e-31   -1.6021766e-19    -9.156439e-20    4.5934777e-19             2850                1
   -0.00080782373    9.3668641e-05    -0.0059171524    -0.0007143101     0.0087651201     0.0019368218    9.1093825e-31   -1.6021766e-19    -9.156439e-20    4.5934777e-19             2583                1
     0.0015689987    8.0226826e-05     0.0024580252   -0.00013360767     0.0095492173     0.0010162685    9.1093825e-31   -1.6021766e-19    -9.156439e-20    4.5934777e-19             2591                1
    -0.0025245112     8.959174e-05    -0.0020996947      0.002093489    -0.0045429934     0.0021348433    9.1093825e-31   -1.6021766e-19    -9.156439e-20    4.5934777e-19             2813                1
    -0.0030707119    8.4494741e-06    3.8672541e-05    -0.0029618109     0.0025388822    -0.0029519151    9.1093825e-31   -1.6021766e-19    -9.156439e-20    4.5934777e-19              303                0
   -1.2140265e-05    5.0954295e-05     0.0042701364      0.001423192     0.0083079096    -0.0019202115    9.1093825e-31   -1.6021766e-19    -9.156439e-20    4.5934777e-19             2652                1
    -0.0010537317    9.9466495e-05     0.0060951379    0.00087597989      0.012081932    0.00089330535    9.1093825e-31   -1.6021766e-19    -9.156439e-20    4.5934777e-19             2639                1
      0.002913909     3.679423e-05    -0.0056394166    -0.0017096801     0.0025355285    1.3689175e-05    9.1093825e-31   -1.6021766e-19    -9.156439e-20    4.5934777e-19              860                0
     -0.001154301    5.0432147e-05     0.0061485986   -0.00022742942      0.010650732   -0.00053565699    9.1093825e-31   -1.6021766e-19    -9.156439e-20    4.5934777e-19             2727                1
    -0.0032834823     4.355378e-05     -0.012562227   -0.00087732932    -4.754699e-05    -0.0015418986    9.1093825e-31   -1.6021766e-19    -9.156439e-20    4.5934777e-19              900                0
    -0.0064873723    3.2720862e-05    -0.0088271089    0.00090669631     0.0010311023    -0.0013279421    9.1093825e-31   -1.6021766e-19    -9.156439e-20    4.5934777e-19              132                0
     0.0090107853    9.2147915e-05      0.013110625     0.0016578818     0.0013414087    -0.0014217999    9.1093825e-31   -1.6021766e-19    -9.156439e-20    4.5934777e-19             1962                1
    -0.0072595403    8.0480029e-05    -0.0026528032    0.00061276474     0.0018971495    0.00067927421    9.1093825e-31   -1.6021766e-19    -9.156439e-20    4.5934777e-19             1012                1
    -0.0037907169    7.6289157e-06    0.00053920661    -0.0013475228     0.0019694599     0.0026025595    9.1093825e-31   -1.6021766e-19    -9.156439e-20    4.5934777e-19              893                0
     0.0076875961    5.0912106e-05     -0.013059463     0.0023856733    5.9750309e-05    -0.0017003723    9.1093825e-31   -1.6021766e-19    -9.156439e-20    4.5934777e-19              311                0
    -0.0070261089    1.4494412e-05    -0.0077501391    -0.0013013993    0.00066812028    0.00055284915    9.1093825e-31   -1.6021766e-19    -9.156439e-20    4.5934777e-19              791                0
    -0.0011528539    6.7583729e-05    -0.0040715015     0.0016506242     0.0077186935     0.0059086601    9.1093825e-31   -1.6021766e-19    -9.156439e-20    4.5934777e-19             2560                1
     0.0011111468    1.1788372e-05      0.013553195   -9.5438896e-05     0.0068315123    -0.0010603032    9.1093825e-31   -1.6021766e-19    -9.156439e-20    4.5934777e-19             2823                1
   -0.00053418236    7.6149277e-05    -0.0081997486    -0.0042285123    -0.0048363581     0.0070021525    9.1093825e-31   -1.6021766e-19    -9.156439e-20    4.5934777e-19             2725                1
     0.0050151739    4.3027787e-05     0.0071609812   -0.00060143491     0.0088846711   -7.8996045e-06    9.1093825e-31   -1.6021766e-19    -9.156439e-20    4.5934777e-19             2733                1
    -0.0062043555    5.0237359e-06     0.0028746089    1.6525439e-05    0.00092799024     -0.000118943    9.1093825e-31   -1.6021766e-19    -9.156439e-20    4.5934777e-19              677                0
   -0.00066550885    7.3047158e-05    -0.0025777242   -0.00022582637      0.009182103    -0.0015855528    9.1093825e-31   -1.6021766e-19    -9.156439e-20    4.5934777e-19             2609                1
    -0.0084547894    8.6300664e-05    -0.0047976021    0.00032318174     0.0010075454   -0.00011225016    9.1093825e-31   -1.6021766e-19    -9.156439e-20    4.5934777e-19              210                0
    -0.0017048488    9.6237527e-05     -0.011246499     0.0037299667    -0.0056469254      0.002996065    9.1093825e-31   -1.6021766e-19    -9.156439e-20    4.5934777e-19             2839                1
     0.0079022059    5.1711955e-05     0.0084918048   -0.00030593172   -0.00026199745      0.001262089    9.1093825e-31   -1.6021766e-19    -9.156439e-20    4.5934777e-19              254                0
     0.0058632731    4.9515213e-05     0.0044208858   -0.00061433052    0.00055502361   -0.00088139024    9.1093825e-31   -1.6021766e-19    -9.156439e-20    4.5934777e-19              270                0
     0.0014066189    5.2508032e-05     -0.012964495     0.0038181064    -0.0064797993    0.00039006042    9.1093825e-31   -1.6021766e-19    -9.156439e-20    4.5934777e-19             2614                1
   -0.00091074762    4.6222944e-05    -0.0084600504     0.0016936327    -0.0077530956   -0.00016166204    9.1093825e-31   -1.6021766e-19    -9.156439e-20    4.5934777e-19             2691                1
     0.0014738921    7.3003568e-05    -0.0051298398   -0.00065591716     -0.011499445    -0.0007299764    9.1093825e-31   -1.6021766e-19    -9.156439e-20    4.5934777e-19             2804                1
     0.0014960074    9.0947913e-05    -0.0088283066    0.00096219091    -0.0016168957    0.00058884412    9.1093825e-31   -1.6021766e-19    -9.156439e-20    4.5934777e-19             2655                1
    -0.0076017422    8.4476829e-05     -0.012208539    -0.0011636557    0.00065867318    -0.0012043595    9.1093825e-31   -1.6021766e-19    -9.156439e-20    4.5934777e-19              673                0
     0.0011708558    6.2934007e-05     -0.009588154     0.0013768097    -0.0075803488    -7.675722e-05    9.1093825e-31   -1.6021766e-19    -9.156439e-20    4.5934777e-19             2729                1
      0.008538438    6.4968572e-06      0.010212819     0.0002716723   -0.00046934778   -9.2295486e-05    9.1093825e-31   -1.6021766e-19    -9.156439e-20    4.5934777e-19              410                0
     0.0044219671    1.4360656e-05    -0.0020089867     0.0013118276   -0.00062152417    -0.0031967771    9.1093825e-31   -1.6021766e-19    -9.156439e-20    4.5934777e-19             2387                1
   -0.00012460323    4.5025543e-05     0.0034199185     -0.002698506     0.0079890639    -0.0043960037    9.1093825e-31   -1.6021766e-19    -9.156439e-20    4.5934777e-19             2658                1
     0.0033999218    8.0762395e-05    -0.0075858692     0.0018403389     0.0056930692    -0.0038176898    9.1093825e-31   -1.6021766e-19    -9.156439e-20    4.5934777e-19             2419                1
     0.0011229023    4.2087322e-06      0.013605945    7.4822987e-05     0.0021684216     0.0046283756    9.1093825e-31   -1.6021766e-19    -9.156439e-20    4.5934777e-19             2814                1
    -0.0015916179    2.3903074e-05     -0.012399827     0.0032317063     -0.013320242     0.0053730779    9.1093825e-31   -1.6021766e-19    -9.156439e-20    4.5934777e-19             2708                1
     -0.009409748    9.5485193e-05    -0.0066345856    0.00039543072      0.000353468    0.00041480557    9.1093825e-31   -1.6021766e-19    -9.156439e-20    4.5934777e-19              192                0
   -0.00075099751    9.2086819e-05    -0.0084294118    0.00029900379    -0.0060619754     0.0014686233    9.1093825e-31   -1.6021766e-19    -9.156439e-20    4.5934777e-19             2827                1
     0.0034563064    1.0504725e-05      0.012668575     0.0053234212    -0.0069406996    -0.0011425336    9.1093825e-31   -1.6021766e-19    -9.156439e-20    4.5934777e-19             2472                1
     0.0002697731    7.9415813e-06      0.012417834     0.0022050701     0.0059979451    -0.0023012904    9.1093825e-31   -1.6021766e-19    -9.156439e-20    4.5934777e-19             2828                1
     0.0035434659    1.4169866e-05     0.0034140982      0.001193928     0.0012804845     0.0021969315    9.1093825e-31   -1.6021766e-19    -9.156439e-20    4.5934777e-19              991                0
     0.0011871182    3.1672695e-05       0.01142684     0.0028520557     0.0080225104   -0.00095777877    9.1093825e-31   -1.6021766e-19    -9.156439e-20    4.5934777e-19             2765                1
    -0.0091466438    1.9738112e-05    -0.0019512214     0.0011744611    0.00024038683   -0.00095278979    9.1093825e-31   -1.6021766e-19    -9.156439e-20    4.5934777e-19              212                0
     0.0084417621    1.1104516e-05     0.0015458114    0.00022884966    0.00028951222   -0.00083006953    9.1093825e-31   -1.6021766e-19    -9.156439e-20    4.5934777e-19              525                0
     0.0092834476    1.1159921e-05    -0.0092219198     0.0011413032    0.00016877908    -0.0014044065    9.1093825e-31   -1.6021766e-19    -9.156439e-20    4.5934777e-19              690                0
    -0.0024088239    7.5325159e-05    -0.0021251282    -0.0010944282     0.0095147444     0.0066994927    9.1093825e-31   -1.6021766e-19    -9.156439e-20    4.5934777e-19             2623                1
    -0.0037346692    1.2099194e-05      0.011604241     0.0013659848     0.0043273843     -0.001909284    9.1093825e-31   -1.6021766e-19    -9.156439e-20    4.5934777e-19             2790                1
    -0.0086891362    4.5315712e-05    -0.0011852337     0.0009072196    0.00011821368    0.00099258195    9.1093825e-31   -1.6021766e-19    -9.156439e-20    4.5934777e-19              750                0
    3.4700017e-05    9.1406553e-05    -0.0011113761    8.7014872e-05       0.01140556    0.00033161623    9.1093825e-31   -1.6021766e-19    -9.156439e-20    4.5934777e-19             2619                1
     0.0013493883    4.6253546e-05     -0.003352355    -0.0019785708    -0.0095782829    -0.0027875737    9.1093825e-31   -1.6021766e-19    -9.156439e-20    4.5934777e-19             2748                1
    -0.0052952464    1.6539954e-05      0.013687389   -0.00056218792     0.0074157231   -0.00076666533    9.1093825e-31   -1.6021766e-19    -9.156439e-20    4.5934777e-19             2806                1
    -0.0073355837     9.141332e-05    -0.0014138873      0.002848617     0.0016832936   -0.00085051346    9.1093825e-31   -1.6021766e-19    -9.156439e-20    4.5934777e-19              257                0
    -0.0056935996    3.8232756e-05     0.0058646123    -0.0011289621    0.00038069938     0.0010281687    9.1093825e-31   -1.6021766e-19    -9.156439e-20    4.5934777e-19              220                0
     0.0012765041    1.6935097e-05      0.011347489   -0.00063350867     0.0053342967    0.00045383468    9.1093825e-31   -1.6021766e-19    -9.156439e-20    4.5934777e-19             2779                1
     0.0062809992     4.916091e-05    -0.0085077444    -0.0027217502     0.0013150471   -0.00053925242    9.1093825e-31   -1.6021766e-19    -9.156439e-20    4.5934777e-19              931                0
    -0.0026481992    2.1068214e-05    -0.0080492925    0.00013732779     0.0018152958    0.00087011879    9.1093825e-31   -1.6021766e-19    -9.156439e-20    4.5934777e-19              217                0
    -0.0012264136    5.4370365e-05     -0.012461446     0.0053728009    -0.0079903919     0.0021946218    9.1093825e-31   -1.6021766e-19    -9.156439e-20    4.5934777e-19             2685                1
    -0.0005951036    8.1263512e-05    -0.0081412764    -0.0006384853     -0.004066804    -0.0017328619    9.1093825e-31   -1.6021766e-19    -9.156439e-20    4.5934777e-19             2730                1
     -0.002065219    5.5896915e-05     0.0063193045   -0.00015547374      0.008510815    7.4461304e-06    9.1093825e-31   -1.6021766e-19    -9.156439e-20    4.5934777e-19             2666                1
    0.00041506739    9.6539763e-05    0.00019127064   -0.00085097022    -0.0048653288   -0.00017009286    9.1093825e-31   -1.6021766e-19    -9.156439e-20    4.5934777e-19             2838                1
     0.0058928505    1.9031115e-05    -0.0030482083    -0.0011031829     0.0020347466    -0.0022761507    9.1093825e-31   -1.6021766e-19    -9.156439e-20    4.5934777e-19              256                0
     0.0041839806    9.7976685e-05    -0.0087445891    0.00092014816     0.0069268071      0.000396446    9.1093825e-31   -1.6021766e-19    -9.156439e-20    4.5934777e-19             2569                1
    -0.0036911648    7.1176612e-05     -0.014359913    -0.0018276949    -0.0053845597   -0.00058879209    9.1093825e-31   -1.6021766e-19    -9.156439e-20    4.5934777e-19             2654                1
   -0.00033393531    8.1793201e-05     -0.002746101     0.0056248694     0.0083403802    -0.0019492754    9.1093825e-31   -1.6021766e-19    -9.156439e-20    4.5934777e-19             2478                1
    -0.0028420168    7.2321352e-05    -0.0068705915    -0.0011431127     -0.005356234     0.0014755622    9.1093825e-31   -1.6021766e-19    -9.156439e-20    4.5934777e-19             2735                1
    -0.0092436196    6.4360705e-05     0.0021484289    -0.0022381789    0.00066530099    -0.0018361772    9.1093825e-31   -1.6021766e-19    -9.156439e-20    4.5934777e-19              978                0
    -0.0017111795    6.3765606e-06      0.010765865   -0.00085118524     0.0021361166     0.0068319081    9.1093825e-31   -1.6021766e-19    -9.156439e-20    4.5934777e-19             2742                1
     0.0093222037    3.6351445e-05    0.00090906018     0.0014138963   -1.6839356e-05   -0.00017855098    9.1093825e-31   -1.6021766e-19    -9.156439e-20    4.5934777e-19              637                0
   -0.00082941301    9.8309727e-05     0.0058477451     0.0015675157    -0.0026502798     0.0013435566    9.1093825e-31   -1.6021766e-19    -9.156439e-20    4.5934777e-19             2841                1
     0.0014570889    3.8012768e-05      0.011527661   -0.00047290212     0.0098504825    0.00029464543    9.1093825e-31   -1.6021766e-19    -9.156439e-20    4.5934777e-19             2769                1
     0.0046968269    6.8209039e-05     0.0021954242   -0.00070027629     0.0018376834     0.0011530297    9.1093825e-31   -1.6021766e-19    -9.156439e-20    4.5934777e-19              229                0
     0.0030048196    9.7830656e-05    -0.0044173105   -0.00042343556    -0.0031659279   -0.00013484115    9.1093825e-31   -1.6021766e-19    -9.156439e-20    4.5934777e-19             2840                1
    -0.0085362652    4.7536105e-05    -0.0014719071    0.00080690719    0.00023544127   -0.00040310583    9.1093825e-31   -1.6021766e-19    -9.156439e-20    4.5934777e-19              894                0
     0.0076208469    8.1262195e-05     0.0053601521    -0.0010125403    0.00034564774     0.0030263865    9.1093825e-31   -1.6021766e-19    -9.156439e-20    4.5934777e-19              219                0
     0.0079552028    4.4420689e-05    -0.0030731026     0.0016621132    0.00053497072     0.0023100986    9.1093825e-31   -1.6021766e-19    -9.156439e-20    4.5934777e-19              309                0
    -0.0089500556    5.7614372e-05      0.011200973   -0.00023174449   -0.00013154349     -0.000604723    9.1093825e-31   -1.6021766e-19    -9.156439e-20    4.5934777e-19              329                0
    -0.0034134858    5.4694843e-05    -0.0099084759   -7.9526406e-05    -0.0048337029    3.6891099e-05    9.1093825e-31   -1.6021766e-19    -9.156439e-20    4.5934777e-19             2625                1
     0.0090158237    5.8881033e-05     0.0079939514    -0.0010096277   -8.1656042e-05     0.0016580428    9.1093825e-31   -1.6021766e-19    -9.156439e-20    4.5934777e-19              369                0
     0.0028271007    6.4409025e-05     -0.007066241   -0.00065088604     0.0011604298    -0.0037365044    9.1093825e-31   -1.6021766e-19    -9.156439e-20    4.5934777e-19             2430                1
    -0.0025570453    5.9489332e-05      -0.00203651   -0.00064286875      0.007828638     0.0054908707    9.1093825e-31   -1.6021766e-19    -9.156439e-20    4.5934777e-19             2595                1
    -0.0021489111    5.6918492e-05     0.0071995785     0.0020269814    0.00015403928    0.00015696224    9.1093825e-31   -1.6021766e-19    -9.156439e-20    4.5934777e-19              632                0
   -0.00092325773    7.4048839e-05    -0.0084548136    7.2508985e-05    -0.0041478872    0.00051449449    9.1093825e-31   -1.6021766e-19    -9.156439e-20    4.5934777e-19             2692                1
    -0.0034543467    2.0973766e-05     0.0061987303    -0.0048786467     0.0041584698     0.0011257797    9.1093825e-31   -1.6021766e-19    -9.156439e-20    4.5934777e-19             2630                1
     0.0015309397    5.3378484e-05     0.0024384416     -0.001944862      0.010063102    -0.0030828831    9.1093825e-31   -1.6021766e-19    -9.156439e-20    4.5934777e-19             2702                1
     0.0020377852    1.2796939e-05      0.014620888     0.0028912828     0.0057207732    -0.0037406711    9.1093825e-31   -1.6021766e-19    -9.156439e-20    4.5934777e-19             2807                1
     0.0072797732    4.7787275e-05    0.00084420951    -0.0015329239     0.0013242175   -0.00085143745    9.1093825e-31   -1.6021766e-19    -9.156439e-20    4.5934777e-19              476                0
    -0.0048806206    5.5778175e-05     -0.012799676     0.0013305445    0.00023604126     -0.001646113    9.1093825e-31   -1.6021766e-19    -9.156439e-20    4.5934777e-19              549                0
   -0.00093889661    7.0516508e-05      0.010209432     0.0026203599    -0.0017900482    0.00071666826    9.1093825e-31   -1.6021766e-19    -9.156439e-20    4.5934777e-19              569                0
   -0.00050148112    7.2859119e-05     -0.008148646     0.0013574809    -0.0061826217   -0.00018972124    9.1093825e-31   -1.6021766e-19    -9.156439e-20    4.5934777e-19             2755                1
     0.0026473529    1.0131311e-05      0.012260661     0.0023134011     0.0027360667     -0.004764718    9.1093825e-31   -1.6021766e-19    -9.156439e-20    4.5934777e-19             2763                1
     0.0094943456    9.3077011e-05     -0.014434936   -8.9211571e-05    0.00023208045     0.0020946036    9.1093825e-31   -1.6021766e-19    -9.156439e-20    4.5934777e-19              922                0
    -0.0012468119      3.12128e-05     -0.012422847    -0.0023434127   -8.6233034e-05   -0.00038164869    9.1093825e-31   -1.6021766e-19    -9.156439e-20    4.5934777e-19              649                0
    -0.0077791628    4.5749402e-05     0.0038972925     0.0011742879     0.0003712269    0.00098676467    9.1093825e-31   -1.6021766e-19    -9.156439e-20    4.5934777e-19              934                0
     0.0018396338    5.0599305e-05      0.010525458     -0.001876181     0.0045167301    -0.0024223391    9.1093825e-31   -1.6021766e-19    -9.156439e-20    4.5934777e-19             2611                1
      0.001281134    3.3397234e-06      0.011321256   -0.00049054821    -0.0071663875    -0.0017203607    9.1093825e-31   -1.6021766e-19    -9.156439e-20    4.5934777e-19             2506                1
     0.0015892443    4.4828306e-05      0.007334135    0.00040347877      0.010364582    0.00014029539    9.1093825e-31   -1.6021766e-19    -9.156439e-20    4.5934777e-19             2750                1
     0.0024354311    8.2824656e-05     -0.009277395    -0.0035642644    -0.0036327785     0.0063659195    9.1093825e-31   -1.6021766e-19    -9.156439e-20    4.5934777e-19             2711                1
    -0.0039506969      3.13122e-05      0.011628253     0.0036046703     0.0066638077    -0.0015986713    9.1093825e-31   -1.6021766e-19    -9.156439e-20    4.5934777e-19             2751                1
    0.00097570557    5.3249209e-05     0.0078928629      -0.00245018     0.0080502229     0.0011161125    9.1093825e-31   -1.6021766e-19    -9.156439e-20    4.5934777e-19             2671                1
     0.0054258374    2.5059695e-05     0.0021134422    0.00058474927     0.0012802363     0.0025727162    9.1093825e-31   -1.6021766e-19    -9.156439e-20    4.5934777e-19               20                0
     0.0041378955     7.096435e-05     -0.011699502   -0.00083281624    -0.0046943948     0.0028061003    9.1093825e-31   -1.6021766e-19    -9.156439e-20    4.5934777e-19             2662                1
   -5.7604488e-05    9.3870083e-05     0.0043333913   -0.00016520428    -0.0058516483   -0.00025424152    9.1093825e-31   -1.6021766e-19    -9.156439e-20    4.5934777e-19             2834                1
     0.0013301861    8.4862768e-05    -0.0089561893     0.0015778951     -0.004562303      -0.00091621    9.1093825e-31   -1.6021766e-19    -9.156439e-20    4.5934777e-19             2770                1
     0.0086242445    9.7233744e-05     0.0039599384   -0.00071290054    0.00083665788     -0.001170632    9.1093825e-31   -1.6021766e-19    -9.156439e-20    4.5934777e-19               36                0
     0.0015204445    8.7479893e-06     0.0024553728    5.4127529e-05     0.0045711151    0.00038044626    9.1093825e-31   -1.6021766e-19    -9.156439e-20    4.5934777e-19             2808                1
   -5.1751751e-05    4.4684457e-05     0.0038649959    -0.0023761089     0.0072414265     0.0044085924    9.1093825e-31   -1.6021766e-19    -9.156439e-20    4.5934777e-19             2612                1
     0.0017382753    5.6083034e-05     0.0073946575     0.0045375242     0.0081069721     0.0028286912    9.1093825e-31   -1.6021766e-19    -9.156439e-20    4.5934777e-19             2661                1
     0.0060158619    6.3489162e-05      0.011976737   -0.00066163263     -0.001437843     0.0020724398    9.1093825e-31   -1.6021766e-19    -9.156439e-20    4.5934777e-19              280                0
    0.00032936563    9.9940931e-05    0.00018404819    -0.0078524565      0.012682146    -0.0006115312    9.1093825e-31   -1.6021766e-19    -9.156439e-20    4.5934777e-19             2634                1
    -0.0093181049    9.7268661e-05     0.0025729418    0.00080826588    0.00066771591    0.00012272327    9.1093825e-31   -1.6021766e-19    -9.156439e-20    4.5934777e-19               44                0
    -0.0018626031    5.3077201e-05     0.0018830837    -0.0035407508     0.0090436311     0.0045808842    9.1093825e-31   -1.6021766e-19    -9.156439e-20    4.5934777e-19             2673                1
    -0.0012201475    2.8868406e-05     0.0055478318    0.00095710071     0.0072614355    -0.0010354838    9.1093825e-31   -1.6021766e-19    -9.156439e-20    4.5934777e-19             2738                1
     0.0028633599    4.5997902e-05     0.0099304458    0.00037428981    -0.0013698703   -0.00023649835    9.1093825e-31   -1.6021766e-19    -9.156439e-20    4.5934777e-19              177                0
    -0.0029991118    6.5221786e-05     -0.010425358    -0.0046603573    -0.0081006195     -0.000965896    9.1093825e-31   -1.6021766e-19    -9.156439e-20    4.5934777e-19             2756                1
     0.0010506008    2.5935902e-05      0.002789597     -0.002050881     0.0053925095     0.0013793708    9.1093825e-31   -1.6021766e-19    -9.156439e-20    4.5934777e-19             2577                1
    -0.0014751778    6.5183231e-05    -0.0084348824    -0.0047767018    -0.0073909587     0.0032731816    9.1093825e-31   -1.6021766e-19    -9.156439e-20    4.5934777e-19             2743                1
    -0.0083070062     3.198834e-05     0.0035661706    0.00096740643    1.0500259e-05    -0.0031900026    9.1093825e-31   -1.6021766e-19    -9.156439e-20    4.5934777e-19              184                0
    -0.0018868474    6.2340427e-05     0.0039730924     -0.001403851     0.0014987007    9.2138827e-05    9.1093825e-31   -1.6021766e-19    -9.156439e-20    4.5934777e-19              699                0
    -0.0077182339    1.8871307e-05    -0.0048621618    -0.0028660703    0.00047552117    0.00034546165    9.1093825e-31   -1.6021766e-19    -9.156439e-20    4.5934777e-19              243                0
   -0.00068260729    6.4754109e-05    -0.0058933315    0.00012094977    -0.0032364554     0.0037728364    9.1093825e-31   -1.6021766e-19    -9.156439e-20    4.5934777e-19             2669                1
    -0.0086150421    3.8241895e-05     0.0021023648    0.00043359707    0.00018901794   -0.00017253649    9.1093825e-31   -1.6021766e-19    -9.156439e-20    4.5934777e-19              264                0
     0.0050960723    3.8264796e-05    0.00025693933    0.00024122219     0.0017511329    -0.0012749649    9.1093825e-31   -1.6021766e-19    -9.156439e-20    4.5934777e-19              284                0
    -0.0016673071    1.2458814e-05      0.010608628     0.0006648206     0.0025217009    -0.0063093845    9.1093825e-31   -1.6021766e-19    -9.156439e-20    4.5934777e-19             2688                1
     0.0022212968    6.5748012e-05   -7.1404917e-05     0.0019400539     0.0097279819    -0.0026084627    9.1093825e-31   -1.6021766e-19    -9.156439e-20    4.5934777e-19             2657                1
       0.00310767     9.092535e-05    -0.0043888465    -0.0022093253    -0.0015738775    -0.0004064196    9.1093825e-31   -1.6021766e-19    -9.156439e-20    4.5934777e-19             2759                1
   -0.00095438922    2.8866234e-05     0.0058719264    0.00089307613     0.0062923608   -0.00095456734    9.1093825e-31   -1.6021766e-19    -9.156439e-20    4.5934777e-19             2698                1
   -0.00099109823    2.5958765e-05    -0.0021004896   -7.5475677e-05      0.003209647    0.00019257401    9.1093825e-31   -1.6021766e-19    -9.156439e-20    4.5934777e-19              384                0
     0.0013585985    1.3696225e-05     -0.013017901   -0.00025947765    -0.0097991666    -0.0041375281    9.1093825e-31   -1.6021766e-19    -9.156439e-20    4.5934777e-19             2615                1
    -0.0010108647    8.5880914e-05      0.005926461    -0.0022981693       0.01016895   -0.00092196109    9.1093825e-31   -1.6021766e-19    -9.156439e-20    4.5934777e-19             2618                1
     -0.009220588    5.6265035e-05   -0.00043136717    1.6692133e-05    0.00023309632    0.00067073031    9.1093825e-31   -1.6021766e-19    -9.156439e-20    4.5934777e-19              444                0
    -0.0059307492    1.4672742e-05    -0.0019905979     0.0002012004     0.0019760171     -0.001051982    9.1093825e-31   -1.6021766e-19    -9.156439e-20    4.5934777e-19              464                0
    -0.0042623943    2.8363142e-05      -0.01219626     0.0021512671     -0.010409316   -0.00023708181    9.1093825e-31   -1.6021766e-19    -9.156439e-20    4.5934777e-19             2680                1
     0.0055807778    5.6067202e-05     0.0093150847     0.0015866089   -0.00031025877     0.0017075652    9.1093825e-31   -1.6021766e-19    -9.156439e-20    4.5934777e-19             1322                1
      0.001130434    1.7986131e-05       0.01360106     0.0035324297     0.0084955515     0.0023866144    9.1093825e-31   -1.6021766e-19    -9.156439e-20    4.5934777e-19             2815                1
   -6.6639877e-05    1.2977197e-05       0.01379279    0.00016367139     0.0010180385   -0.00017034126    9.1093825e-31   -1.6021766e-19    -9.156439e-20    4.5934777e-19             2681                1
     0.0084116971     4.402265e-05    -0.0038448763    -0.0006529552    0.00089480664    0.00088355696    9.1093825e-31   -1.6021766e-19    -9.156439e-20    4.5934777e-19              564                0
      0.001632522           0.0001     0.0026549625   -0.00087516272      0.011107118     0.0069430368    9.1093825e-31   -1.6021766e-19    -9.156439e-20    4.5934777e-19             2594                1
     0.0012192802    1.6275231e-05       0.01139194   -0.00010138255     0.0079643819    2.7237531e-05    9.1093825e-31   -1.6021766e-19    -9.156439e-20    4.5934777e-19             2816                1
   -8.6893437e-05    1.0196826e-05      0.013869629     0.0010456651     0.0046886946    -0.0048679975    9.1093825e-31   -1.6021766e-19    -9.156439e-20    4.5934777e-19             2809                1
     0.0041342601    6.9227797e-05    -0.0087138731    0.00022614346    -0.0066227848     0.0031906087    9.1093825e-31   -1.6021766e-19    -9.156439e-20    4.5934777e-19             2745                1
    -0.0068307826     7.284624e-05    0.00082044839    0.00022108079      0.001568205   -8.7901448e-05    9.1093825e-31   -1.6021766e-19    -9.156439e-20    4.5934777e-19              664                0
    -0.0076777725    5.0948393e-07     -0.014867458    0.00078506349     -0.001055552    0.00073559344    9.1093825e-31   -1.6021766e-19    -9.156439e-20    4.5934777e-19              684                0
     0.0033915418    3.7978436e-05     0.0046898988   -0.00019955622      0.001085268    -0.0018778736    9.1093825e-31   -1.6021766e-19    -9.156439e-20    4.5934777e-19              704                0
    -0.0012932929    6.9769187e-05     -0.014207992    0.00044457903    -0.0085551543    -0.0016624928    9.1093825e-31   -1.6021766e-19    -9.156439e-20    4.5934777e-19             2766                1
    -0.0065868236    7.3168987e-05     0.0094517432     0.0010326415   -0.00018550105     0.0016266879    9.1093825e-31   -1.6021766e-19    -9.156439e-20    4.5934777e-19              871                0
     0.0016646882    1.6582051e-05      0.011390986     0.0042685559     0.0040553738    -0.0014953781    9.1093825e-31   -1.6021766e-19    -9.156439e-20    4.5934777e-19             2753                1
    -0.0066473959    8.1803242e-05     -0.010897784    0.00097787159    0.00034834867    0.00099900679    9.1093825e-31   -1.6021766e-19    -9.156439e-20    4.5934777e-19              125                0
    -0.0050697639    6.8596317e-05      0.013383356    0.00094536523    -0.0016996922      0.000434633    9.1093825e-31   -1.6021766e-19    -9.156439e-20    4.5934777e-19              804                0
      0.004026317    2.0939322e-05     -0.012780779    0.00036932912   -0.00047938977    -0.0025114368    9.1093825e-31   -1.6021766e-19    -9.156439e-20    4.5934777e-19              266                0
    -0.0035596439    7.4277035e-05    -0.0012644271   -0.00020234199    -0.0061933263     0.0010302584    9.1093825e-31   -1.6021766e-19    -9.156439e-20    4.5934777e-19             2778                1
    -0.0031109292    8.2797145e-05    -0.0018586876   -0.00023332221     0.0092482045    -0.0068637761    9.1093825e-31   -1.6021766e-19    -9.156439e-20    4.5934777e-19             2587                1
     0.0033967562    5.4017019e-06      0.012639203    -0.0014683945     0.0056112357    0.00072209589    9.1093825e-31   -1.6021766e-19    -9.156439e-20    4.5934777e-19             2835                1
    0.00037790305    9.9288234e-05    -0.0037816982    -0.0016985468     0.0099270064    0.00037040649    9.1093825e-31   -1.6021766e-19    -9.156439e-20    4.5934777e-19             2570                1
     0.0012475306    7.2617288e-05      0.011426263    0.00019231928    -0.0026143398     0.0015559627    9.1093825e-31   -1.6021766e-19    -9.156439e-20    4.5934777e-19             2668                1
     0.0010433688    6.9940135e-05    -0.0095666768     0.0026434248    -0.0059281723    -0.0025501363    9.1093825e-31   -1.6021766e-19    -9.156439e-20    4.5934777e-19             2714                1
    0.00054116943    8.2050094e-05     -0.011862785    3.8039678e-05    0.00087307184    0.00022959414    9.1093825e-31   -1.6021766e-19    -9.156439e-20    4.5934777e-19              958                0
     0.0055821701    1.3011128e-05      0.011493479    8.3914265e-06     0.0040660892    -0.0010615297    9.1093825e-31   -1.6021766e-19    -9.156439e-20    4.5934777e-19             2781                1
    -0.0067750323    7.1722745e-05      0.012259481    0.00032624201   -0.00097589626    0.00066856435    9.1093825e-31   -1.6021766e-19    -9.156439e-20    4.5934777e-19              988                0
    -0.0014237015     8.605011e-05    -0.0080182329    -0.0044453614    -0.0021085578   -0.00022683713    9.1093825e-31   -1.6021766e-19    -9.156439e-20    4.5934777e-19             2675                1
    -0.0035338907    6.7544883e-05    -0.0099535547    0.00088769093     -0.008583772     0.0015828278    9.1093825e-31   -1.6021766e-19    -9.156439e-20    4.5934777e-19             2767                1
    -0.0039616735    3.2848115e-05      0.011634149     0.0014726467     0.0069618775   -0.00045315336    9.1093825e-31   -1.6021766e-19    -9.156439e-20    4.5934777e-19             2752                1
    -0.0018430548    9.5984804e-05      0.001862838    0.00023008321       0.01271058     0.0040083183    9.1093825e-31   -1.6021766e-19    -9.156439e-20    4.5934777e-19             2648                1
     0.0055013942    4.2739899e-05      0.010673887    5.1080246e-05    -0.0049623977    1.8074596e-05    9.1093825e-31   -1.6021766e-19    -9.156439e-20    4.5934777e-19             2632                1
     -0.001518495    4.1914987e-05      0.010917449     0.0062037315    -0.0046421136     0.0071476023    9.1093825e-31   -1.6021766e-19    -9.156439e-20    4.5934777e-19             2418                1
     0.0014697758    6.6963396e-05    -0.0088847149   -0.00020079633    -0.0037301648   -0.00042788047    9.1093825e-31   -1.6021766e-19    -9.156439e-20    4.5934777e-19             2643                1
    -0.0012692482    7.1799295e-05    -0.0085225413    -0.0018362366     -0.010488577    0.00049180316    9.1093825e-31   -1.6021766e-19    -9.156439e-20    4.5934777e-19             2794                1
   -0.00051971001    6.6680586e-05    -0.0082451599   -0.00018901925    -0.0078357672    -0.0024138424    9.1093825e-31   -1.6021766e-19    -9.156439e-20    4.5934777e-19             2761                1
    -0.0025285094    1.5793492e-05     0.0061470619     0.0013058592    1.8077519e-05    0.00040396696    9.1093825e-31   -1.6021766e-19    -9.156439e-20    4.5934777e-19              485                0
     0.0021174427    5.9140897e-05     -0.014656162   -2.7345477e-05    -0.0062354822     0.0078274477    9.1093825e-31   -1.6021766e-19    -9.156439e-20    4.5934777e-19             2605                1
     0.0033483566    8.2934639e-05   -0.00094039331   -0.00028519752       0.00500008    0.00027782965    9.1093825e-31   -1.6021766e-19    -9.156439e-20    4.5934777e-19             2276                1
   -0.00056452095    2.8057193e-05    -0.0025810243     0.0026731535     0.0056603942    -0.0017938341    9.1093825e-31   -1.6021766e-19    -9.156439e-20    4.5934777e-19             2718                1
    -0.0030325113    9.1874113e-05     -0.010361088    -0.0027074984    -0.0050673806     0.0012774583    9.1093825e-31   -1.6021766e-19    -9.156439e-20    4.5934777e-19             2825                1
     0.0018249828    3.5521902e-05       0.01219096     0.0028302271     0.0092984298    -0.0027034967    9.1093825e-31   -1.6021766e-19    -9.156439e-20    4.5934777e-19             2774                1
    -0.0068103368    1.1838881e-05     0.0025785407    -0.0017877906    -0.0031881547     -0.001843949    9.1093825e-31   -1.6021766e-19    -9.156439e-20    4.5934777e-19             2501                1
    -0.0014793655     4.542341e-05    -0.0066151652     0.0014159525    -0.0080033336     0.0029442399    9.1093825e-31   -1.6021766e-19    -9.156439e-20    4.5934777e-19             2705                1
    -0.0018421321    9.6160686e-05     0.0018257354    0.00041948352    -0.0040821685    0.00040922948    9.1093825e-31   -1.6021766e-19    -9.156439e-20    4.5934777e-19             2836                1
    -0.0028593927    9.5223768e-05    -0.0056702727     0.0026141133    -0.0015660803   -0.00037239326    9.1093825e-31   -1.6021766e-19    -9.156439e-20    4.5934777e-19             2785                1
     0.0017157997     7.130672e-05    -0.0030379789    -0.0019427985    -0.0051277932     -0.009473498    9.1093825e-31   -1.6021766e-19    -9.156439e-20    4.5934777e-19             2757                1
    -0.0017232589    1.8937306e-05      0.010548121   -3.2252687e-05     0.0034542906    0.00034963866    9.1093825e-31   -1.6021766e-19    -9.156439e-20    4.5934777e-19             2693                1
     0.0016350278    5.9011629e-05     -0.012961241   -0.00034787695    -0.0087557826   -0.00042339091    9.1093825e-31   -1.6021766e-19    -9.156439e-20    4.5934777e-19             2720                1
    -0.0029363863    6.1632782e-05     -0.014505604   -2.1971911e-05   -0.00094523455    -0.0013821376    9.1093825e-31   -1.6021766e-19    -9.156439e-20    4.5934777e-19              422                0
     0.0013874468    1.1234666e-05      0.011511082   -0.00078976003     0.0040754136    -0.0064042127    9.1093825e-31   -1.6021766e-19    -9.156439e-20    4.5934777e-19             2788                1
     0.0016373259    8.0188831e-05      0.010423387      0.002130049     0.0012564479    -0.0064932657    9.1093825e-31   -1.6021766e-19    -9.156439e-20    4.5934777e-19             2412                1
     0.0040526087     9.011264e-05    -0.0069256769    -0.0017426251    -0.0035742128   -0.00069631287    9.1093825e-31   -1.6021766e-19    -9.156439e-20    4.5934777e-19             2792                1
    -0.0043485258    6.4541702e-05      0.010369617    -0.0028869237    -0.0011521321     0.0010076585    9.1093825e-31   -1.6021766e-19    -9.156439e-20    4.5934777e-19              687                0
   -0.00010110695    6.2351019e-06       0.01387625    -0.0051966826     0.0029477528    -0.0019602615    9.1093825e-31   -1.6021766e-19    -9.156439e-20    4.5934777e-19             2810                1
     0.0014862565    8.6497254e-05    -0.0051434222     0.0045490596    -0.0058223223    -0.0064472561    9.1093825e-31   -1.6021766e-19    -9.156439e-20    4.5934777e-19             2805                1
     0.0074766171    1.5609809e-05     0.0086859427   -0.00026938255     0.0024306048    0.00042209399    9.1093825e-31   -1.6021766e-19    -9.156439e-20    4.5934777e-19             2677                1
     0.0053634099    4.0214338e-05     0.0032860555    0.00023358829     0.0009892612   -0.00070514582    9.1093825e-31   -1.6021766e-19    -9.156439e-20    4.5934777e-19              581                0
   -0.00053145067    9.2317154e-05    -0.0025200197    -0.0020810079     0.0038262838    -0.0019654376    9.1093825e-31   -1.6021766e-19    -9.156439e-20    4.5934777e-19             2509                1
     0.0014310571    4.6224308e-05      0.011388725     0.0039059264     0.0082981484   -0.00098926213    9.1093825e-31   -1.6021766e-19    -9.156439e-20    4.5934777e-19             2719                1
      0.001391398    5.6471021e-05     0.0016358348   -9.4627751e-05     0.0026544174    -0.0016342934    9.1093825e-31   -1.6021766e-19    -9.156439e-20    4.5934777e-19              641                0
    0.00058827217      1.33365e-05     0.0096132709    -0.0044978489    -0.0054312614    -0.0057201362    9.1093825e-31   -1.6021766e-19    -9.156439e-20    4.5934777e-19             2453                1
     0.0018280003    3.0174337e-05      0.011986571   -0.00059049577    -0.0065823067      0.001979647    9.1093825e-31   -1.6021766e-19    -9.156439e-20    4.5934777e-19             2622                1
      0.001244852    9.4414972e-05     -0.009291146     0.0026298026    -0.0047066296    0.00013634613    9.1093825e-31   -1.6021766e-19    -9.156439e-20    4.5934777e-19             2831                1
    -0.0070030373    5.8875657e-06     -0.014230806     -0.001816493   -0.00080101134   -0.00014489036    9.1093825e-31   -1.6021766e-19    -9.156439e-20    4.5934777e-19              394                0
    -0.0024936737    4.6370344e-05    0.00071548857     0.0028768822      0.007041214     0.0049756216    9.1093825e-31   -1.6021766e-19    -9.156439e-20    4.5934777e-19             2585                1
    0.00035954348    7.6578763e-05    -0.0088477209    -0.0020076924    -0.0086216582     0.0033232663    9.1093825e-31   -1.6021766e-19    -9.156439e-20    4.5934777e-19             2793                1
    -0.0026818542    2.6090245e-05      0.006927412     0.0024151192     0.0052002706    -0.0018194258    9.1093825e-31   -1.6021766e-19    -9.156439e-20    4.5934777e-19             2676                1
     0.0022560856    8.4033782e-05    -0.0091749066     0.0025111348    -0.0050102589     0.0042525483    9.1093825e-31   -1.6021766e-19    -9.156439e-20    4.5934777e-19             2777                1
      0.009397503    5.7421079e-05      -0.00418645    0.00047122905     0.0001272243     0.0016113912    9.1093825e-31   -1.6021766e-19    -9.156439e-20    4.5934777e-19              821                0
    -0.0018413004     8.899752e-05     0.0018260672     0.0013534181     -0.012122558    0.00078024389    9.1093825e-31   -1.6021766e-19    -9.156439e-20    4.5934777e-19             2837                1
     0.0013659819    8.8269386e-05    -0.0033525636   -0.00035835922     0.0097583123   -0.00052995572    9.1093825e-31   -1.6021766e-19    -9.156439e-20    4.5934777e-19             2593                1
   -0.00099363702    7.1239752e-05     -0.005853863   -0.00023296951    -0.0083142715   -0.00020244939    9.1093825e-31   -1.6021766e-19    -9.156439e-20    4.5934777e-19             2782                1
     0.0013874939    2.3175267e-05      0.011522941   -0.00077595207     0.0077275387    -0.0027724879    9.1093825e-31   -1.6021766e-19    -9.156439e-20    4.5934777e-19             2789                1
    -0.0012508549    2.4468776e-05     0.0066217845   -0.00084466167     0.0057077417   -0.00097794912    9.1093825e-31   -1.6021766e-19    -9.156439e-20    4.5934777e-19             2703                1
    -0.0050712498    9.9800702e-05     -0.010846131     -0.003084329   -0.00072126405    0.00044308425    9.1093825e-31   -1.6021766e-19    -9.156439e-20    4.5934777e-19             2846                1
    -0.0010159046    2.6635045e-05     0.0060752248    -0.0011630113     0.0051940884     -0.001328389    9.1093825e-31   -1.6021766e-19    -9.156439e-20    4.5934777e-19             2635                1
    4.2424679e-05    6.6641413e-05    -0.0013626119    -0.0021622488     0.0082372138     -0.002672038    9.1093825e-31   -1.6021766e-19    -9.156439e-20    4.5934777e-19             2537                1
     0.0010454165    1.7280165e-05     0.0060053393     0.0022674918     0.0045964839   -0.00074181426    9.1093825e-31   -1.6021766e-19    -9.156439e-20    4.5934777e-19             2674                1
     0.0075414763    7.2870236e-05      -0.01404754   -5.8160698e-05    -0.0033807827   -2.5156909e-05    9.1093825e-31   -1.6021766e-19    -9.156439e-20    4.5934777e-19             2627                1
    -0.0083618034    4.2983976e-07     0.0084947171     0.0007225927   -0.00032290889   -0.00013109515    9.1093825e-31   -1.6021766e-19    -9.156439e-20    4.5934777e-19               58                0
     0.0090818508    9.5474927e-05     -0.012712106     0.0013749457     0.0019995414    -0.0021549417    9.1093825e-31   -1.6021766e-19    -9.156439e-20    4.5934777e-19             2078                1
    -0.0015049047    8.7102861e-05     -0.006636207    -0.0022720594    -0.0019957884   -9.2727358e-05    9.1093825e-31   -1.6021766e-19    -9.156439e-20    4.5934777e-19             2704                1
     0.0040769819    3.8220191e-05     0.0010753295    -0.0015484482     0.0018207264    -0.0015094656    9.1093825e-31   -1.6021766e-19    -9.156439e-20    4.5934777e-19              118                0
     0.0031776326    1.8852925e-05      0.014089355   -0.00050416106     0.0060980297     0.0023609262    9.1093825e-31   -1.6021766e-19    -9.156439e-20    4.5934777e-19             2791                1
    -0.0094202468    3.4503355e-05    -0.0036281114    0.00052077923    0.00055778929    0.00042822605    9.1093825e-31   -1.6021766e-19    -9.156439e-20    4.5934777e-19              158                0
     0.0047455002    9.2386057e-05    -0.0035787283     0.0019387126    0.00050027139   -0.00022829919    9.1093825e-31   -1.6021766e-19    -9.156439e-20    4.5934777e-19             2664                1
    -0.0029087567    6.4919695e-05    -0.0057405396    0.00010191487    -0.0053392635   -5.5887642e-05    9.1093825e-31   -1.6021766e-19    -9.156439e-20    4.5934777e-19             2715                1
    -0.0013735204    7.0717979e-05    -0.0084826564     0.0015478755    -0.0061802608    -0.0016849096    9.1093825e-31   -1.6021766e-19    -9.156439e-20    4.5934777e-19             2736                1
     0.0010969847    6.0971455e-05     0.0058708047    0.00037173583     0.0086899586    0.00028528922    9.1093825e-31   -1.6021766e-19    -9.156439e-20    4.5934777e-19             2646                1
     0.0068693766    7.0657596e-05      -0.01354223   -0.00046233402    0.00013700301    0.00094167911    9.1093825e-31   -1.6021766e-19    -9.156439e-20    4.5934777e-19              213                0
     -0.002428106    8.8323904e-05    -0.0022178332    -0.0007177298      0.010574686    -0.0018644121    9.1093825e-31   -1.6021766e-19    -9.156439e-20    4.5934777e-19             2620                1
     0.0012061122    4.8343176e-05      0.011393713     0.0020044041     0.0087806359     0.0014447265    9.1093825e-31   -1.6021766e-19    -9.156439e-20    4.5934777e-19             2721                1
   -0.00085975527    7.5107011e-05    -0.0085018771     0.0017220068    -0.0056516542     0.0023834505    9.1093825e-31   -1.6021766e-19    -9.156439e-20    4.5934777e-19             2749                1
     0.0030536819    2.2585714e-06      0.014373148    -0.0008339638     0.0018530351    -0.0022523515    9.1093825e-31   -1.6021766e-19    -9.156439e-20    4.5934777e-19             2833                1
    -0.0020051387    1.6005984e-05     0.0044948435    -0.0015422509     0.0052922736   -0.00029303459    9.1093825e-31   -1.6021766e-19    -9.156439e-20    4.5934777e-19             2768                1
     0.0016489833    3.5536625e-05     -0.012991633     0.0029159922     -0.011577649    -0.0020797623    9.1093825e-31   -1.6021766e-19    -9.156439e-20    4.5934777e-19             2706                1
    -0.0008953861    6.6476881e-05    -0.0059702587    -0.0014761701     0.0075093536    -0.0011328321    9.1093825e-31   -1.6021766e-19    -9.156439e-20    4.5934777e-19             2649                1
    0.00087789883    1.3374191e-05     0.0026508942    -0.0011241965    -0.0012128321    -0.0010880941    9.1093825e-31   -1.6021766e-19    -9.156439e-20    4.5934777e-19             2497                1
     0.0011790135    1.1575478e-05      0.013655475    3.8145889e-05      0.004281769     0.0051313639    9.1093825e-31   -1.6021766e-19    -9.156439e-20    4.5934777e-19             2795                1
     0.0017796964    8.3425744e-05    -0.0019779867    -0.0047208974      0.010035154    -0.0024676311    9.1093825e-31   -1.6021766e-19    -9.156439e-20    4.5934777e-19             2606                1
   -0.00038926033    7.7893957e-05    0.00031789194     0.0026250957    -0.0072568776     0.0021731884    9.1093825e-31   -1.6021766e-19    -9.156439e-20    4.5934777e-19             2796                1
     0.0011104258    8.7024215e-05    -0.0064873574     0.0013898036    -0.0042278455    3.8455524e-05    9.1093825e-31   -1.6021766e-19    -9.156439e-20    4.5934777e-19             2786                1
    -0.0088685984    9.8121855e-05    -0.0012900762    0.00077175233    0.00089922355    -0.0017874722    9.1093825e-31   -1.6021766e-19    -9.156439e-20    4.5934777e-19              518                0
   -0.00094428798    6.0944563e-05    -0.0059206877     0.0044397875    -0.0085845115    -0.0032331706    9.1093825e-31   -1.6021766e-19    -9.156439e-20    4.5934777e-19             2762                1
     0.0032711872    6.1054838e-05      0.007930859   -0.00072357687   -0.00042918621   -0.00054331793    9.1093825e-31   -1.6021766e-19    -9.156439e-20    4.5934777e-19              903                0
    -0.0084775733     4.300565e-05      0.010172118    0.00099323364   -0.00010438533    0.00071629719    9.1093825e-31   -1.6021766e-19    -9.156439e-20    4.5934777e-19              578                0
    -0.0014595255    8.3269719e-05    -0.0084687201    -0.0018497473    -0.0040175361    -0.0030586664    9.1093825e-31   -1.6021766e-19    -9.156439e-20    4.5934777e-19             2744                1
     0.0082802111    3.1421067e-05     0.0096089402     0.0017371414   -0.00025611167    0.00014749618    9.1093825e-31   -1.6021766e-19    -9.156439e-20    4.5934777e-19              618                0
    -0.0030143715    8.1492777e-05     -0.010319542     0.0027157455    -0.0050380421      0.001509828    9.1093825e-31   -1.6021766e-19    -9.156439e-20    4.5934777e-19             2760                1
   -3.1603082e-05    5.5557863e-05     0.0035994044    -0.0033577532     0.0079480838    -0.0071778307    9.1093825e-31   -1.6021766e-19    -9.156439e-20    4.5934777e-19             2602                1
    -0.0032949483     6.259387e-05     0.0061758426    -0.0020476421     0.0085001914      0.003320873    9.1093825e-31   -1.6021766e-19    -9.156439e-20    4.5934777e-19             2650                1
     0.0034380918    1.3317481e-05     0.0090668015    -0.0015601096     0.0042222003     0.0014744522    9.1093825e-31   -1.6021766e-19    -9.156439e-20    4.5934777e-19             2771                1
    0.00097695133    8.9734225e-05    -0.0092495559     0.0031243279     -0.005985389     0.0030824954    9.1093825e-31   -1.6021766e-19    -9.156439e-20    4.5934777e-19             2822                1
    -0.0022980815    7.1077353e-05     0.0029467347     0.0012230864      0.010515634    -0.0011473269    9.1093825e-31   -1.6021766e-19    -9.156439e-20    4.5934777e-19             2659                1
     0.0018456555    1.1725328e-05      0.010549898    0.00048683811     0.0025276821    -0.0015954797    9.1093825e-31   -1.6021766e-19    -9.156439e-20    4.5934777e-19             2696                1
    -0.0059411353     6.666626e-05    -0.0026531531   -0.00064390083    -0.0029583431    -0.0010286638    9.1093825e-31   -1.6021766e-19    -9.156439e-20    4.5934777e-19             2679                1
     0.0018118941    4.0797007e-05       0.01221875   -0.00039491212      0.010591173     0.0041437801    9.1093825e-31   -1.6021766e-19    -9.156439e-20    4.5934777e-19             2775                1
    0.00049310114    9.1676615e-05    0.00023505492     0.0037211222    -0.0027508405     0.0036529771    9.1093825e-31   -1.6021766e-19    -9.156439e-20    4.5934777e-19             2803                1
     -0.006684293    2.3012128e-05     0.0050995322   -0.00045891962    0.00027443722     0.0010687655    9.1093825e-31   -1.6021766e-19    -9.156439e-20    4.5934777e-19              573                0
     0.0017947907    3.8083049e-06      0.010518264     0.0063876519     0.0021266753    -0.0023927158    9.1093825e-31   -1.6021766e-19    -9.156439e-20    4.5934777e-19             2801                1
   -0.00059876946    3.5412613e-05    -0.0077493615    -0.0010483189    -0.0089658312    -0.0041912617    9.1093825e-31   -1.6021766e-19    -9.156439e-20    4.5934777e-19             2695                1
    -0.0010357852    8.2443046e-05      0.006103802    -0.0030210591      0.010402488     0.0013542314    9.1093825e-31   -1.6021766e-19    -9.156439e-20    4.5934777e-19             2636                1
     0.0014767598      2.47069e-05    -0.0088876318    0.00046865526    -0.0077966475    -0.0007068807    9.1093825e-31   -1.6021766e-19    -9.156439e-20    4.5934777e-19             2644                1
     0.0003802866    3.7171019e-05    -0.0088025639   -0.00024555388    -0.0083260201    -0.0048221126    9.1093825e-31   -1.6021766e-19    -9.156439e-20    4.5934777e-19             2678                1
    -0.0012357789    1.9169229e-06     0.0061400579     0.0044519487     0.0065321107    -0.0014412877    9.1093825e-31   -1.6021766e-19    -9.156439e-20    4.5934777e-19             2847                1
      0.000168459    4.1946321e-05    -0.0010691289     0.0013673531     0.0078542363     0.0022680669    9.1093825e-31   -1.6021766e-19    -9.156439e-20    4.5934777e-19             2700                1
    -0.0063316389    2.0817633e-05       0.00533034   -0.00084259984    0.00026287415     -0.002788394    9.1093825e-31   -1.6021766e-19    -9.156439e-20    4.5934777e-19              985                0
    0.00044537958    9.0201305e-05     -0.003826766    2.7263466e-05    -0.0012205656    -0.0028209204    9.1093825e-31   -1.6021766e-19    -9.156439e-20    4.5934777e-19             2739                1
      0.007627252    6.6861809e-05    0.00070602534   -0.00055020797    0.00083514443     0.0012067917    9.1093825e-31   -1.6021766e-19    -9.156439e-20    4.5934777e-19              614                0
     0.0018321953    5.7980055e-06      0.010552686    -0.0013017051     0.0017386529     -0.001225485    9.1093825e-31   -1.6021766e-19    -9.156439e-20    4.5934777e-19             2697                1
    -0.0006787827     8.760675e-05    -0.0083782692       0.00348425     0.0038570161    0.00039989428    9.1093825e-31   -1.6021766e-19    -9.156439e-20    4.5934777e-19             2204                1
    9.0640715e-05    5.3283642e-05     -0.013338841    -7.861208e-05   -0.00052933628     0.0002916205    9.1093825e-31   -1.6021766e-19    -9.156439e-20    4.5934777e-19               79                0
     -0.002164152    3.9780054e-05     0.0062612188    -0.0015020611     0.0066874386    0.00045179037    9.1093825e-31   -1.6021766e-19    -9.156439e-20    4.5934777e-19             2663                1
    -0.0040251408    1.3023612e-06     -0.009630667    -0.0012625811     0.0001894083    0.00097056996    9.1093825e-31   -1.6021766e-19    -9.156439e-20    4.5934777e-19             2820                1
     0.0081710601    5.2828902e-05     -0.013350959   -0.00014225916    0.00091184216    0.00082583778    9.1093825e-31   -1.6021766e-19    -9.156439e-20    4.5934777e-19             1982                1
   -0.00098795432    7.3064526e-05     0.0059072147     0.0012953831      0.011020333    -0.0021714263    9.1093825e-31   -1.6021766e-19    -9.156439e-20    4.5934777e-19             2672                1
     0.0032325657    1.8393139e-05      0.012760151    -0.0028257656     -0.006860483     0.0048462716    9.1093825e-31   -1.6021766e-19    -9.156439e-20    4.5934777e-19             2515                1
   -0.00046536577    6.8516274e-05    -0.0082571786     0.0073573836    -0.0061390223    -0.0026657137    9.1093825e-31   -1.6021766e-19    -9.156439e-20    4.5934777e-19             2726                1
    -0.0016873449    5.6083292e-05      0.010672889    -0.0018943769     0.0080782026     0.0019107383    9.1093825e-31   -1.6021766e-19    -9.156439e-20    4.5934777e-19             2689                1
     0.0019236526    1.6953931e-05     -0.012655271     0.0011407152     -0.012568108    0.00060383417    9.1093825e-31   -1.6021766e-19    -9.156439e-20    4.5934777e-19             2683                1
    -0.0040643937    6.5449873e-05    -0.0096925627    1.4208238e-05    -0.0063256249    8.9468194e-06    9.1093825e-31   -1.6021766e-19    -9.156439e-20    4.5934777e-19             2712                1
    0.00087323459    3.3352146e-05     0.0060315509    0.00075922749     0.0073210439   -0.00020887351    9.1093825e-31   -1.6021766e-19    -9.156439e-20    4.5934777e-19             2713                1
   -0.00098422274    8.7627159e-05    -0.0058478666     0.0024078048    -0.0037145014     0.0014793099    9.1093825e-31   -1.6021766e-19    -9.156439e-20    4.5934777e-19             2783                1
      0.001802468     1.843154e-05      0.010479738    -0.0034668839    -0.0058462876    0.00081261969    9.1093825e-31   -1.6021766e-19    -9.156439e-20    4.5934777e-19             2553                1
    -0.0029029818    8.7544853e-05      -0.01045623    -0.0019918366    -0.0078900531     0.0035630544    9.1093825e-31   -1.6021766e-19    -9.156439e-20    4.5934777e-19             2826                1
      0.001435394     1.934031e-05      0.011413158     -0.002532871     0.0078033335     0.0016255244    9.1093825e-31   -1.6021766e-19    -9.156439e-20    4.5934777e-19             2800                1
     -0.003132436     9.796377e-05    -0.0017862606     -0.001583916    -0.0033862777    -0.0024317016    9.1093825e-31   -1.6021766e-19    -9.156439e-20    4.5934777e-19             2843                1
    -0.0032503614    2.3168308e-05      0.006314571     0.0031382311     0.0043520345     0.0087793721    9.1093825e-31   -1.6021766e-19    -9.156439e-20    4.5934777e-19             2628                1
    -0.0035296972    6.3227133e-05     -0.010011759   -0.00064338912    -0.0042052781    -0.0010118349    9.1093825e-31   -1.6021766e-19    -9.156439e-20    4.5934777e-19             2629                1
    -0.0015870414    7.3851508e-05     -0.012479697     0.0015531683    -0.0047564087    0.00096610078    9.1093825e-31   -1.6021766e-19    -9.156439e-20    4.5934777e-19             2637                1
    0.00036726327    4.9971335e-05    -0.0087427273    0.00043671919    -0.0052323737    -0.0013395147    9.1093825e-31   -1.6021766e-19    -9.156439e-20    4.5934777e-19             2640                1
     0.0013203458    8.7717002e-05      0.002450546     0.0010251848      0.011796425    0.00017318371    9.1093825e-31   -1.6021766e-19    -9.156439e-20    4.5934777e-19             2641                1
     0.0017516497           0.0001     0.0069325641    0.00029257158      0.014724757     0.0010743822    9.1093825e-31   -1.6021766e-19    -9.156439e-20    4.5934777e-19             2682                1
    0.00010607432    8.4540043e-05     -0.011831702     0.0014184798    -0.0054919436    -0.0016812785    9.1093825e-31   -1.6021766e-19    -9.156439e-20    4.5934777e-19             2780                1
      0.001752764    3.9310249e-05      0.012187271    0.00070417312     0.0052880836    0.00058463973    9.1093825e-31   -1.6021766e-19    -9.156439e-20    4.5934777e-19             2687                1
    0.00021346568    5.8726673e-05       0.01241063    6.9948685e-05      0.010332055    0.00012210132    9.1093825e-31   -1.6021766e-19    -9.156439e-20    4.5934777e-19             2722                1
   -0.00069474609    2.6575257e-05     0.0068597784     -0.001659838     0.0081271231     0.0022457624    9.1093825e-31   -1.6021766e-19    -9.156439e-20    4.5934777e-19             2776                1
   -0.00010269406     1.417463e-05      0.003790569     0.0027326355     0.0062883459    -0.0027026399    9.1093825e-31   -1.6021766e-19    -9.156439e-20    4.5934777e-19             2797                1
     0.0032106026    6.8048685e-06      0.014066259    0.00057331397      0.003280031    0.00022134389    9.1093825e-31   -1.6021766e-19    -9.156439e-20    4.5934777e-19             2811                1
    0.00010058917    8.1466569e-05    -0.0059318184   -0.00089204125    -0.0087556923     0.0014473646    9.1093825e-31   -1.6021766e-19    -9.156439e-20    4.5934777e-19             2812                1
     0.0024350807    9.9075478e-05    -0.0093290042    0.00032721428    -0.0046999743     0.0004123878    9.1093825e-31   -1.6021766e-19    -9.156439e-20    4.5934777e-19             2848                1
    0.00076804089    9.9007913e-05      0.001077808    -0.0001092837    -0.0049861195     0.0008629302    9.1093825e-31   -1.6021766e-19    -9.156439e-20    4.5934777e-19             2849                1
     0.0018507884    3.0369998e-07      0.010722093    -0.0015442036     0.0030676951   -0.00046839527    9.1093825e-31   -1.6021766e-19    -9.156439e-20    4.5934777e-19             2851                1
