%  ASCII export : 
%
%  Momentum is normalized to the product of particle's mass and speed of light.
%  All other quantities are in SI units.
%
%            posX             posY             posZ             momX             momY             momZ             mass           charge     macro-charge             time       particleID         sourceID

     0.0015215283    4.1794607e-05     -0.004940589    3.8736685e-05     0.0069950446     0.0044844495    9.1093825e-31   -1.6021766e-19    -9.156439e-20    4.4547817e-19             2522                1
    -0.0011413529    5.8753185e-06     0.0058871782     0.0024333722     0.0031447222    -0.0041154651    9.1093825e-31   -1.6021766e-19    -9.156439e-20    4.4547817e-19             2716                1
    -0.0016151184     7.716153e-05     -0.012505997     -0.001806815    -0.0037284682    -0.0025053511    9.1093825e-31   -1.6021766e-19    -9.156439e-20    4.4547817e-19             2638                1
    -0.0026093828    4.3695509e-06    5.7724028e-05   -0.00030149546    -7.595848e-05   -0.00056384207    9.1093825e-31   -1.6021766e-19    -9.156439e-20    4.4547817e-19              348                0
    -0.0091825631    1.6159208e-06    -0.0044261725     0.0020683266   -0.00045692857    0.00085978198    9.1093825e-31   -1.6021766e-19    -9.156439e-20    4.4547817e-19             1002                1
   -0.00080230407    6.4641434e-05    -0.0028101695     0.0011789775     0.0084801847   -1.9588257e-05    9.1093825e-31   -1.6021766e-19    -9.156439e-20    4.4547817e-19             2527                1
     -0.006331299    9.6167048e-07     0.0040042829    4.3283049e-05    -0.0011851718    2.9659088e-05    9.1093825e-31   -1.6021766e-19    -9.156439e-20    4.4547817e-19              997                0
   -0.00064890005    5.2570162e-05     -0.012201185    0.00042627082     0.0027847283    -0.0011825127    9.1093825e-31   -1.6021766e-19    -9.156439e-20    4.4547817e-19               55                0
     0.0063395505     1.066709e-05      0.014324909   -0.00054293423    -0.0016020623    0.00091701822    9.1093825e-31   -1.6021766e-19    -9.156439e-20    4.4547817e-19              171                0
     0.0016409246    6.6581629e-06      0.012026398   -0.00051724969     0.0037364047     0.0037556316    9.1093825e-31   -1.6021766e-19    -9.156439e-20    4.4547817e-19             2728                1
     0.0044180448    2.3425766e-05     0.0052580968   -0.00055189838    -0.0018465988   -0.00038389963    9.1093825e-31   -1.6021766e-19    -9.156439e-20    4.4547817e-19              154                0
     0.0065999134    7.7479461e-05     -0.013320278     0.0014346081     0.0013298377     0.0013951435    9.1093825e-31   -1.6021766e-19    -9.156439e-20    4.4547817e-19              488                0
    -0.0024836485    5.4966451e-05     -0.014809498    -0.0012258405     0.0017261256    0.00063444773    9.1093825e-31   -1.6021766e-19    -9.156439e-20    4.4547817e-19               27                0
   -0.00050758454    9.5568248e-05    -0.0081518721    0.00083917246    -0.0049109161    -0.0047135414    9.1093825e-31   -1.6021766e-19    -9.156439e-20    4.4547817e-19             2754                1
    -0.0015212995    6.1038823e-05     -0.011247464      0.001547406    -0.0065021017     0.0018353253    9.1093825e-31   -1.6021766e-19    -9.156439e-20    4.4547817e-19             2651                1
     0.0011843832    9.1757858e-05    -0.0068070162     -0.001901151    -0.0067559383   -4.3600172e-05    9.1093825e-31   -1.6021766e-19    -9.156439e-20    4.4547817e-19             2740                1
     0.0080698188    7.9260699e-06      0.014963082   -0.00069027394    -0.0010314059     0.0010856201    9.1093825e-31   -1.6021766e-19    -9.156439e-20    4.4547817e-19              986                0
    -0.0016273535    9.6820986e-05      -0.01116403    -0.0020143581    -0.0022670648     0.0022510297    9.1093825e-31   -1.6021766e-19    -9.156439e-20    4.4547817e-19             2731                1
     0.0087946858    5.8946725e-06    0.00017765239     0.0020890899   -0.00024466487    0.00017316492    9.1093825e-31   -1.6021766e-19    -9.156439e-20    4.4547817e-19              386                0
     0.0058169775    3.8049453e-05    -0.0049976259    -0.0012329003     0.0046008402    2.0970661e-05    9.1093825e-31   -1.6021766e-19    -9.156439e-20    4.4547817e-19             2458                1
     0.0023880294    3.2760254e-05    -8.497903e-05      0.003801252     0.0061054602    -0.0014753023    9.1093825e-31   -1.6021766e-19    -9.156439e-20    4.4547817e-19             2597                1
   -7.3592542e-05    4.4740238e-05    -0.0074793361     0.0076672863     0.0070948144     0.0033254866    9.1093825e-31   -1.6021766e-19    -9.156439e-20    4.4547817e-19             2488                1
    -0.0051836986    5.5549732e-05     0.0089374464     0.0014617991    -0.0024267356   -0.00043733206    9.1093825e-31   -1.6021766e-19    -9.156439e-20    4.4547817e-19              355                0
     0.0076439399    2.9793187e-05      -0.01187169   -0.00081926869    0.00065390492    0.00070921198    9.1093825e-31   -1.6021766e-19    -9.156439e-20    4.4547817e-19              451                0
     0.0010775821    1.4064185e-05     0.0058639403     0.0015039911     0.0059757861     -0.010165173    9.1093825e-31   -1.6021766e-19    -9.156439e-20    4.4547817e-19             2709                1
     -0.006424536    2.5836178e-05    -0.0019984955   -0.00013309262    0.00063853577    0.00093323278    9.1093825e-31   -1.6021766e-19    -9.156439e-20    4.4547817e-19               32                0
   -0.00074591936    7.6796838e-05    -0.0084236488    -0.0019963046     0.0085747167    -0.0028342316    9.1093825e-31   -1.6021766e-19    -9.156439e-20    4.4547817e-19             2449                1
     0.0082082245    2.3657683e-05    0.00061740202    -0.0016522907   -0.00010596324   -0.00062186609    9.1093825e-31   -1.6021766e-19    -9.156439e-20    4.4547817e-19              455                0
     0.0017035917    2.9524776e-05      0.007368328     0.0015257917     0.0058312565      3.44943e-05    9.1093825e-31   -1.6021766e-19    -9.156439e-20    4.4547817e-19             2660                1
    -0.0012327167    8.6757551e-05     -0.012482855     0.0096335178     -0.003904073    -0.0010917797    9.1093825e-31   -1.6021766e-19    -9.156439e-20    4.4547817e-19             2684                1
     0.0011163881      2.45271e-05      0.013571477    -0.0021482068     -0.010087659    -0.0069404435    9.1093825e-31   -1.6021766e-19    -9.156439e-20    4.4547817e-19             2566                1
    -0.0010644095     1.755889e-05     0.0059757684   -0.00035670484    -0.0066092759     0.0018306653    9.1093825e-31   -1.6021766e-19    -9.156439e-20    4.4547817e-19             2407                1
      0.001943907    7.4771546e-05      0.012110957    -0.0007198638    -0.0055444152   -1.4908469e-05    9.1093825e-31   -1.6021766e-19    -9.156439e-20    4.4547817e-19             2645                1
     0.0010919154    7.1058967e-05    -0.0064817825     0.0014677984    -0.0094514368    -0.0044946689    9.1093825e-31   -1.6021766e-19    -9.156439e-20    4.4547817e-19             2701                1
   -0.00085695053    7.1238639e-05    -0.0028014507    0.00056863629      0.012458467      0.003439798    9.1093825e-31   -1.6021766e-19    -9.156439e-20    4.4547817e-19             2621                1
    -0.0054316339    3.7766665e-06     0.0064156605     0.0014464891    -0.0018553268     0.0014972748    9.1093825e-31   -1.6021766e-19    -9.156439e-20    4.4547817e-19              902                0
     0.0011809443    9.4343988e-05    -0.0068125124    -0.0047958284    -0.0045785024    -0.0046694581    9.1093825e-31   -1.6021766e-19    -9.156439e-20    4.4547817e-19             2741                1
    -0.0050756368    7.7295146e-05     -0.010846007     0.0014094297     0.0065817777   -6.5415123e-05    9.1093825e-31   -1.6021766e-19    -9.156439e-20    4.4547817e-19             2433                1
   -0.00099746452    2.1169246e-05      0.005582158     0.0010598371     0.0067691295    0.00014807023    9.1093825e-31   -1.6021766e-19    -9.156439e-20    4.4547817e-19             2694                1
    -0.0065383837    1.6366546e-05     0.0038755042     0.0030724872   -0.00091437018    -0.0015921257    9.1093825e-31   -1.6021766e-19    -9.156439e-20    4.4547817e-19              695                0
    -0.0013919873    8.9241534e-05     -0.011177637    0.00080614671    -0.0043299901     0.0037557427    9.1093825e-31   -1.6021766e-19    -9.156439e-20    4.4547817e-19             2710                1
    -0.0034107075    6.8552217e-05    -0.0099048242    0.00025942508    -0.0035681087    0.00056441379    9.1093825e-31   -1.6021766e-19    -9.156439e-20    4.4547817e-19             2624                1
     0.0066448436    6.5687782e-05    -0.0075524379     0.0022560286     0.0019906121     0.0016496808    9.1093825e-31   -1.6021766e-19    -9.156439e-20    4.4547817e-19                4                0
     0.0010187301    8.9845555e-05    -0.0095350621     0.0020995801    -0.0093276808    -0.0007379427    9.1093825e-31   -1.6021766e-19    -9.156439e-20    4.4547817e-19             2746                1
   -0.00087361649    5.7499044e-05    -0.0081583196    -0.0018510321     0.0078313025     0.0021754624    9.1093825e-31   -1.6021766e-19    -9.156439e-20    4.4547817e-19             2510                1
    -0.0061340057    1.1571101e-05     -0.012079448   -1.2873225e-05     0.0012976802    -0.0013668591    9.1093825e-31   -1.6021766e-19    -9.156439e-20    4.4547817e-19              385                0
    -0.0052901995    2.0721325e-05      0.013694124    -0.0020132125     -0.010941073    -0.0026780167    9.1093825e-31   -1.6021766e-19    -9.156439e-20    4.4547817e-19             2601                1
     0.0033464322     3.402837e-05      0.012630794      0.003490607     0.0063559911     0.0029126685    9.1093825e-31   -1.6021766e-19    -9.156439e-20    4.4547817e-19             2670                1
    0.00043936973    7.8868441e-05    -0.0088472934     0.0056053046     -0.005536695    -0.0011214155    9.1093825e-31   -1.6021766e-19    -9.156439e-20    4.4547817e-19             2690                1
    0.00048358133    8.2619503e-05    0.00022623948    0.00019008569     0.0099975727   -0.00014536465    9.1093825e-31   -1.6021766e-19    -9.156439e-20    4.4547817e-19             2578                1
     0.0010041237    1.6167767e-05     0.0078208726     0.0017288974     0.0032943899    -0.0014246298    9.1093825e-31   -1.6021766e-19    -9.156439e-20    4.4547817e-19             2667                1
     0.0060869427    2.2224214e-05     0.0048524216    -0.0010920721    -0.0011079155    0.00066373905    9.1093825e-31   -1.6021766e-19    -9.156439e-20    4.4547817e-19              751                0
     0.0012783624    4.0915415e-06      0.011347072      0.001109996    -0.0098746913     -0.002994098    9.1093825e-31   -1.6021766e-19    -9.156439e-20    4.4547817e-19             2469                1
     0.0043415735    8.3044819e-05      -0.01478652    -0.0012860356    -0.0057847784     0.0041068885    9.1093825e-31   -1.6021766e-19    -9.156439e-20    4.4547817e-19             2699                1
    -0.0017190861    8.9944078e-06      0.010659385    0.00078264583     0.0049456828    -6.455851e-05    9.1093825e-31   -1.6021766e-19    -9.156439e-20    4.4547817e-19             2724                1
    -0.0074172611     6.360418e-05    -0.0071496363    -0.0011735149     0.0010054262    -0.0026719484    9.1093825e-31   -1.6021766e-19    -9.156439e-20    4.4547817e-19              532                0
     0.0055811843    2.4982226e-06      0.011498007     0.0017171827    -0.0045154528    -0.0013445553    9.1093825e-31   -1.6021766e-19    -9.156439e-20    4.4547817e-19             2103                1
   -5.7775553e-05    6.4062348e-05     0.0043350291    0.00010793502      0.010400447   -0.00045701995    9.1093825e-31   -1.6021766e-19    -9.156439e-20    4.4547817e-19             2631                1
    -0.0009313937    3.9574417e-05    -0.0028373387    -0.0011667565     0.0090787066    -0.0013708698    9.1093825e-31   -1.6021766e-19    -9.156439e-20    4.4547817e-19             2653                1
     0.0027062432    2.3039816e-05      0.012285247     0.0052140588    -0.0050059115     0.0020008483    9.1093825e-31   -1.6021766e-19    -9.156439e-20    4.4547817e-19             2210                1
   -0.00081482215     1.093114e-05    -0.0056065884     0.0032031029   -0.00016838117     0.0052069002    9.1093825e-31   -1.6021766e-19    -9.156439e-20    4.4547817e-19             2253                1
     0.0024796564    9.0006899e-05    -0.0077533242    -0.0011685981      0.011326463    -0.0005221797    9.1093825e-31   -1.6021766e-19    -9.156439e-20    4.4547817e-19             2584                1
     0.0020342779    1.8628099e-05       0.01463147    -0.0017122988     -0.010000127    -0.0011500424    9.1093825e-31   -1.6021766e-19    -9.156439e-20    4.4547817e-19             2533                1
     0.0020757313    3.9368915e-05       0.01068527    -0.0012482998    -0.0013824579    -0.0012783784    9.1093825e-31   -1.6021766e-19    -9.156439e-20    4.4547817e-19             2471                1
     0.0014625406    9.1614427e-05    -0.0087670516    -0.0033637341    -0.0064550699     0.0051321946    9.1093825e-31   -1.6021766e-19    -9.156439e-20    4.4547817e-19             2737                1
    0.00082515948    1.3868437e-06      0.009734923    -0.0021136212     0.0070088203   -0.00065039995    9.1093825e-31   -1.6021766e-19    -9.156439e-20    4.4547817e-19             2764                1
    -0.0020763921    1.6110903e-06     0.0063264174    -0.0025012144    0.00083288556     0.0014006352    9.1093825e-31   -1.6021766e-19    -9.156439e-20    4.4547817e-19             2665                1
    -0.0012112461    1.9771329e-05     0.0061323424     -0.006738028    -0.0064252922      0.002127575    9.1093825e-31   -1.6021766e-19    -9.156439e-20    4.4547817e-19             2385                1
     0.0018741322    8.3807856e-05      -0.01248921     0.0007694182    -0.0077402536    0.00051138952    9.1093825e-31   -1.6021766e-19    -9.156439e-20    4.4547817e-19             2717                1
    -0.0082844635    6.3424828e-05        0.0146704    6.3878353e-05   -0.00025195043     0.0012156906    9.1093825e-31   -1.6021766e-19    -9.156439e-20    4.4547817e-19              719                0
    -0.0090814345    3.5853682e-05     0.0024280048   -0.00066427485   -0.00050071109     0.0014007027    9.1093825e-31   -1.6021766e-19    -9.156439e-20    4.4547817e-19              874                0
    -0.0016083997    7.8982397e-05     -0.012432004     0.0019257863    -0.0084988447     0.0015081058    9.1093825e-31   -1.6021766e-19    -9.156439e-20    4.4547817e-19             2707                1
    -0.0024203812    1.7220471e-05    -0.0020754361     -0.002059913     0.0047955052     0.0015757936    9.1093825e-31   -1.6021766e-19    -9.156439e-20    4.4547817e-19             2616                1
    -0.0042139115    5.6082303e-05     0.0060051135     0.0015721169    -0.0020101424   -0.00078302488    9.1093825e-31   -1.6021766e-19    -9.156439e-20    4.4547817e-19              628                0
     0.0066020396    4.0351615e-06     0.0056735245    0.00046337498    -0.0017984275   -0.00062737789    9.1093825e-31   -1.6021766e-19    -9.156439e-20    4.4547817e-19              420                0
   -0.00099963811    3.6603407e-05     0.0059518572    -0.0020748372     0.0053896974     0.0019582184    9.1093825e-31   -1.6021766e-19    -9.156439e-20    4.4547817e-19             2617                1
     0.0014599764    7.9106008e-05    -0.0088432189    -0.0049207876    -0.0029915671    -0.0017032614    9.1093825e-31   -1.6021766e-19    -9.156439e-20    4.4547817e-19             2656                1
    -0.0015295584    6.3848514e-05     -0.011283008    0.00012377802     0.0064188256    -0.0011190072    9.1093825e-31   -1.6021766e-19    -9.156439e-20    4.4547817e-19             2380                1
     0.0072721215    7.3417781e-05     0.0059978655   -0.00061403494   -0.00097241096     0.0019553492    9.1093825e-31   -1.6021766e-19    -9.156439e-20    4.4547817e-19              828                0
     0.0079313172    2.8017093e-06     0.0085896226     0.0012273132     0.0020491136   -0.00072608411    9.1093825e-31   -1.6021766e-19    -9.156439e-20    4.4547817e-19             2734                1
    0.00040225522    4.8529539e-05    -0.0037905779    0.00016745926     0.0079605989    0.00024438629    9.1093825e-31   -1.6021766e-19    -9.156439e-20    4.4547817e-19             2576                1
     0.0048220791    7.0208094e-05    -0.0033785852     0.0024427893      0.009941888   -0.00019869568    9.1093825e-31   -1.6021766e-19    -9.156439e-20    4.4547817e-19             2598                1
     0.0053267698    2.1739395e-05     0.0064209001     0.0011165893    -0.0020969564   -0.00040086303    9.1093825e-31   -1.6021766e-19    -9.156439e-20    4.4547817e-19              580                0
     0.0011510545    9.7788914e-05    -0.0067884685    -0.0019344218    -0.0026823264    -0.0024504235    9.1093825e-31   -1.6021766e-19    -9.156439e-20    4.4547817e-19             2758                1
     0.0083215451    6.1087419e-05     -0.012620553     -0.002223704    0.00097244675     0.0022225538    9.1093825e-31   -1.6021766e-19    -9.156439e-20    4.4547817e-19              586                0
    -0.0016213917     9.826215e-05      -0.01117339     0.0020001738     -0.001297244    -0.0040515386    9.1093825e-31   -1.6021766e-19    -9.156439e-20    4.4547817e-19             2732                1
    -0.0050247931    5.4615793e-05    -0.0052201226     0.0010273986     0.0020803125   -0.00094569253    9.1093825e-31   -1.6021766e-19    -9.156439e-20    4.4547817e-19              660                0
     0.0013589441    9.3613729e-05    -0.0033336666   -0.00074394542    -0.0055407509     0.0037522658    9.1093825e-31   -1.6021766e-19    -9.156439e-20    4.4547817e-19             2747                1
     -0.007753971    3.1624182e-05      0.011029329    0.00061375508    -0.0011167097     0.0015235597    9.1093825e-31   -1.6021766e-19    -9.156439e-20    4.4547817e-19              652                0
     0.0018584545    3.1435418e-05      0.010719469    -0.0018784568    -0.0082610017    0.00066921965    9.1093825e-31   -1.6021766e-19    -9.156439e-20    4.4547817e-19             2502                1
   -0.00080485933     5.626354e-05    -0.0059252116   -0.00071157393     0.0087126624      0.001936503    9.1093825e-31   -1.6021766e-19    -9.156439e-20    4.4547817e-19             2583                1
     0.0015695582    4.6446781e-05     0.0024538352   -0.00013471175     0.0065259365    0.00099922635    9.1093825e-31   -1.6021766e-19    -9.156439e-20    4.4547817e-19             2591                1
    0.00041539647    5.8547972e-05    0.00019119457    7.6628021e-05      0.010954093    4.6594956e-05    9.1093825e-31   -1.6021766e-19    -9.156439e-20    4.4547817e-19             2633                1
       -0.0030584    2.0671666e-06    5.0951774e-05    -0.0029607012    0.00022094663    -0.0029541582    9.1093825e-31   -1.6021766e-19    -9.156439e-20    4.4547817e-19              303                0
   -1.8057748e-05    2.3008017e-05     0.0042781541     0.0014231892     0.0051046051    -0.0019351934    9.1093825e-31   -1.6021766e-19    -9.156439e-20    4.4547817e-19             2652                1
     -0.001057372    5.5564731e-05     0.0060914732    0.00087451824      0.009156635    0.00087162369    9.1093825e-31   -1.6021766e-19    -9.156439e-20    4.4547817e-19             2639                1
     0.0029210236    2.5655729e-05    -0.0056394748    -0.0017125165     0.0023585495    1.3389073e-05    9.1093825e-31   -1.6021766e-19    -9.156439e-20    4.4547817e-19              860                0
   -0.00010527623    7.8657813e-06     0.0037989207     -0.003212044    -0.0059335902   -0.00075768266    9.1093825e-31   -1.6021766e-19    -9.156439e-20    4.4547817e-19             2438                1
    -0.0032798355    3.8455866e-05      -0.01255582   -0.00087639061     0.0023362024    -0.0015399999    9.1093825e-31   -1.6021766e-19    -9.156439e-20    4.4547817e-19              900                0
     -0.006491147    2.6607006e-05    -0.0088215899    0.00090941624     0.0017005027    -0.0013273015    9.1093825e-31   -1.6021766e-19    -9.156439e-20    4.4547817e-19              132                0
     0.0090038851    8.6735228e-05      0.013116536     0.0016608461     0.0013175713    -0.0014218187    9.1093825e-31   -1.6021766e-19    -9.156439e-20    4.4547817e-19             1962                1
    -0.0072620953    7.3480696e-05    -0.0026556265    0.00061588193     0.0012935107      0.000678599    9.1093825e-31   -1.6021766e-19    -9.156439e-20    4.4547817e-19             1012                1
    -0.0037851164     3.599793e-06    0.00052838883    -0.0013466845   -0.00029257502     0.0026012359    9.1093825e-31   -1.6021766e-19    -9.156439e-20    4.4547817e-19              893                0
     0.0076776776    4.8764763e-05     -0.013052394     0.0023850431    0.00092939264    -0.0017000716    9.1093825e-31   -1.6021766e-19    -9.156439e-20    4.4547817e-19              311                0
    -0.0070207007    1.0582232e-05    -0.0077524385    -0.0012994711     0.0010225492    0.00055305782    9.1093825e-31   -1.6021766e-19    -9.156439e-20    4.4547817e-19              791                0
    -0.0011597237    3.6444901e-05    -0.0040960643     0.0016537084     0.0067561315       0.00590376    9.1093825e-31   -1.6021766e-19    -9.156439e-20    4.4547817e-19             2560                1
     0.0012285202    7.5328498e-05    -0.0092784381     0.0045990902     0.0090645356    -0.0045759254    9.1093825e-31   -1.6021766e-19    -9.156439e-20    4.4547817e-19             2559                1
   -0.00051659945    9.3036106e-05    -0.0082288524    -0.0042292578    -0.0037400308     0.0069988589    9.1093825e-31   -1.6021766e-19    -9.156439e-20    4.4547817e-19             2725                1
     0.0050176643    1.0220193e-05     0.0071610375   -0.00059466402      0.007037783   -1.8122671e-05    9.1093825e-31   -1.6021766e-19    -9.156439e-20    4.4547817e-19             2733                1
    -0.0062044254    4.4318413e-06     0.0028751041    1.6820894e-05   -0.00071929372   -0.00011906318    9.1093825e-31   -1.6021766e-19    -9.156439e-20    4.4547817e-19              677                0
   -0.00066457421     3.735708e-05    -0.0025711167   -0.00022398478     0.0075080935    -0.0015953509    9.1093825e-31   -1.6021766e-19    -9.156439e-20    4.4547817e-19             2609                1
     -0.008456138     8.215112e-05    -0.0047971355    0.00032539765    0.00089622784   -0.00011232348    9.1093825e-31   -1.6021766e-19    -9.156439e-20    4.4547817e-19              210                0
   -0.00083776808    6.6760156e-05     0.0058435369     0.0020945352     0.0081691919    0.00095475343    9.1093825e-31   -1.6021766e-19    -9.156439e-20    4.4547817e-19             2604                1
      0.007903479    5.4238357e-05     0.0084865568   -0.00030696249   -0.00087211386       0.00126233    9.1093825e-31   -1.6021766e-19    -9.156439e-20    4.4547817e-19              254                0
     0.0058658281    5.0938343e-05      0.004424551   -0.00061468751    -0.0012490556   -0.00088095421    9.1093825e-31   -1.6021766e-19    -9.156439e-20    4.4547817e-19              270                0
     0.0013907419    7.3302821e-05     -0.012966094     0.0038191297    -0.0036761614    0.00038007033    9.1093825e-31   -1.6021766e-19    -9.156439e-20    4.4547817e-19             2614                1
   -0.00091778534    7.5011674e-05    -0.0084593613     0.0016914497    -0.0065410058    -0.0001676854    9.1093825e-31   -1.6021766e-19    -9.156439e-20    4.4547817e-19             2691                1
     0.0015311778    7.7331269e-06     0.0024642206    -0.0058150645     -0.004895675    -0.0051985253    9.1093825e-31   -1.6021766e-19    -9.156439e-20    4.4547817e-19             2393                1
     0.0014920058    9.3979215e-05    -0.0088307522    0.00096251979   -0.00026137126    0.00058795366    9.1093825e-31   -1.6021766e-19    -9.156439e-20    4.4547817e-19             2655                1
    -0.0075969058    7.9841433e-05     -0.012203532    -0.0011621944     0.0015031155     -0.001203725    9.1093825e-31   -1.6021766e-19    -9.156439e-20    4.4547817e-19              673                0
     0.0011651267    9.0089881e-05    -0.0095878132     0.0013791696    -0.0058697117   -8.4772473e-05    9.1093825e-31   -1.6021766e-19    -9.156439e-20    4.4547817e-19             2729                1
     0.0085373102    9.1272432e-06      0.010213203     0.0002704011   -0.00072953146   -9.2186601e-05    9.1093825e-31   -1.6021766e-19    -9.156439e-20    4.4547817e-19              410                0
       0.00441651    1.9230816e-05    -0.0019956962     0.0013131648    -0.0020663766    -0.0031954288    9.1093825e-31   -1.6021766e-19    -9.156439e-20    4.4547817e-19             2387                1
   -0.00011338339     1.828241e-05     0.0034382276    -0.0026984785     0.0047732582    -0.0044102608    9.1093825e-31   -1.6021766e-19    -9.156439e-20    4.4547817e-19             2658                1
     0.0033922843    5.4839056e-05    -0.0075700055     0.0018329497     0.0063657882    -0.0038148656    9.1093825e-31   -1.6021766e-19    -9.156439e-20    4.4547817e-19             2419                1
   -0.00087280403    7.3549738e-05    -0.0028677299    -0.0006627136      0.011853687    -0.0012653464    9.1093825e-31   -1.6021766e-19    -9.156439e-20    4.4547817e-19             2608                1
    -0.0016050487    7.3378302e-05     -0.012422115     0.0032281573     -0.010674562     0.0053509236    9.1093825e-31   -1.6021766e-19    -9.156439e-20    4.4547817e-19             2708                1
    -0.0094113937    9.3831433e-05    -0.0066363099    0.00039633995    0.00038674087    0.00041481445    9.1093825e-31   -1.6021766e-19    -9.156439e-20    4.4547817e-19              192                0
     0.0012988589    6.3992389e-05     0.0024409532    -0.0016959767      0.011783052    -0.0012528821    9.1093825e-31   -1.6021766e-19    -9.156439e-20    4.4547817e-19             2642                1
     0.0034341903    4.0981831e-05      0.012673317     0.0053144367    -0.0072946022    -0.0011408135    9.1093825e-31   -1.6021766e-19    -9.156439e-20    4.4547817e-19             2472                1
     0.0030494931    2.4849416e-05      0.014371293     0.0018846315    -0.0085195079     0.0017026582    9.1093825e-31   -1.6021766e-19    -9.156439e-20    4.4547817e-19             2481                1
     0.0035385019    1.4201096e-05     0.0034049649     0.0011936538    -0.0013813864     0.0021970249    9.1093825e-31   -1.6021766e-19    -9.156439e-20    4.4547817e-19              991                0
     0.0011752539    1.3878725e-06      0.011430838     0.0028550853     0.0070034247   -0.00096311554    9.1093825e-31   -1.6021766e-19    -9.156439e-20    4.4547817e-19             2765                1
    -0.0091515277       1.9083e-05    -0.0019472596     0.0011747692    2.4941157e-05   -0.00095280935    9.1093825e-31   -1.6021766e-19    -9.156439e-20    4.4547817e-19              212                0
     0.0084408112    1.0917676e-05      0.001549263    0.00022872628   -0.00024419682   -0.00083007803    9.1093825e-31   -1.6021766e-19    -9.156439e-20    4.4547817e-19              525                0
     0.0092787025    1.0006597e-05    -0.0092160804     0.0011407294    0.00034140475    -0.0014043761    9.1093825e-31   -1.6021766e-19    -9.156439e-20    4.4547817e-19              690                0
    -0.0024042886     3.846296e-05    -0.0021529661    -0.0010880127     0.0077910922     0.0066890479    9.1093825e-31   -1.6021766e-19    -9.156439e-20    4.4547817e-19             2623                1
    -0.0012742386    8.7362976e-05    -0.0085202372     0.0081543922      0.010049224    -0.0029403176    9.1093825e-31   -1.6021766e-19    -9.156439e-20    4.4547817e-19             2531                1
     -0.008692909    4.5348595e-05    -0.0011893609    0.00090724218   -0.00019153475    0.00099258998    9.1093825e-31   -1.6021766e-19    -9.156439e-20    4.4547817e-19              750                0
    3.4338478e-05    4.7854934e-05    -0.0011127258    8.6912907e-05     0.0091242474    0.00031521686    9.1093825e-31   -1.6021766e-19    -9.156439e-20    4.4547817e-19             2619                1
     0.0013576049    8.7783374e-05    -0.0033407768    -0.0019739855     -0.010893891    -0.0027782293    9.1093825e-31   -1.6021766e-19    -9.156439e-20    4.4547817e-19             2748                1
     0.0032132943    2.1122321e-05      0.014063229    -0.0020684269     -0.010786367     0.0013337823    9.1093825e-31   -1.6021766e-19    -9.156439e-20    4.4547817e-19             2588                1
    -0.0073474334    8.5694257e-05    -0.0014103496     0.0028508662    0.00091577001   -0.00085120817    9.1093825e-31   -1.6021766e-19    -9.156439e-20    4.4547817e-19              257                0
    -0.0056889062    4.0486226e-05     0.0058603361    -0.0011283529    -0.0014040167     0.0010288034    9.1093825e-31   -1.6021766e-19    -9.156439e-20    4.4547817e-19              220                0
    -0.0009919859     9.297394e-05    -0.0058521503    -0.0015677492      0.013386723    -0.0018948006    9.1093825e-31   -1.6021766e-19    -9.156439e-20    4.4547817e-19             2600                1
     0.0062923217    4.1904124e-05    -0.0085055046    -0.0027249858     0.0019459659   -0.00053853123    9.1093825e-31   -1.6021766e-19    -9.156439e-20    4.4547817e-19              931                0
    -0.0026487745    1.0700758e-05    -0.0080529144    0.00013964341     0.0027476586    0.00087160763    9.1093825e-31   -1.6021766e-19    -9.156439e-20    4.4547817e-19              217                0
    -0.0012487507    8.1560924e-05     -0.012470541     0.0053713545    -0.0052835704     0.0021820967    9.1093825e-31   -1.6021766e-19    -9.156439e-20    4.4547817e-19             2685                1
   -0.00059244747    9.5004536e-05    -0.0081340624    -0.0006391725     -0.003004103    -0.0017354824    9.1093825e-31   -1.6021766e-19    -9.156439e-20    4.4547817e-19             2730                1
    -0.0020645696    2.6497646e-05     0.0063193049   -0.00015749976     0.0057630353   -6.2861081e-06    9.1093825e-31   -1.6021766e-19    -9.156439e-20    4.4547817e-19             2666                1
     0.0024377767    6.9402486e-05    -0.0093245544   -0.00071593391     0.0083927521    -0.0011671112    9.1093825e-31   -1.6021766e-19    -9.156439e-20    4.4547817e-19             2563                1
     0.0058974447    1.1724526e-05    -0.0030387426    -0.0011061882      0.001200515    -0.0022770888    9.1093825e-31   -1.6021766e-19    -9.156439e-20    4.4547817e-19              256                0
     0.0041801729    6.6292967e-05    -0.0087462524    0.00091003446     0.0079761362    0.00040190248    9.1093825e-31   -1.6021766e-19    -9.156439e-20    4.4547817e-19             2569                1
     -0.003683565    8.8180859e-05     -0.014357448    -0.0018286223    -0.0028291624   -0.00059613859    9.1093825e-31   -1.6021766e-19    -9.156439e-20    4.4547817e-19             2654                1
   -0.00035732443    4.9454742e-05    -0.0027379831     0.0056257462     0.0067293262    -0.0019577735    9.1093825e-31   -1.6021766e-19    -9.156439e-20    4.4547817e-19             2478                1
    -0.0028372535    9.2845767e-05     -0.006876721    -0.0011481436    -0.0049650637     0.0014741574    9.1093825e-31   -1.6021766e-19    -9.156439e-20    4.4547817e-19             2735                1
    -0.0092343148     6.224565e-05     0.0021560641    -0.0022378264    0.00032903341    -0.0018362942    9.1093825e-31   -1.6021766e-19    -9.156439e-20    4.4547817e-19              978                0
    -0.0017076388    1.0572539e-06      0.010737462   -0.00085188291    0.00083808479     0.0068305526    9.1093825e-31   -1.6021766e-19    -9.156439e-20    4.4547817e-19             2742                1
     0.0093163252    3.6998215e-05    0.00090980256     0.0014140037   -0.00032673689   -0.00017851371    9.1093825e-31   -1.6021766e-19    -9.156439e-20    4.4547817e-19              637                0
    0.00078192342    5.7799174e-05     0.0010822786    -0.0035282355     0.0092323571    -0.0011921064    9.1093825e-31   -1.6021766e-19    -9.156439e-20    4.4547817e-19             2607                1
   -0.00078198791    9.9856159e-05     -0.008351448    -0.0049347575      0.011141684    -0.0061794068    9.1093825e-31   -1.6021766e-19    -9.156439e-20    4.4547817e-19             2534                1
     0.0046997406    6.4869404e-05      0.002190633   -0.00070086552   -0.00037400264     0.0011518997    9.1093825e-31   -1.6021766e-19    -9.156439e-20    4.4547817e-19              229                0
    -0.0031254098    6.4743799e-05    -0.0017786865    -0.0017532361     0.0092262514    -0.0017756254    9.1093825e-31   -1.6021766e-19    -9.156439e-20    4.4547817e-19             2586                1
    -0.0085396217     4.713584e-05    -0.0014702311    0.00080710655   -0.00011340106   -0.00040312065    9.1093825e-31   -1.6021766e-19    -9.156439e-20    4.4547817e-19              894                0
     0.0076250574    8.1843202e-05     0.0053475685    -0.0010127904   -0.00060568762     0.0030264736    9.1093825e-31   -1.6021766e-19    -9.156439e-20    4.4547817e-19              219                0
     0.0079482943    4.2704618e-05    -0.0030827078     0.0016612733    0.00016281517     0.0023100071    9.1093825e-31   -1.6021766e-19    -9.156439e-20    4.4547817e-19              309                0
    -0.0089490917    5.8525529e-05      0.011203486   -0.00023126358   -0.00025690225   -0.00060470618    9.1093825e-31   -1.6021766e-19    -9.156439e-20    4.4547817e-19              329                0
     -0.003413148     7.083681e-05    -0.0099086184   -8.3269551e-05    -0.0032485889    3.2428947e-05    9.1093825e-31   -1.6021766e-19    -9.156439e-20    4.4547817e-19             2625                1
     0.0090200212    5.9833754e-05     0.0079870569    -0.0010100034   -0.00034713876     0.0016580829    9.1093825e-31   -1.6021766e-19    -9.156439e-20    4.4547817e-19              369                0
     0.0028298101    5.7659141e-05     -0.007050707   -0.00065255212     0.0016367835    -0.0037360417    9.1093825e-31   -1.6021766e-19    -9.156439e-20    4.4547817e-19             2430                1
    -0.0025543852    2.9697641e-05     -0.002059326   -0.00063742034     0.0060815536     0.0054823817    9.1093825e-31   -1.6021766e-19    -9.156439e-20    4.4547817e-19             2595                1
    -0.0021573401    6.1982544e-05     0.0071989228     0.0020276541    -0.0023913293    0.00015894296    9.1093825e-31   -1.6021766e-19    -9.156439e-20    4.4547817e-19              632                0
   -0.00092355709    8.7853085e-05    -0.0084569445    7.1461829e-05    -0.0029379064    0.00051151338    9.1093825e-31   -1.6021766e-19    -9.156439e-20    4.4547817e-19             2692                1
    -0.0034340599    9.0676285e-06     0.0061940621    -0.0048797671     0.0016766229     0.0011207198    9.1093825e-31   -1.6021766e-19    -9.156439e-20    4.4547817e-19             2630                1
     0.0015390302    1.7485871e-05     0.0024512974    -0.0019460085     0.0070268787    -0.0031010215    9.1093825e-31   -1.6021766e-19    -9.156439e-20    4.4547817e-19             2702                1
    0.00010292859    8.1106838e-05    -0.0059350342   -0.00020910811     0.0096825976     3.336279e-05    9.1093825e-31   -1.6021766e-19    -9.156439e-20    4.4547817e-19             2494                1
       0.00728615    4.4212964e-05     0.0008477511    -0.0015338999    0.00028716581   -0.00085201865    9.1093825e-31   -1.6021766e-19    -9.156439e-20    4.4547817e-19              476                0
    -0.0048861541    5.0466588e-05     -0.012792833     0.0013317723     0.0021990645    -0.0016444412    9.1093825e-31   -1.6021766e-19    -9.156439e-20    4.4547817e-19              549                0
   -0.00094979338    8.2091916e-05      0.010206446     0.0026212425    -0.0033734075    0.00071953138    9.1093825e-31   -1.6021766e-19    -9.156439e-20    4.4547817e-19              569                0
   -0.00050712354    9.5387026e-05     -0.008147845     0.0013565191     -0.005114329   -0.00019393512    9.1093825e-31   -1.6021766e-19    -9.156439e-20    4.4547817e-19             2755                1
     0.0026377297    8.7288288e-07      0.012280475     0.0023154942     0.0021708263    -0.0047656782    9.1093825e-31   -1.6021766e-19    -9.156439e-20    4.4547817e-19             2763                1
     0.0094947163    9.1401926e-05     -0.014443646   -8.9472494e-05    0.00056971726     0.0020946322    9.1093825e-31   -1.6021766e-19    -9.156439e-20    4.4547817e-19              922                0
    -0.0012370686    2.5539175e-05     -0.012421263    -0.0023429899     0.0026170677   -0.00037927143    9.1093825e-31   -1.6021766e-19    -9.156439e-20    4.4547817e-19              649                0
    -0.0077840458    4.6056703e-05     0.0038931896      0.001174457   -0.00053578324    0.00098681729    9.1093825e-31   -1.6021766e-19    -9.156439e-20    4.4547817e-19              934                0
     0.0018474306    3.5556488e-05      0.010535541    -0.0018740208     0.0031264613    -0.0024260641    9.1093825e-31   -1.6021766e-19    -9.156439e-20    4.4547817e-19             2611                1
     0.0012831803    3.6300062e-05      0.011328392   -0.00049415062    -0.0082333935    -0.0017146391    9.1093825e-31   -1.6021766e-19    -9.156439e-20    4.4547817e-19             2506                1
     0.0015875624    7.5556936e-06     0.0073335902    0.00040628528     0.0077782199    0.00012394878    9.1093825e-31   -1.6021766e-19    -9.156439e-20    4.4547817e-19             2750                1
     0.0024502468    9.4097617e-05    -0.0093038557    -0.0035622355    -0.0021638791     0.0063629188    9.1093825e-31   -1.6021766e-19    -9.156439e-20    4.4547817e-19             2711                1
    -0.0039656688    5.9341105e-06       0.01163491     0.0035966274     0.0059221159    -0.0016019593    9.1093825e-31   -1.6021766e-19    -9.156439e-20    4.4547817e-19             2751                1
    0.00098589074    2.5438479e-05     0.0078882501    -0.0024487134     0.0055858525     0.0011043077    9.1093825e-31   -1.6021766e-19    -9.156439e-20    4.4547817e-19             2671                1
     0.0054234075    2.3493954e-05     0.0021027464    0.00058431138   -0.00065728521     0.0025722948    9.1093825e-31   -1.6021766e-19    -9.156439e-20    4.4547817e-19               20                0
     0.0041413535    8.5990745e-05     -0.011711157   -0.00082985027    -0.0027313139     0.0028009703    9.1093825e-31   -1.6021766e-19    -9.156439e-20    4.4547817e-19             2662                1
    -0.0018435117    5.9368009e-05     0.0018242345    0.00031706976      0.011567486    0.00034708987    9.1093825e-31   -1.6021766e-19    -9.156439e-20    4.4547817e-19             2647                1
     0.0048277071    9.9697842e-05    -0.0033780721     0.0030607639      0.013178687   -0.00013733955    9.1093825e-31   -1.6021766e-19    -9.156439e-20    4.4547817e-19             2599                1
     0.0086272098    9.4718671e-05     0.0039648064   -0.00071293657    0.00036531381    -0.0011708307    9.1093825e-31   -1.6021766e-19    -9.156439e-20    4.4547817e-19               36                0
     -0.002532436    7.7139222e-05    -0.0021053152     0.0017476784       0.01124625    0.00049755641    9.1093825e-31   -1.6021766e-19    -9.156439e-20    4.4547817e-19             2596                1
   -4.1872223e-05    2.1081963e-05     0.0038466938    -0.0023761047     0.0040463889     0.0043958956    9.1093825e-31   -1.6021766e-19    -9.156439e-20    4.4547817e-19             2612                1
     0.0017194052    2.8115486e-05     0.0073829256     0.0045398134     0.0055603301     0.0028165388    9.1093825e-31   -1.6021766e-19    -9.156439e-20    4.4547817e-19             2661                1
     0.0060186191    7.0880575e-05      0.011968118   -0.00066497637    -0.0018535795     0.0020729213    9.1093825e-31   -1.6021766e-19    -9.156439e-20    4.4547817e-19              280                0
     0.0003620151    5.2083589e-05      0.000186631    -0.0078532835     0.0099965893   -0.00063284184    9.1093825e-31   -1.6021766e-19    -9.156439e-20    4.4547817e-19             2634                1
    -0.0093214661    9.5164709e-05     0.0025724317    0.00080854155    0.00032605202    0.00012260419    9.1093825e-31   -1.6021766e-19    -9.156439e-20    4.4547817e-19               44                0
    -0.0018478867    2.1078513e-05      0.001864069    -0.0035390302     0.0061339447     0.0045654685    9.1093825e-31   -1.6021766e-19    -9.156439e-20    4.4547817e-19             2673                1
    -0.0012241264     5.087682e-06     0.0055521652    0.00095645618     0.0042537111    -0.0010475751    9.1093825e-31   -1.6021766e-19    -9.156439e-20    4.4547817e-19             2738                1
     0.0028618071    5.5637716e-05     0.0099314237    0.00037216683    -0.0029139067   -0.00023419605    9.1093825e-31   -1.6021766e-19    -9.156439e-20    4.4547817e-19              177                0
    -0.0029797247    9.4459123e-05     -0.010421318    -0.0046659992    -0.0062650247   -0.00097513467    9.1093825e-31   -1.6021766e-19    -9.156439e-20    4.4547817e-19             2756                1
     0.0010591295    9.6640533e-06     0.0027838806     -0.002051211     0.0022838737     0.0013710051    9.1093825e-31   -1.6021766e-19    -9.156439e-20    4.4547817e-19             2577                1
    -0.0014553106    9.2540169e-05     -0.008448475    -0.0047800075    -0.0062058149     0.0032675781    9.1093825e-31   -1.6021766e-19    -9.156439e-20    4.4547817e-19             2743                1
    -0.0083110277    3.3240281e-05     0.0035794345    0.00096750812   -0.00062979333    -0.0031898643    9.1093825e-31   -1.6021766e-19    -9.156439e-20    4.4547817e-19              184                0
    -0.0018810104    6.2303632e-05     0.0039727115    -0.0014036756    -0.0015338531    9.2176124e-05    9.1093825e-31   -1.6021766e-19    -9.156439e-20    4.4547817e-19              699                0
    -0.0077063194    1.6925778e-05    -0.0048635979    -0.0028650586    0.00030535931    0.00034541331    9.1093825e-31   -1.6021766e-19    -9.156439e-20    4.4547817e-19              243                0
   -0.00068310864    7.7270888e-05    -0.0059090168    0.00012017274    -0.0032993162     0.0037729791    9.1093825e-31   -1.6021766e-19    -9.156439e-20    4.4547817e-19             2669                1
    -0.0086168451    3.8356091e-05     0.0021030821    0.00043366171    -0.0002748135    -0.0001725226    9.1093825e-31   -1.6021766e-19    -9.156439e-20    4.4547817e-19              264                0
     0.0050950721    3.4275909e-05    0.00026224332     0.0002401606   -5.9222297e-05    -0.0012760352    9.1093825e-31   -1.6021766e-19    -9.156439e-20    4.4547817e-19              284                0
    -0.0016700695    5.6871595e-06      0.010634867    0.00066395698     0.0011536542    -0.0063111391    9.1093825e-31   -1.6021766e-19    -9.156439e-20    4.4547817e-19             2688                1
     0.0022132411    2.9679462e-05   -6.0531896e-05     0.0019358624     0.0072852238    -0.0026230263    9.1093825e-31   -1.6021766e-19    -9.156439e-20    4.4547817e-19             2657                1
     0.0031168528    9.8039927e-05     -0.004387157     -0.002207475    -0.0023018061    -0.0004054388    9.1093825e-31   -1.6021766e-19    -9.156439e-20    4.4547817e-19             2759                1
     -0.000958102    9.1201182e-06      0.005875919    0.00089258351     0.0033094105   -0.00096451322    9.1093825e-31   -1.6021766e-19    -9.156439e-20    4.4547817e-19             2698                1
   -0.00099078636    1.5544125e-05    -0.0021012849   -7.4695941e-05      0.001341903    0.00018961391    9.1093825e-31   -1.6021766e-19    -9.156439e-20    4.4547817e-19              384                0
      0.001359675    4.8246868e-05      -0.01300066   -0.00025777612    -0.0069726561    -0.0041541248    9.1093825e-31   -1.6021766e-19    -9.156439e-20    4.4547817e-19             2615                1
    -0.0010013081    4.9995138e-05     0.0059303348    -0.0022992094     0.0072005186   -0.00093987951    9.1093825e-31   -1.6021766e-19    -9.156439e-20    4.4547817e-19             2618                1
    -0.0092206569    5.5776512e-05   -0.00043415601    1.6895796e-05   -3.9633909e-05    0.00067071192    9.1093825e-31   -1.6021766e-19    -9.156439e-20    4.4547817e-19              444                0
    -0.0059315925     8.177276e-06    -0.0019862219    0.00020366376       0.00089112    -0.0010530619    9.1093825e-31   -1.6021766e-19    -9.156439e-20    4.4547817e-19              464                0
    -0.0042713275    6.7039146e-05     -0.012195242       0.00214399    -0.0083627617   -0.00025048095    9.1093825e-31   -1.6021766e-19    -9.156439e-20    4.4547817e-19             2680                1
     0.0055741831    6.0308703e-05     0.0093079833     0.0015850216    -0.0015137895     0.0017083335    9.1093825e-31   -1.6021766e-19    -9.156439e-20    4.4547817e-19             1322                1
    0.00043119458    8.0377758e-05    -0.0087000718     0.0004685543     0.0094589768     0.0022087099    9.1093825e-31   -1.6021766e-19    -9.156439e-20    4.4547817e-19             2528                1
   -6.7320383e-05    9.4924408e-06      0.013793499    0.00016365142     0.0011831466   -0.00017021449    9.1093825e-31   -1.6021766e-19    -9.156439e-20    4.4547817e-19             2681                1
     0.0084144166    4.0526786e-05    -0.0038485501   -0.00065474369    0.00069349544    0.00088344555    9.1093825e-31   -1.6021766e-19    -9.156439e-20    4.4547817e-19              564                0
     0.0016361222    6.0308401e-05     0.0026264777   -0.00087633089     0.0080899391     0.0069226008    9.1093825e-31   -1.6021766e-19    -9.156439e-20    4.4547817e-19             2594                1
    -0.0040302044    2.1641624e-06    -0.0096362149     0.0036366212   -0.00086211634     0.0017440032    9.1093825e-31   -1.6021766e-19    -9.156439e-20    4.4547817e-19             2310                1
     0.0011253877    2.0492052e-05      0.013603883     -0.001384202     -0.010429351    -0.0041887239    9.1093825e-31   -1.6021766e-19    -9.156439e-20    4.4547817e-19             2567                1
     0.0014590459    2.8377914e-18      0.011526455     0.0012164436     -0.011027769    0.00026241073    9.1093825e-31   -1.6021766e-19    -9.156439e-20    4.4547817e-19             2525                1
    -0.0068317051      6.86149e-05    0.00082081574    0.00022220623    0.00033695396   -8.8718727e-05    9.1093825e-31   -1.6021766e-19    -9.156439e-20    4.4547817e-19              664                0
    -0.0076810368    2.9160251e-06     -0.014870516     0.0007850533   -0.00010248596    0.00073529163    9.1093825e-31   -1.6021766e-19    -9.156439e-20    4.4547817e-19              684                0
     0.0033923718    3.9049475e-05     0.0046977075   -0.00019987783    -0.0015956679    -0.0018773978    9.1093825e-31   -1.6021766e-19    -9.156439e-20    4.4547817e-19              704                0
    -0.0012951409    9.8913006e-05     -0.014201045    0.00044385419    -0.0055185282    -0.0016774533    9.1093825e-31   -1.6021766e-19    -9.156439e-20    4.4547817e-19             2766                1
    -0.0065911189    7.6168399e-05      0.009444979     0.0010339157    -0.0010855334     0.0016270892    9.1093825e-31   -1.6021766e-19    -9.156439e-20    4.4547817e-19              871                0
     0.0016469361    2.7640685e-06      0.011397211     0.0042704679     0.0030391682    -0.0014978857    9.1093825e-31   -1.6021766e-19    -9.156439e-20    4.4547817e-19             2753                1
    -0.0066514639    7.7901306e-05     -0.010901939     0.0009793666     0.0013846743    0.00099963404    9.1093825e-31   -1.6021766e-19    -9.156439e-20    4.4547817e-19              125                0
     -0.005073701    7.6446537e-05      0.013381548    0.00094857166    -0.0017294916    0.00043467162    9.1093825e-31   -1.6021766e-19    -9.156439e-20    4.4547817e-19              804                0
     0.0040247822    1.7989838e-05     -0.012770338    0.00036861692     0.0017607097    -0.0025104347    9.1093825e-31   -1.6021766e-19    -9.156439e-20    4.4547817e-19              266                0
    0.00010072493    9.8329168e-05     -0.011827007    0.00032311757     0.0036282262     0.0031177537    9.1093825e-31   -1.6021766e-19    -9.156439e-20    4.4547817e-19              483                0
    -0.0031099773    4.7149952e-05    -0.0018301328   -0.00022568626     0.0075005214    -0.0068739192    9.1093825e-31   -1.6021766e-19    -9.156439e-20    4.4547817e-19             2587                1
     -0.002745955    8.9592337e-05    -0.0089047654     0.0011454624     0.0035268252     0.0011483161    9.1093825e-31   -1.6021766e-19    -9.156439e-20    4.4547817e-19              360                0
    0.00038496809    5.9294503e-05    -0.0037832297     -0.001699851     0.0088010849    0.00036301863    9.1093825e-31   -1.6021766e-19    -9.156439e-20    4.4547817e-19             2570                1
     0.0012467337    8.6552413e-05      0.011419788    0.00019081963    -0.0036323252      0.001558185    9.1093825e-31   -1.6021766e-19    -9.156439e-20    4.4547817e-19             2668                1
     0.0010323746    9.0228685e-05    -0.0095560579     0.0026449887    -0.0042222291    -0.0025561594    9.1093825e-31   -1.6021766e-19    -9.156439e-20    4.4547817e-19             2714                1
    0.00054101169    7.2580471e-05     -0.011863747    3.7725764e-05     0.0034395773    0.00023347449    9.1093825e-31   -1.6021766e-19    -9.156439e-20    4.4547817e-19              958                0
     0.0015233431    8.9195011e-05     -0.012912227   -0.00033687681     0.0079373252   -0.00069122802    9.1093825e-31   -1.6021766e-19    -9.156439e-20    4.4547817e-19             2519                1
    -0.0067763934    7.6799588e-05      0.012256701    0.00032873091    -0.0012489104    0.00066877675    9.1093825e-31   -1.6021766e-19    -9.156439e-20    4.4547817e-19              988                0
    -0.0014052164    9.1819078e-05    -0.0080172876    -0.0044460339    -0.0011222595   -0.00022795005    9.1093825e-31   -1.6021766e-19    -9.156439e-20    4.4547817e-19             2675                1
     0.0013236221           0.0001     -0.008952369    -0.0079448959      0.010294188      -0.00154521    9.1093825e-31   -1.6021766e-19    -9.156439e-20    4.4547817e-19             2484                1
    -0.0039677797    6.2286813e-06      0.011636044      0.001464195     0.0062199938   -0.00045658858    9.1093825e-31   -1.6021766e-19    -9.156439e-20    4.4547817e-19             2752                1
     -0.001844019     4.873941e-05     0.0018462187    0.00023255261     0.0098007992     0.0039854622    9.1093825e-31   -1.6021766e-19    -9.156439e-20    4.4547817e-19             2648                1
     0.0055011981    6.5713706e-05      0.010673803    4.2054988e-05    -0.0058211242    2.1316557e-05    9.1093825e-31   -1.6021766e-19    -9.156439e-20    4.4547817e-19             2632                1
    -0.0015442938    6.4683998e-05      0.010887719     0.0062066335    -0.0058829905     0.0071521918    9.1093825e-31   -1.6021766e-19    -9.156439e-20    4.4547817e-19             2418                1
     0.0014706078    7.8730453e-05    -0.0088829277   -0.00019944283    -0.0023486002   -0.00043081935    9.1093825e-31   -1.6021766e-19    -9.156439e-20    4.4547817e-19             2643                1
    -0.0003964474    8.2757884e-05    0.00031179222   -6.5864464e-05      0.012256876    4.3395143e-05    9.1093825e-31   -1.6021766e-19    -9.156439e-20    4.4547817e-19             2603                1
   -0.00051892153    9.5988769e-05    -0.0082351072   -0.00019030346    -0.0067207287    -0.0024194908    9.1093825e-31   -1.6021766e-19    -9.156439e-20    4.4547817e-19             2761                1
    -0.0025339399    2.1594164e-05     0.0061453786     0.0013065536    -0.0026918063    0.00040649742    9.1093825e-31   -1.6021766e-19    -9.156439e-20    4.4547817e-19              485                0
     0.0021175563    7.8927013e-05     -0.014688686   -2.6878017e-05    -0.0032964929     0.0078181019    9.1093825e-31   -1.6021766e-19    -9.156439e-20    4.4547817e-19             2605                1
     0.0033495515     6.554836e-05   -0.00094153814   -0.00028876631     0.0030147629    0.00027227498    9.1093825e-31   -1.6021766e-19    -9.156439e-20    4.4547817e-19             2276                1
   -0.00057563791    7.0123688e-06    -0.0025735567     0.0026740883     0.0039839898    -0.0017995017    9.1093825e-31   -1.6021766e-19    -9.156439e-20    4.4547817e-19             2718                1
    -0.0029008151    7.8471756e-05     -0.010470455    0.00048354987     0.0090985792     0.0033384149    9.1093825e-31   -1.6021766e-19    -9.156439e-20    4.4547817e-19             2582                1
     0.0022467379     9.793471e-05    -0.0091914423    -0.0015634223      0.009169233    0.00056276302    9.1093825e-31   -1.6021766e-19    -9.156439e-20    4.4547817e-19             2437                1
    -0.0068028988       2.7777e-05     0.0025862011     -0.001789015     -0.004553128    -0.0018402414    9.1093825e-31   -1.6021766e-19    -9.156439e-20    4.4547817e-19             2501                1
    -0.0014852444     7.705942e-05    -0.0066273981     0.0014117776    -0.0077061355     0.0029425968    9.1093825e-31   -1.6021766e-19    -9.156439e-20    4.4547817e-19             2705                1
    -0.0017010507    7.5262149e-05     -0.011229046    -0.0018688459     0.0080298753    -0.0057189241    9.1093825e-31   -1.6021766e-19    -9.156439e-20    4.4547817e-19             2541                1
     0.0011044926    9.1592701e-05    -0.0064899302     0.0015884963      0.010543912      0.003101158    9.1093825e-31   -1.6021766e-19    -9.156439e-20    4.4547817e-19             2512                1
     0.0017238706    9.4618968e-05    -0.0029985984    -0.0019396436    -0.0065663368    -0.0094676688    9.1093825e-31   -1.6021766e-19    -9.156439e-20    4.4547817e-19             2757                1
    -0.0017231219    8.3173645e-06      0.010546675   -3.3665787e-05     0.0020632057     0.0003469456    9.1093825e-31   -1.6021766e-19    -9.156439e-20    4.4547817e-19             2693                1
     0.0016364715    8.9347202e-05     -0.012959449   -0.00034606404    -0.0059888684   -0.00043769981    9.1093825e-31   -1.6021766e-19    -9.156439e-20    4.4547817e-19             2720                1
    -0.0029362952    5.9743496e-05     -0.014499858   -2.1628555e-05      0.001826602    -0.0013813062    9.1093825e-31   -1.6021766e-19    -9.156439e-20    4.4547817e-19              422                0
    -0.0037424399     8.920616e-06      0.011608442     0.0036092412    -0.0092962487      0.001937472    9.1093825e-31   -1.6021766e-19    -9.156439e-20    4.4547817e-19             2489                1
     0.0016284689    7.8838413e-05      0.010450387      0.002130178   -0.00019719319     -0.006493804    9.1093825e-31   -1.6021766e-19    -9.156439e-20    4.4547817e-19             2412                1
    0.00036630387    8.7890403e-05    -0.0088577839   -0.00070655358      0.010743206    0.00018245335    9.1093825e-31   -1.6021766e-19    -9.156439e-20    4.4547817e-19             2579                1
    -0.0043365266    7.2393712e-05      0.010365423    -0.0028843489    -0.0023107594     0.0010090622    9.1093825e-31   -1.6021766e-19    -9.156439e-20    4.4547817e-19              687                0
     0.0012193078    1.8655121e-05      0.011388753    0.00010038367     -0.009886099     0.0016595295    9.1093825e-31   -1.6021766e-19    -9.156439e-20    4.4547817e-19             2552                1
   -7.7446988e-05    1.8161392e-05      0.013876374    -0.0065980949    -0.0098361149     0.0024189951    9.1093825e-31   -1.6021766e-19    -9.156439e-20    4.4547817e-19             2504                1
     0.0074777324    7.2632488e-06       0.00868419   -0.00026637519     0.0016900481    0.00042102934    9.1093825e-31   -1.6021766e-19    -9.156439e-20    4.4547817e-19             2677                1
     0.0053624394    4.0182222e-05     0.0032889885    0.00023329366    -0.0010457064   -0.00070510595    9.1093825e-31   -1.6021766e-19    -9.156439e-20    4.4547817e-19              581                0
   -0.00052279932    7.8958758e-05    -0.0025118415    -0.0020804566     0.0021221787    -0.0019689882    9.1093825e-31   -1.6021766e-19    -9.156439e-20    4.4547817e-19             2509                1
     0.0014148095    1.4805763e-05      0.011392854     0.0039096964      0.007268114   -0.00099484262    9.1093825e-31   -1.6021766e-19    -9.156439e-20    4.4547817e-19             2719                1
     0.0013917926     5.107747e-05     0.0016426368   -9.4963914e-05   -0.00029775148    -0.0016367203    9.1093825e-31   -1.6021766e-19    -9.156439e-20    4.4547817e-19              641                0
     0.0006069754      4.05637e-05     0.0096370345    -0.0044990866    -0.0072863474    -0.0057119429    9.1093825e-31   -1.6021766e-19    -9.156439e-20    4.4547817e-19             2453                1
     0.0018304646    6.0006096e-05      0.011978329   -0.00059526134    -0.0073058167     0.0019831732    9.1093825e-31   -1.6021766e-19    -9.156439e-20    4.4547817e-19             2622                1
     0.0033944689     2.431077e-05      0.012635786     0.0012031469    -0.0077357655    0.00087150146    9.1093825e-31   -1.6021766e-19    -9.156439e-20    4.4547817e-19             2435                1
    -0.0069954842     6.565635e-06     -0.014230204    -0.0018163591    0.00045427273   -0.00014504312    9.1093825e-31   -1.6021766e-19    -9.156439e-20    4.4547817e-19              394                0
    -0.0025056428    2.1900929e-05    0.00069482147      0.002879566     0.0044459356     0.0049652224    9.1093825e-31   -1.6021766e-19    -9.156439e-20    4.4547817e-19             2585                1
     0.0011783731     1.278019e-05      0.013642297     0.0004248473     -0.010069589    -0.0012493577    9.1093825e-31   -1.6021766e-19    -9.156439e-20    4.4547817e-19             2500                1
    -0.0026918934    1.0077811e-05     0.0069349939     0.0024134475     0.0026754795    -0.0018263591    9.1093825e-31   -1.6021766e-19    -9.156439e-20    4.4547817e-19             2676                1
    -0.0035579875    9.6107586e-05    -0.0012686884    -0.0026373516      0.011483341     0.0011159547    9.1093825e-31   -1.6021766e-19    -9.156439e-20    4.4547817e-19             2580                1
     0.0093955444    5.6982721e-05    -0.0041931504    0.00047099404    2.7647337e-05     0.0016113857    9.1093825e-31   -1.6021766e-19    -9.156439e-20    4.4547817e-19              821                0
     0.0030126222    6.0939339e-05    -0.0044193515    -0.0021939867      0.010833208    0.00061811373    9.1093825e-31   -1.6021766e-19    -9.156439e-20    4.4547817e-19             2626                1
     0.0013674817    4.9392824e-05    -0.0033503491   -0.00036272922     0.0084486119   -0.00053824711    9.1093825e-31   -1.6021766e-19    -9.156439e-20    4.4547817e-19             2593                1
     0.0014336698    1.2989972e-05       0.01140425      0.005988467     -0.009143427     0.0032234616    9.1093825e-31   -1.6021766e-19    -9.156439e-20    4.4547817e-19             2451                1
     0.0031841784    1.1788283e-05       0.01407898    -0.0050095725     -0.011734421     0.0029269084    9.1093825e-31   -1.6021766e-19    -9.156439e-20    4.4547817e-19             2589                1
    -0.0012473417    6.8978056e-06     0.0066258716   -0.00084544451     0.0029064908   -0.00098640798    9.1093825e-31   -1.6021766e-19    -9.156439e-20    4.4547817e-19             2703                1
   -0.00050350063     3.101907e-05     0.0094636222   -0.00034396676     -0.008607626   -0.00057877082    9.1093825e-31   -1.6021766e-19    -9.156439e-20    4.4547817e-19             2581                1
    -0.0010110682    1.1389981e-05     0.0060807671    -0.0011634358     0.0022586577    -0.0013360096    9.1093825e-31   -1.6021766e-19    -9.156439e-20    4.4547817e-19             2635                1
    5.1415245e-05    3.6051206e-05    -0.0013514825    -0.0021623475     0.0060439575     -0.002683012    9.1093825e-31   -1.6021766e-19    -9.156439e-20    4.4547817e-19             2537                1
     0.0010359879    4.5346455e-06     0.0060084397     0.0022678284     0.0016479791   -0.00074822246    9.1093825e-31   -1.6021766e-19    -9.156439e-20    4.4547817e-19             2674                1
     0.0075417166    8.4822001e-05      -0.01404743   -5.6625246e-05    -0.0023903695   -2.7154962e-05    9.1093825e-31   -1.6021766e-19    -9.156439e-20    4.4547817e-19             2627                1
    -0.0083648087    2.8093334e-06      0.008495261    0.00072355993   -0.00076260755   -0.00013092879    9.1093825e-31   -1.6021766e-19    -9.156439e-20    4.4547817e-19               58                0
     0.0090761362    8.6484019e-05     -0.012703147     0.0013725441     0.0023061719    -0.0021544835    9.1093825e-31   -1.6021766e-19    -9.156439e-20    4.4547817e-19             2078                1
    -0.0014954557    9.3738454e-05    -0.0066358196    -0.0022729407    -0.0016891671   -9.3121598e-05    9.1093825e-31   -1.6021766e-19    -9.156439e-20    4.4547817e-19             2704                1
     0.0040834225    3.4935358e-05     0.0010816093    -0.0015491417   -0.00046279776    -0.0015105492    9.1093825e-31   -1.6021766e-19    -9.156439e-20    4.4547817e-19              118                0
     0.0040566651    8.9859161e-05    -0.0069268821     0.0012767742     0.0099850595     0.0033213946    9.1093825e-31   -1.6021766e-19    -9.156439e-20    4.4547817e-19             2538                1
    -0.0094224149    3.2343509e-05    -0.0036298919    0.00052188936    0.00042583316    0.00042818111    9.1093825e-31   -1.6021766e-19    -9.156439e-20    4.4547817e-19              158                0
       0.00473744    9.1359885e-05    -0.0035777788     0.0019383112   -0.00036682983   -0.00022834004    9.1093825e-31   -1.6021766e-19    -9.156439e-20    4.4547817e-19             2664                1
    -0.0029091695    8.6425098e-05    -0.0057403049    9.6454882e-05    -0.0054689972   -5.5398014e-05    9.1093825e-31   -1.6021766e-19    -9.156439e-20    4.4547817e-19             2715                1
    -0.0013799514     9.298099e-05    -0.0084756371     0.0015453565    -0.0049704462    -0.0016895944    9.1093825e-31   -1.6021766e-19    -9.156439e-20    4.4547817e-19             2736                1
     0.0010954381    3.1235031e-05     0.0058696526    0.00037263581     0.0057164333    0.00027040252    9.1093825e-31   -1.6021766e-19    -9.156439e-20    4.4547817e-19             2646                1
     0.0068713003    6.7346344e-05     -0.013546146   -0.00046313103       0.00140837    0.00094236422    9.1093825e-31   -1.6021766e-19    -9.156439e-20    4.4547817e-19              213                0
    -0.0024251386    4.6993933e-05    -0.0022100629   -0.00071043806     0.0088734562    -0.0018759402    9.1093825e-31   -1.6021766e-19    -9.156439e-20    4.4547817e-19             2620                1
     0.0011977715    1.4933986e-05      0.011387723     0.0020078002     0.0077452296     0.0014387545    9.1093825e-31   -1.6021766e-19    -9.156439e-20    4.4547817e-19             2721                1
   -0.00086691248    9.5121184e-05    -0.0085117752     0.0017205829     -0.004418443     0.0023791243    9.1093825e-31   -1.6021766e-19    -9.156439e-20    4.4547817e-19             2749                1
    -0.0092229126    9.7936165e-05    -0.0043326328    -0.0027764095    0.00064371282    0.00050326245    9.1093825e-31   -1.6021766e-19    -9.156439e-20    4.4547817e-19              723                0
     0.0034445731    2.3675915e-18     0.0090606818     0.0029153656    -0.0091936225    -0.0027216848    9.1093825e-31   -1.6021766e-19    -9.156439e-20    4.4547817e-19             2477                1
     0.0016368559    7.7591438e-05     -0.012982941     0.0029185396    -0.0088023534    -0.0020995792    9.1093825e-31   -1.6021766e-19    -9.156439e-20    4.4547817e-19             2706                1
   -0.00088925369    3.4242072e-05    -0.0059655537    -0.0014735671     0.0074807974    -0.0011329807    9.1093825e-31   -1.6021766e-19    -9.156439e-20    4.4547817e-19             2649                1
    0.00088257284    2.4549205e-05     0.0026554088    -0.0011241254     -0.004324452    -0.0010820499    9.1093825e-31   -1.6021766e-19    -9.156439e-20    4.4547817e-19             2497                1
     0.0058519123    9.6077296e-05     0.0030144781   -0.00043274311     0.0026209711    0.00013079241    9.1093825e-31   -1.6021766e-19    -9.156439e-20    4.4547817e-19             2271                1
     0.0017993365    4.4670927e-05    -0.0019677072    -0.0047259047     0.0081665618    -0.0024794119    9.1093825e-31   -1.6021766e-19    -9.156439e-20    4.4547817e-19             2606                1
    -0.0089020347    7.9986711e-07      0.013744126     0.0013355258   -0.00051235745   -0.00050236052    9.1093825e-31   -1.6021766e-19    -9.156439e-20    4.4547817e-19              503                0
     0.0013932011    9.1210422e-06      0.011531458    -0.0036086463     -0.010324413    0.00062575471    9.1093825e-31   -1.6021766e-19    -9.156439e-20    4.4547817e-19             2524                1
    -0.0088718096     9.478892e-05    -0.0012826436     0.0007730982    0.00065756851    -0.0017876034    9.1093825e-31   -1.6021766e-19    -9.156439e-20    4.4547817e-19              518                0
   -0.00096274156    9.5682641e-05    -0.0059072394     0.0044367933    -0.0086425962    -0.0032328346    9.1093825e-31   -1.6021766e-19    -9.156439e-20    4.4547817e-19             2762                1
     0.0032741977    6.7741072e-05     0.0079331137   -0.00072494772     -0.002559097   -0.00054108573    9.1093825e-31   -1.6021766e-19    -9.156439e-20    4.4547817e-19              903                0
    -0.0084817046    4.4162414e-05       0.01016914    0.00099380943   -0.00038151379    0.00071634469    9.1093825e-31   -1.6021766e-19    -9.156439e-20    4.4547817e-19              578                0
    -0.0014518312    9.6563926e-05    -0.0084559936     -0.001851326    -0.0028183833    -0.0030615071    9.1093825e-31   -1.6021766e-19    -9.156439e-20    4.4547817e-19             2744                1
     0.0082729897      3.34457e-05     0.0096083255     0.0017362006   -0.00064129441    0.00014761554    9.1093825e-31   -1.6021766e-19    -9.156439e-20    4.4547817e-19              618                0
    -0.0030256573    9.8086399e-05     -0.010325806     0.0027125143    -0.0032510313     0.0015046208    9.1093825e-31   -1.6021766e-19    -9.156439e-20    4.4547817e-19             2760                1
   -1.7642307e-05    2.9034996e-05     0.0036292793    -0.0033577471     0.0047239014    -0.0071920399    9.1093825e-31   -1.6021766e-19    -9.156439e-20    4.4547817e-19             2602                1
    -0.0032864306    3.2717955e-05     0.0061620646    -0.0020506689     0.0059791659     0.0033081006    9.1093825e-31   -1.6021766e-19    -9.156439e-20    4.4547817e-19             2650                1
     0.0018134747    3.0848693e-07      0.012201887    0.00034504585     -0.010808038     0.0021212047    9.1093825e-31   -1.6021766e-19    -9.156439e-20    4.4547817e-19             2508                1
    -0.0030303507    8.2297367e-05     -0.010360673     0.0011528856     0.0079696896    -0.0011590701    9.1093825e-31   -1.6021766e-19    -9.156439e-20    4.4547817e-19             2452                1
    -0.0023031719    3.3214339e-05      0.002951544     0.0012242453     0.0075673158    -0.0011659327    9.1093825e-31   -1.6021766e-19    -9.156439e-20    4.4547817e-19             2659                1
     0.0018436292    4.9340297e-06      0.010556538    0.00048778995     0.0011467617    -0.0015972572    9.1093825e-31   -1.6021766e-19    -9.156439e-20    4.4547817e-19             2696                1
    -0.0059384471    8.0317506e-05    -0.0026488791   -0.00064919109    -0.0038770894     -0.001026458    9.1093825e-31   -1.6021766e-19    -9.156439e-20    4.4547817e-19             2679                1
   -0.00068787712    1.7843143e-06     0.0068508224    -0.0015720522    -0.0095718903    0.00048631101    9.1093825e-31   -1.6021766e-19    -9.156439e-20    4.4547817e-19             2575                1
     0.0014759633    8.0307545e-05    -0.0051285229   -0.00030718476      0.011330775    0.00024604687    9.1093825e-31   -1.6021766e-19    -9.156439e-20    4.4547817e-19             2590                1
    -0.0066823852    2.4841391e-05     0.0050950879   -0.00045848425    -0.0011368237     0.0010691924    9.1093825e-31   -1.6021766e-19    -9.156439e-20    4.4547817e-19              573                0
     0.0066230111    9.7004813e-05       -0.0114958   -0.00012939925     0.0019767403    0.00042443789    9.1093825e-31   -1.6021766e-19    -9.156439e-20    4.4547817e-19              274                0
   -0.00059440726    6.9892965e-05    -0.0077319178    -0.0010501033    -0.0080971438    -0.0041964478    9.1093825e-31   -1.6021766e-19    -9.156439e-20    4.4547817e-19             2695                1
    -0.0010232227    4.5522676e-05     0.0060982131     -0.003022244     0.0074778013     0.0013359765    9.1093825e-31   -1.6021766e-19    -9.156439e-20    4.4547817e-19             2636                1
     0.0014748046    5.3379656e-05     -0.008884673    0.00047201899    -0.0064139366   -0.00071375415    9.1093825e-31   -1.6021766e-19    -9.156439e-20    4.4547817e-19             2644                1
    0.00038130576    6.8012436e-05    -0.0087824939   -0.00024459627     -0.006946221    -0.0048294533    9.1093825e-31   -1.6021766e-19    -9.156439e-20    4.4547817e-19             2678                1
      0.005205668    1.4444951e-05    0.00019307749     0.0021947296     -0.004657649     0.0013058127    9.1093825e-31   -1.6021766e-19    -9.156439e-20    4.4547817e-19             2526                1
    0.00016277448    1.3179719e-05    -0.0010785398     0.0013670395     0.0055670757     0.0022573103    9.1093825e-31   -1.6021766e-19    -9.156439e-20    4.4547817e-19             2700                1
    -0.0063281353    2.3020426e-05     0.0053419331   -0.00084207649    -0.0012928185    -0.0027878338    9.1093825e-31   -1.6021766e-19    -9.156439e-20    4.4547817e-19              985                0
    0.00044526576     9.651557e-05    -0.0038150381    2.7499811e-05    -0.0023286801    -0.0028195442    9.1093825e-31   -1.6021766e-19    -9.156439e-20    4.4547817e-19             2739                1
     0.0076295412    6.5007975e-05    0.00070100813    -0.0005507936    -3.885866e-05     0.0012065497    9.1093825e-31   -1.6021766e-19    -9.156439e-20    4.4547817e-19              614                0
     0.0018376065    2.2850984e-06      0.010557784    -0.0013012382    0.00035918524    -0.0012264996    9.1093825e-31   -1.6021766e-19    -9.156439e-20    4.4547817e-19             2697                1
   -0.00069327198    6.8185436e-05    -0.0083799418       0.00348539     0.0050340067    0.00040353881    9.1093825e-31   -1.6021766e-19    -9.156439e-20    4.4547817e-19             2204                1
    9.0967602e-05    4.9060323e-05     -0.013340055    -7.863401e-05     0.0024327559    0.00029359135    9.1093825e-31   -1.6021766e-19    -9.156439e-20    4.4547817e-19               79                0
    -0.0021579044    1.7944363e-05     0.0062593645    -0.0015035486     0.0039425329    0.00044158305    9.1093825e-31   -1.6021766e-19    -9.156439e-20    4.4547817e-19             2663                1
    0.00098258955    8.1577433e-05    -0.0092589892    -0.0050921002     0.0083449641     0.0016101118    9.1093825e-31   -1.6021766e-19    -9.156439e-20    4.4547817e-19             2426                1
     0.0081716524    4.7616802e-05     -0.013354394     -0.000143443     0.0015670544    0.00082640577    9.1093825e-31   -1.6021766e-19    -9.156439e-20    4.4547817e-19             1982                1
     -0.000993339    3.3651257e-05     0.0059162872     0.0012942544     0.0080454275    -0.0021911175    9.1093825e-31   -1.6021766e-19    -9.156439e-20    4.4547817e-19             2672                1
     0.0032443311     4.847283e-05      0.012739993    -0.0028341755    -0.0071764751     0.0048478409    9.1093825e-31   -1.6021766e-19    -9.156439e-20    4.4547817e-19             2515                1
   -0.00049595465    9.0757174e-05    -0.0082460809      0.007356483    -0.0050184941    -0.0026700678    9.1093825e-31   -1.6021766e-19    -9.156439e-20    4.4547817e-19             2726                1
    -0.0016794605    2.6144811e-05      0.010664964    -0.0018983929     0.0067375954     0.0019037802    9.1093825e-31   -1.6021766e-19    -9.156439e-20    4.4547817e-19             2689                1
     0.0019189044    6.3321953e-05     -0.012657734     0.0011444088     -0.009909533    0.00058296957    9.1093825e-31   -1.6021766e-19    -9.156439e-20    4.4547817e-19             2683                1
    -0.0040644407    8.8195193e-05     -0.009692586    7.8627345e-06    -0.0049209762    3.4502893e-06    9.1093825e-31   -1.6021766e-19    -9.156439e-20    4.4547817e-19             2712                1
      0.000870077    9.2884493e-06     0.0060324473    0.00075983937     0.0043700184   -0.00022089136    9.1093825e-31   -1.6021766e-19    -9.156439e-20    4.4547817e-19             2713                1
    -0.0028679229    9.2599817e-05    -0.0056723743   -0.00078196969      0.010892142     0.0050500897    9.1093825e-31   -1.6021766e-19    -9.156439e-20    4.4547817e-19             2548                1
     0.0018168901    4.6515168e-05      0.010476342    -0.0034709643    -0.0072582862    0.00081913092    9.1093825e-31   -1.6021766e-19    -9.156439e-20    4.4547817e-19             2553                1
    0.00026970421    2.6861177e-05      0.012425812    -0.0010794724    -0.0095963338    -0.0017295278    9.1093825e-31   -1.6021766e-19    -9.156439e-20    4.4547817e-19             2554                1
     0.0017919809    1.7821252e-06       0.01052929    -0.0090529788    -0.0012524531    -0.0032310954    9.1093825e-31   -1.6021766e-19    -9.156439e-20    4.4547817e-19             2610                1
   -4.4616801e-05    6.1053972e-05     0.0037428234     0.0038010243     0.0093694357     0.0013280687    9.1093825e-31   -1.6021766e-19    -9.156439e-20    4.4547817e-19             2613                1
    -0.0032634079    1.0504067e-05     0.0062780813     0.0031370255     0.0018581155     0.0087739155    9.1093825e-31   -1.6021766e-19    -9.156439e-20    4.4547817e-19             2628                1
    -0.0035270159    7.6740922e-05     -0.010007542   -0.00064654509     -0.002604048    -0.0010156354    9.1093825e-31   -1.6021766e-19    -9.156439e-20    4.4547817e-19             2629                1
    -0.0015934978    8.7681983e-05     -0.012483698     0.0015522913    -0.0020866329    0.00095973746    9.1093825e-31   -1.6021766e-19    -9.156439e-20    4.4547817e-19             2637                1
    0.00036544635    6.8003843e-05     -0.008737145    0.00043725679    -0.0038789206    -0.0013438168    9.1093825e-31   -1.6021766e-19    -9.156439e-20    4.4547817e-19             2640                1
     0.0013160874    4.4675202e-05     0.0024498713     0.0010240248      0.008731124    0.00015113354    9.1093825e-31   -1.6021766e-19    -9.156439e-20    4.4547817e-19             2641                1
     0.0017504341     4.504708e-05     0.0069281803    0.00029672863      0.012062118     0.0010494759    9.1093825e-31   -1.6021766e-19    -9.156439e-20    4.4547817e-19             2682                1
     0.0017458763    3.6993842e-07      0.012181679   -0.00037090725   -0.00059733714   -0.00028044888    9.1093825e-31   -1.6021766e-19    -9.156439e-20    4.4547817e-19             2686                1
       0.00174983    1.9614241e-05      0.012184849    0.00070718868     0.0046568005    0.00058244891    9.1093825e-31   -1.6021766e-19    -9.156439e-20    4.4547817e-19             2687                1
    0.00021317329    1.7946249e-05      0.012410138    7.0735274e-05      0.009784366    0.00011827225    9.1093825e-31   -1.6021766e-19    -9.156439e-20    4.4547817e-19             2722                1
    0.00021277508    7.8314933e-08      0.012409885   -0.00015257383   -0.00024306242   -2.1545422e-05    9.1093825e-31   -1.6021766e-19    -9.156439e-20    4.4547817e-19             2723                1
    -0.0011533537    1.2458539e-05     0.0061508683   -0.00022882772     0.0077404515   -0.00055433414    9.1093825e-31   -1.6021766e-19    -9.156439e-20    4.4547817e-19             2727                1
      0.004133305    9.3885254e-05    -0.0087271268    0.00023382515    -0.0055773598     0.0031861481    9.1093825e-31   -1.6021766e-19    -9.156439e-20    4.4547817e-19             2745                1
    -0.0035375676    9.9306526e-05     -0.009960114    0.00088003837    -0.0070050382     0.0015742342    9.1093825e-31   -1.6021766e-19    -9.156439e-20    4.4547817e-19             2767                1
    -0.0019987265    2.2638577e-07     0.0044960803    -0.0015424144     0.0022867338   -0.00030095712    9.1093825e-31   -1.6021766e-19    -9.156439e-20    4.4547817e-19             2768                1
