%  ASCII export : 
%
%  Momentum is normalized to the product of particle's mass and speed of light.
%  All other quantities are in SI units.
%
%            posX             posY             posZ             momX             momY             momZ             mass           charge     macro-charge             time       particleID         sourceID

     -0.001318671    8.2958526e-05     -0.012528044     0.0048128287    -0.0018559427     0.0028436505    9.1093825e-31   -1.6021766e-19    -9.156439e-20    3.5466535e-19             2186                1
   -0.00087289454    8.9162841e-06     0.0058395695    0.00044892426     0.0067432108   -0.00015348682    9.1093825e-31   -1.6021766e-19    -9.156439e-20    3.5466535e-19             2284                1
    -0.0089490684    5.1447741e-06    -0.0088824555     0.0015366084   -0.00046056262   -0.00056529226    9.1093825e-31   -1.6021766e-19    -9.156439e-20    3.5466535e-19                5                0
    -0.0026013199    1.6006832e-05    7.3025236e-05   -0.00029128685    -6.267467e-05   -0.00056384213    9.1093825e-31   -1.6021766e-19    -9.156439e-20    3.5466535e-19              348                0
    -0.0092389407    2.1591508e-05    -0.0044495836     0.0020712942   -0.00045417779    0.00085978536    9.1093825e-31   -1.6021766e-19    -9.156439e-20    3.5466535e-19             1002                1
    -0.0014628007    9.1665082e-05    -0.0085390825     0.0057897568    -0.0032937748     0.0041729757    9.1093825e-31   -1.6021766e-19    -9.156439e-20    3.5466535e-19             2273                1
    -0.0063326736    9.4797761e-06     0.0040034731    5.4982313e-05    -0.0011746049    2.9651632e-05    9.1093825e-31   -1.6021766e-19    -9.156439e-20    3.5466535e-19              997                0
   -0.00066054903    5.8364636e-05     -0.012168975    0.00042916593     0.0027804927    -0.0011825262    9.1093825e-31   -1.6021766e-19    -9.156439e-20    3.5466535e-19               55                0
     0.0063544344    1.5645344e-05      0.014299953   -0.00055228313    -0.0016068768    0.00091702677    9.1093825e-31   -1.6021766e-19    -9.156439e-20    3.5466535e-19              171                0
     0.0018421218    1.2599535e-05       0.01052808     0.0011980106     0.0022959108    -0.0041751228    9.1093825e-31   -1.6021766e-19    -9.156439e-20    3.5466535e-19             2238                1
     0.0044332854    2.7035368e-05     0.0052685491   -0.00056527153    -0.0018330339   -0.00038391066    9.1093825e-31   -1.6021766e-19    -9.156439e-20    3.5466535e-19              154                0
     0.0065610348    7.5078817e-05     -0.013358257     0.0014234573     0.0013309346     0.0013951316    9.1093825e-31   -1.6021766e-19    -9.156439e-20    3.5466535e-19              488                0
    -0.0024504256    5.9549326e-05     -0.014826767    -0.0012159954      0.001705748    0.00063276442    9.1093825e-31   -1.6021766e-19    -9.156439e-20    3.5466535e-19               27                0
    -0.0006762807    8.5730309e-05    -0.0080670668     0.0057617417     0.0096292421    -0.0022791624    9.1093825e-31   -1.6021766e-19    -9.156439e-20    3.5466535e-19             2084                1
     0.0047799577    8.5165584e-06    -0.0018227751    -0.0030167447    -0.0031079683    -0.0039321021    9.1093825e-31   -1.6021766e-19    -9.156439e-20    3.5466535e-19             2038                1
     0.0013258008    1.1495253e-05      0.011346608    -0.0027568764     0.0039757499    0.00050077878    9.1093825e-31   -1.6021766e-19    -9.156439e-20    3.5466535e-19             2267                1
     0.0080886465    1.8974999e-05       0.01493353   -0.00069464976    -0.0010292359     0.0010857625    9.1093825e-31   -1.6021766e-19    -9.156439e-20    3.5466535e-19              986                0
     0.0079856496    9.2656746e-06     0.0085958308    -0.0021715404    -0.0012363726   -0.00020100904    9.1093825e-31   -1.6021766e-19    -9.156439e-20    3.5466535e-19              961                0
     0.0087378724    1.3460914e-05    0.00017293703     0.0020857407   -0.00023840729    0.00017315906    9.1093825e-31   -1.6021766e-19    -9.156439e-20    3.5466535e-19              386                0
    0.00040353133    9.1501119e-05     -0.008743247    -0.0027466353     0.0099158557     0.0033400857    9.1093825e-31   -1.6021766e-19    -9.156439e-20    3.5466535e-19             2090                1
    0.00080037152    2.7964556e-05     0.0011232481    0.00029556191      0.006626843     0.0025630931    9.1093825e-31   -1.6021766e-19    -9.156439e-20    3.5466535e-19             2217                1
   -0.00045538921    8.9542584e-05    -0.0026848018     0.0019380541      0.012224616    -0.0035998865    9.1093825e-31   -1.6021766e-19    -9.156439e-20    3.5466535e-19             2170                1
    -0.0052236938    6.1529674e-05     0.0089493841     0.0014751174    -0.0024085452   -0.00043735153    9.1093825e-31   -1.6021766e-19    -9.156439e-20    3.5466535e-19              355                0
     0.0076663559    3.7804952e-05        -0.011891   -0.00082709198    0.00063827744    0.00070920901    9.1093825e-31   -1.6021766e-19    -9.156439e-20    3.5466535e-19              451                0
     -0.006686362     8.423589e-06       0.01149388     0.0022709323    -0.0017231345    -0.0018203931    9.1093825e-31   -1.6021766e-19    -9.156439e-20    3.5466535e-19              716                0
    -0.0064210556    2.8377144e-05     -0.002023913   -0.00012146685    0.00065543957    0.00093323988    9.1093825e-31   -1.6021766e-19    -9.156439e-20    3.5466535e-19               32                0
   -0.00071572699    9.5671501e-05    -0.0083751893   -0.00087268976      0.010516521    -0.0003851424    9.1093825e-31   -1.6021766e-19    -9.156439e-20    3.5466535e-19             2116                1
     0.0082532922    2.7089991e-05    0.00063432963    -0.0016579429   -0.00010365211   -0.00062185968    9.1093825e-31   -1.6021766e-19    -9.156439e-20    3.5466535e-19              455                0
     -0.002114753    1.3399215e-05     0.0062860511   -0.00012246062     0.0054577119    -0.0013695676    9.1093825e-31   -1.6021766e-19    -9.156439e-20    3.5466535e-19             2269                1
   -0.00088955468    7.6522949e-05    -0.0028429229    0.00069773936      0.010409791   -0.00067076634    9.1093825e-31   -1.6021766e-19    -9.156439e-20    3.5466535e-19             2160                1
    -0.0035032632    3.3191809e-05     0.0025095958   -0.00074696582    -0.0045231679     0.0012013523    9.1093825e-31   -1.6021766e-19    -9.156439e-20    3.5466535e-19             2153                1
     0.0018798589    3.5871457e-05      0.010599332     -0.003287208     0.0086231399     0.0017975873    9.1093825e-31   -1.6021766e-19    -9.156439e-20    3.5466535e-19             2248                1
     0.0016195313    4.1687781e-05     0.0025565319     0.0061949105     0.0078708138     0.0032186734    9.1093825e-31   -1.6021766e-19    -9.156439e-20    3.5466535e-19             2206                1
     0.0019218739    7.0385257e-05      0.010729564    -0.0028541849   -0.00064283411    -0.0015584854    9.1093825e-31   -1.6021766e-19    -9.156439e-20    3.5466535e-19             1991                1
   -0.00018993791    8.1900536e-05    -0.0075311554    0.00022204465      0.010309643      0.002301666    9.1093825e-31   -1.6021766e-19    -9.156439e-20    3.5466535e-19             2150                1
    -0.0054712249    7.5244129e-06     0.0063749077     0.0014596046    -0.0018231146     0.0014972446    9.1093825e-31   -1.6021766e-19    -9.156439e-20    3.5466535e-19              902                0
   -0.00050154026    2.5559671e-05      0.009470446    0.00087855174    -0.0077679884    1.0152744e-05    9.1093825e-31   -1.6021766e-19    -9.156439e-20    3.5466535e-19             2012                1
    -0.0050498275    9.9443751e-05     -0.014939746   -0.00030833227     0.0016416524    -0.0025970556    9.1093825e-31   -1.6021766e-19    -9.156439e-20    3.5466535e-19              839                0
     0.0012593929    2.5794077e-05      0.011397937    4.4795157e-05     0.0050302916   -5.1325882e-05    9.1093825e-31   -1.6021766e-19    -9.156439e-20    3.5466535e-19             2241                1
    -0.0066222101    1.9832758e-05     0.0039188443     0.0030836437   -0.00089468353    -0.0015921146    9.1093825e-31   -1.6021766e-19    -9.156439e-20    3.5466535e-19              695                0
     0.0070298207    7.4303636e-05     0.0080681583     0.0009418219    0.00080460502    -0.0005553026    9.1093825e-31   -1.6021766e-19    -9.156439e-20    3.5466535e-19             1763                1
     0.0011991345    2.9475892e-05      0.013664441    -0.0046352926     -0.010187988     0.0087622115    9.1093825e-31   -1.6021766e-19    -9.156439e-20    3.5466535e-19             2171                1
     0.0065835565    5.3653683e-05    -0.0075973268     0.0022449843     0.0020264492     0.0016497161    9.1093825e-31   -1.6021766e-19    -9.156439e-20    3.5466535e-19                4                0
    -0.0031414123    1.6684721e-06     0.0023843495    -0.0010632814   -0.00083212269      0.002244401    9.1093825e-31   -1.6021766e-19    -9.156439e-20    3.5466535e-19              512                0
    -0.0044485321    9.2701004e-05      0.012073335    8.8413741e-05    -0.0014168611   -0.00014699616    9.1093825e-31   -1.6021766e-19    -9.156439e-20    3.5466535e-19             1316                1
     -0.006133833    2.0221045e-05     -0.012042237   -7.3660874e-07     0.0012966983    -0.0013668622    9.1093825e-31   -1.6021766e-19    -9.156439e-20    3.5466535e-19              385                0
     0.0025092813    2.4357187e-05      0.012237282    -0.0031050043     -0.009719491   -0.00035441006    9.1093825e-31   -1.6021766e-19    -9.156439e-20    3.5466535e-19             2156                1
     0.0004267928    5.3934749e-05    -0.0088282134     0.0042449362    -0.0079771383    -0.0029071763    9.1093825e-31   -1.6021766e-19    -9.156439e-20    3.5466535e-19             2227                1
    0.00015447923    9.2590904e-05     -0.005880814    -0.0039712121    -0.0059953574    -0.0044713984    9.1093825e-31   -1.6021766e-19    -9.156439e-20    3.5466535e-19             2286                1
    -0.0051396494    7.8214711e-05     0.0061296853     -0.001083747    -0.0013968616     0.0012489548    9.1093825e-31   -1.6021766e-19    -9.156439e-20    3.5466535e-19              895                0
     0.0030960389    7.5984884e-05    -0.0043558795    0.00012095182      0.011362841     0.0020977678    9.1093825e-31   -1.6021766e-19    -9.156439e-20    3.5466535e-19             2180                1
     0.0061168643    2.1334497e-05     0.0048343469    -0.0011042872    -0.0010853858    0.00066372915    9.1093825e-31   -1.6021766e-19    -9.156439e-20    3.5466535e-19              751                0
     0.0014962271    7.4266944e-05     -0.012920496    -0.0075835567    -0.0034172086    -0.0029388608    9.1093825e-31   -1.6021766e-19    -9.156439e-20    3.5466535e-19             2190                1
   -0.00058554369    6.7486413e-05    -0.0025485684    -0.0026834663     0.0090918345   -0.00066821981    9.1093825e-31   -1.6021766e-19    -9.156439e-20    3.5466535e-19             2143                1
      0.001901178    9.1631824e-05     -0.012571919    -0.0050342903     0.0082530985     0.0013602085    9.1093825e-31   -1.6021766e-19    -9.156439e-20    3.5466535e-19             2117                1
    -0.0073854234    6.7129491e-05    -0.0070768902    -0.0011647145     0.0010184544    -0.0026719465    9.1093825e-31   -1.6021766e-19    -9.156439e-20    3.5466535e-19              532                0
     0.0055345814    6.9064474e-05      0.011534728     0.0017041834    -0.0045371279    -0.0013445022    9.1093825e-31   -1.6021766e-19    -9.156439e-20    3.5466535e-19             2103                1
     0.0055038189    5.1779407e-06      0.010675439   -0.00014364228     0.0020685133   -9.3242081e-05    9.1093825e-31   -1.6021766e-19    -9.156439e-20    3.5466535e-19             2272                1
    -0.0013573825     8.801042e-05    -0.0079817995    -0.0025837896    -0.0055300076    -0.0028889577    9.1093825e-31   -1.6021766e-19    -9.156439e-20    3.5466535e-19             2277                1
      0.002564407    7.7015931e-05      0.012230928     0.0052037905    -0.0050478247     0.0020009673    9.1093825e-31   -1.6021766e-19    -9.156439e-20    3.5466535e-19             2210                1
   -0.00090208312    9.5737116e-05    -0.0057484908     0.0032068626   -0.00011695225       0.00520691    9.1093825e-31   -1.6021766e-19    -9.156439e-20    3.5466535e-19             2253                1
    -0.0016777022    2.3301465e-05      0.010758772    -0.0056451531    -0.0090593658     0.0076097157    9.1093825e-31   -1.6021766e-19    -9.156439e-20    3.5466535e-19             2128                1
      0.004335891      7.21779e-05    -0.0086073494     0.0028378114     0.0077419928     0.0019153118    9.1093825e-31   -1.6021766e-19    -9.156439e-20    3.5466535e-19             2096                1
     0.0016187973    9.3639261e-05     -0.012983659     0.0028565731    -0.0073071844   -0.00036652465    9.1093825e-31   -1.6021766e-19    -9.156439e-20    3.5466535e-19             2290                1
     0.0011460844    9.7454453e-05     -0.009555365     0.0011774163    -0.0036842781    -0.0020332695    9.1093825e-31   -1.6021766e-19    -9.156439e-20    3.5466535e-19             2294                1
      0.001621159    5.4071355e-05    -0.0030150914     0.0017608202     0.0087049427    0.00028354448    9.1093825e-31   -1.6021766e-19    -9.156439e-20    3.5466535e-19             2173                1
     0.0061866064    9.2127579e-05     -0.014226535     0.0010423432     0.0019056024   -0.00096778007    9.1093825e-31   -1.6021766e-19    -9.156439e-20    3.5466535e-19              365                0
     0.0010865518    4.4752163e-05     0.0028090349    -0.0013114965     0.0085677262    0.00017342786    9.1093825e-31   -1.6021766e-19    -9.156439e-20    3.5466535e-19             2213                1
     0.0010848813    7.4382001e-06     0.0028526993   -0.00088338292    -0.0055118566     0.0018873618    9.1093825e-31   -1.6021766e-19    -9.156439e-20    3.5466535e-19             2085                1
     -0.008286274    5.5191224e-05        0.0146373    6.9025933e-05   -0.00025622238      0.001215746    9.1093825e-31   -1.6021766e-19    -9.156439e-20    3.5466535e-19              719                0
     -0.009063418    4.6785131e-05     0.0023898708   -0.00066134142   -0.00049607479     0.0014006996    9.1093825e-31   -1.6021766e-19    -9.156439e-20    3.5466535e-19              874                0
     0.0010225185     5.796635e-05      0.005991505     0.0011272001       0.01148441    -0.0026036769    9.1093825e-31   -1.6021766e-19    -9.156439e-20    3.5466535e-19             2222                1
    -0.0052538388    5.1872146e-05       0.01374261    -0.0029673723    -0.0074190754    -0.0034442246    9.1093825e-31   -1.6021766e-19    -9.156439e-20    3.5466535e-19             2181                1
    -0.0042569223    5.6360012e-05     0.0060264356     0.0015854556    -0.0019910762   -0.00078304013    9.1093825e-31   -1.6021766e-19    -9.156439e-20    3.5466535e-19              628                0
     0.0065896269    2.1622698e-05     0.0056906189     0.0004522111    -0.0017984175   -0.00062738033    9.1093825e-31   -1.6021766e-19    -9.156439e-20    3.5466535e-19              420                0
     0.0013409834      4.37946e-05    -0.0033976694   -0.00059846824     0.0082051316     0.0012483178    9.1093825e-31   -1.6021766e-19    -9.156439e-20    3.5466535e-19             2187                1
   -9.7770448e-05    4.0524024e-05     0.0036969283   -0.00067082699      0.006568036    -0.0015057955    9.1093825e-31   -1.6021766e-19    -9.156439e-20    3.5466535e-19             2191                1
     0.0017975299    1.7943429e-06      0.012160192    -0.0014054823     0.0060207387    -0.0003913214    9.1093825e-31   -1.6021766e-19    -9.156439e-20    3.5466535e-19             2300                1
      0.007288984    7.4142998e-05     0.0059446329   -0.00062321022    -0.0009537224     0.0019553399    9.1093825e-31   -1.6021766e-19    -9.156439e-20    3.5466535e-19              828                0
    -0.0066659595    8.1740938e-05    -0.0032101341     0.0011250947     0.0016055581    0.00097714923    9.1093825e-31   -1.6021766e-19    -9.156439e-20    3.5466535e-19              984                0
    -0.0035959831     2.596487e-05    -0.0013774238     0.0041097039    -0.0017853588     0.0059568719    9.1093825e-31   -1.6021766e-19    -9.156439e-20    3.5466535e-19             1938                1
    -0.0016572436    2.9956565e-05      0.010731585    -0.0015770483     0.0085533988     0.0018555257    9.1093825e-31   -1.6021766e-19    -9.156439e-20    3.5466535e-19             2262                1
     0.0052965889     3.095292e-05     0.0064318315     0.0011033299    -0.0021013152   -0.00040086851    9.1093825e-31   -1.6021766e-19    -9.156439e-20    3.5466535e-19              580                0
     0.0028770952    4.7410478e-05    -0.0069992743    -0.0042372732     0.0071993209     0.0023290692    9.1093825e-31   -1.6021766e-19    -9.156439e-20    3.5466535e-19             2152                1
     0.0083821788    5.0119368e-05     -0.012681056    -0.0022288179    0.00093750207     0.0022225389    9.1093825e-31   -1.6021766e-19    -9.156439e-20    3.5466535e-19              586                0
    -0.0016579761    8.6623644e-05     -0.011173827     0.0009411028    -0.0018340579   -9.5652103e-05    9.1093825e-31   -1.6021766e-19    -9.156439e-20    3.5466535e-19             2214                1
    -0.0050529134    5.0286504e-05    -0.0051943613     0.0010407817     0.0020744542   -0.00094569143    9.1093825e-31   -1.6021766e-19    -9.156439e-20    3.5466535e-19              660                0
     0.0013962524    3.0211593e-05      0.011447588    -0.0018218315     0.0074464949    0.00020428847    9.1093825e-31   -1.6021766e-19    -9.156439e-20    3.5466535e-19             2254                1
    -0.0077707791    3.4714725e-05      0.010987856    0.00062123389    -0.0011078421     0.0015235565    9.1093825e-31   -1.6021766e-19    -9.156439e-20    3.5466535e-19              652                0
     0.0025614591    1.6673539e-05    0.00042632798    -0.0030494642    -0.0032819875    -0.0018517642    9.1093825e-31   -1.6021766e-19    -9.156439e-20    3.5466535e-19             2051                1
    -0.0014803228    7.1893832e-05    -0.0066338298    0.00029250595     0.0097241029     0.0051807417    9.1093825e-31   -1.6021766e-19    -9.156439e-20    3.5466535e-19             2157                1
    -0.0090669747    2.8062802e-06     0.0015239131    -0.0022101796   -0.00035533201    0.00013323595    9.1093825e-31   -1.6021766e-19    -9.156439e-20    3.5466535e-19              760                0
    -0.0022165969    1.8578856e-05     0.0029491803    -0.0009067569     0.0050625657    0.00094427483    9.1093825e-31   -1.6021766e-19    -9.156439e-20    3.5466535e-19             2231                1
     0.0047257352    8.0786747e-05    -0.0034431003    -0.0031341207     0.0090425722     0.0018257468    9.1093825e-31   -1.6021766e-19    -9.156439e-20    3.5466535e-19             2139                1
    -0.0036627389    5.6326597e-05      -0.01434129   -0.00048622905     0.0045512142    -0.0005883862    9.1093825e-31   -1.6021766e-19    -9.156439e-20    3.5466535e-19             2112                1
     0.0058545824    9.7014272e-05    -0.0074947956   -0.00012010543     0.0025671436   -0.00093458249    9.1093825e-31   -1.6021766e-19    -9.156439e-20    3.5466535e-19              840                0
     0.0029677812    3.3338823e-05     -0.005639832    -0.0017236831     0.0023571316    1.3394814e-05    9.1093825e-31   -1.6021766e-19    -9.156439e-20    3.5466535e-19              860                0
   -0.00094761082    6.2976374e-05    -0.0064018802    -0.0016047161     0.0049764672   -0.00035903315    9.1093825e-31   -1.6021766e-19    -9.156439e-20    3.5466535e-19             1859                1
    -0.0032561587    4.2864696e-05     -0.012513883   -0.00086443784     0.0023436625    -0.0015399915    9.1093825e-31   -1.6021766e-19    -9.156439e-20    3.5466535e-19              900                0
    -0.0065160585    2.5668927e-05    -0.0087854397     0.0009207644     0.0016891886    -0.0013273063    9.1093825e-31   -1.6021766e-19    -9.156439e-20    3.5466535e-19              132                0
     0.0089587495    4.1510139e-05      0.013155234     0.0016579344     0.0013174845    -0.0014218219    9.1093825e-31   -1.6021766e-19    -9.156439e-20    3.5466535e-19             1962                1
    -0.0072789351    5.6282635e-05    -0.0026740967    0.00062502461     0.0012991952    0.00067860784    9.1093825e-31   -1.6021766e-19    -9.156439e-20    3.5466535e-19             1012                1
    -0.0037486409    1.4298547e-05    0.00045753206    -0.0013338346    -0.0002413293     0.0026012161    9.1093825e-31   -1.6021766e-19    -9.156439e-20    3.5466535e-19              893                0
      0.007612871    4.6047284e-05     -0.013006106     0.0023772104    0.00095838401    -0.0017000656    9.1093825e-31   -1.6021766e-19    -9.156439e-20    3.5466535e-19              311                0
    -0.0069854534     1.990324e-05    -0.0077674962     -0.001289485     0.0010431858    0.00055306422    9.1093825e-31   -1.6021766e-19    -9.156439e-20    3.5466535e-19              791                0
     0.0021917832    3.7661433e-05     -0.014758708    0.00060765666    -0.0089740725    2.2125273e-06    9.1093825e-31   -1.6021766e-19    -9.156439e-20    3.5466535e-19             2193                1
    0.00078007381    4.9314243e-05     0.0097354474     0.0061081583     0.0055242218     0.0010763628    9.1093825e-31   -1.6021766e-19    -9.156439e-20    3.5466535e-19             2194                1
    6.5406584e-06      2.96293e-05      0.003802357    -0.0047989152     0.0093075074    0.00021156386    9.1093825e-31   -1.6021766e-19    -9.156439e-20    3.5466535e-19             2258                1
     0.0020506007    9.6544309e-06        0.0146447       0.00043406      0.004968062    0.00013851427    9.1093825e-31   -1.6021766e-19    -9.156439e-20    3.5466535e-19             2278                1
     -0.006205068    7.5176881e-06     0.0028783351    2.8814198e-05   -0.00070878287   -0.00011906622    9.1093825e-31   -1.6021766e-19    -9.156439e-20    3.5466535e-19              677                0
     0.0011748056    1.4148106e-06      0.013613961   -0.00023043928     0.0019203124   -0.00097654137    9.1093825e-31   -1.6021766e-19    -9.156439e-20    3.5466535e-19             2295                1
     -0.008465033    7.0723618e-05    -0.0047940733     0.0003300659    0.00089464127    -0.0001123232    9.1093825e-31   -1.6021766e-19    -9.156439e-20    3.5466535e-19              210                0
   -0.00073794444    6.7590219e-05    -0.0059042526     0.0073239226      0.008249823     0.0017272229    9.1093825e-31   -1.6021766e-19    -9.156439e-20    3.5466535e-19             2054                1
     0.0079119392    5.4186923e-05     0.0084521929   -0.00031389872   -0.00086359231     0.0012623264    9.1093825e-31   -1.6021766e-19    -9.156439e-20    3.5466535e-19              254                0
      0.005882767    5.5067296e-05     0.0044485312   -0.00062734773    -0.0012403427   -0.00088095473    9.1093825e-31   -1.6021766e-19    -9.156439e-20    3.5466535e-19              270                0
    -0.0010617774    5.1573526e-05     0.0060834959   -0.00015920938     0.0076958472     0.0003883304    9.1093825e-31   -1.6021766e-19    -9.156439e-20    3.5466535e-19             2196                1
   -0.00098074274    1.0232456e-05     0.0058883941    -0.0016007713     0.0034924475     0.0056764092    9.1093825e-31   -1.6021766e-19    -9.156439e-20    3.5466535e-19             2257                1
     0.0010956044    3.6338628e-05     0.0060308105    0.00059970486      0.008790697   -0.00055636285    9.1093825e-31   -1.6021766e-19    -9.156439e-20    3.5466535e-19             2236                1
    -0.0017149716    9.6941905e-05     -0.011123993    -0.0046945508     0.0088453731      0.003217357    9.1093825e-31   -1.6021766e-19    -9.156439e-20    3.5466535e-19             2053                1
     -0.007565408    6.4755935e-05     -0.012170748    -0.0011540668     0.0015171684    -0.0012037172    9.1093825e-31   -1.6021766e-19    -9.156439e-20    3.5466535e-19              673                0
    -0.0021080871    8.2125889e-06     0.0062937555     0.0023708846     0.0035152836     0.0015121652    9.1093825e-31   -1.6021766e-19    -9.156439e-20    3.5466535e-19             2270                1
     0.0085300095    1.3700435e-05      0.010215716     0.0002660648   -0.00073347654   -9.2185575e-05    9.1093825e-31   -1.6021766e-19    -9.156439e-20    3.5466535e-19              410                0
     -0.001105299    3.7421294e-05     0.0058949329    -0.0025506972     0.0090691196    -0.0030312764    9.1093825e-31   -1.6021766e-19    -9.156439e-20    3.5466535e-19             2239                1
     -0.001078343    2.0447813e-05      0.006082945    -0.0024846364     0.0033297529    0.00030957416    9.1093825e-31   -1.6021766e-19    -9.156439e-20    3.5466535e-19             2197                1
     0.0010310175    3.3067703e-05     0.0059882449     0.0040083411     0.0064910315    -0.0021759414    9.1093825e-31   -1.6021766e-19    -9.156439e-20    3.5466535e-19             2220                1
   -0.00078334159    6.5738692e-05     -0.002818438    0.00045985787     0.0087138675    0.00052725681    9.1093825e-31   -1.6021766e-19    -9.156439e-20    3.5466535e-19             2131                1
     0.0033679497    8.2941057e-07      0.012610457    -0.0019432093     -0.010994781    -0.0062195756    9.1093825e-31   -1.6021766e-19    -9.156439e-20    3.5466535e-19             2138                1
    -0.0094222184    9.2825088e-05    -0.0066476027    0.00039927184    0.00038793182    0.00041481553    9.1093825e-31   -1.6021766e-19    -9.156439e-20    3.5466535e-19              192                0
     0.0018394499    2.4259791e-05      0.010546468    0.00059735018     0.0049114912   -4.8680664e-05    9.1093825e-31   -1.6021766e-19    -9.156439e-20    3.5466535e-19             2237                1
     0.0013840265    9.1601541e-05    -0.0088608265     0.0064564552     -0.005588884     0.0033789768    9.1093825e-31   -1.6021766e-19    -9.156439e-20    3.5466535e-19             2280                1
   -0.00061830186    9.3256574e-05    -0.0077181654    0.00093509606    -0.0055542039   -0.00067614671    9.1093825e-31   -1.6021766e-19    -9.156439e-20    3.5466535e-19             2285                1
     0.0035062004    1.8990007e-05     0.0033451293      0.001181194    -0.0013432864     0.0021969762    9.1093825e-31   -1.6021766e-19    -9.156439e-20    3.5466535e-19              991                0
    -0.0019627337    1.6069722e-05     0.0045326636    -0.0013203091    -0.0024716631    -0.0013496521    9.1093825e-31   -1.6021766e-19    -9.156439e-20    3.5466535e-19              630                0
     -0.009183554    2.2675435e-05    -0.0019213203     0.0011777346    2.5726416e-05   -0.00095280696    9.1093825e-31   -1.6021766e-19    -9.156439e-20    3.5466535e-19              212                0
     0.0084346617    1.5392428e-05     0.0015718603    0.00022397657   -0.00024281009   -0.00083007873    9.1093825e-31   -1.6021766e-19    -9.156439e-20    3.5466535e-19              525                0
     0.0092476867    1.0906595e-05    -0.0091778459     0.0011378094    0.00034137108    -0.0014043786    9.1093825e-31   -1.6021766e-19    -9.156439e-20    3.5466535e-19              690                0
     0.0013828719    8.7060958e-05    -0.0088593522     0.0056787464    -0.0086467275     0.0043720622    9.1093825e-31   -1.6021766e-19    -9.156439e-20    3.5466535e-19             2281                1
    8.5412299e-05    7.9893485e-05    -0.0013068714    -0.0058609396       0.01038357    -0.0029225035    9.1093825e-31   -1.6021766e-19    -9.156439e-20    3.5466535e-19             2159                1
    -0.0087176748    5.4603486e-05     -0.001216386    0.00091086025    -0.0001910258    0.00099259219    9.1093825e-31   -1.6021766e-19    -9.156439e-20    3.5466535e-19              750                0
     0.0025247904    7.1926006e-05    -0.0077906661    7.9282763e-05      0.010421857    7.7389159e-05    9.1093825e-31   -1.6021766e-19    -9.156439e-20    3.5466535e-19             2182                1
    -0.0014718628    8.8674125e-05    -0.0085327188     0.0019757817     -0.004553102      0.006851315    9.1093825e-31   -1.6021766e-19    -9.156439e-20    3.5466535e-19             2274                1
    -0.0030913495    4.5727764e-05    -0.0016968816     -0.002108831     0.0072479099    -0.0019536936    9.1093825e-31   -1.6021766e-19    -9.156439e-20    3.5466535e-19             2163                1
    -0.0074251257    7.2260802e-05    -0.0013871769     0.0028596241    0.00090497651   -0.00085119804    9.1093825e-31   -1.6021766e-19    -9.156439e-20    3.5466535e-19              257                0
    -0.0056583872    3.7516831e-05     0.0058323257    -0.0011153703    -0.0013982564     0.0010287878    9.1093825e-31   -1.6021766e-19    -9.156439e-20    3.5466535e-19              220                0
    -0.0043237535    5.4133685e-05     -0.012365157     0.0049708821     0.0056881029    2.3397484e-05    9.1093825e-31   -1.6021766e-19    -9.156439e-20    3.5466535e-19             2161                1
      0.006366665    3.6901863e-05    -0.0084908232    -0.0027367859     0.0019115241   -0.00053855497    9.1093825e-31   -1.6021766e-19    -9.156439e-20    3.5466535e-19              931                0
    -0.0026527117    2.0858126e-05    -0.0080766212    0.00014998634     0.0027521707    0.00087161129    9.1093825e-31   -1.6021766e-19    -9.156439e-20    3.5466535e-19              217                0
    -0.0034749513    9.0992609e-05    -0.0099494392    0.00041518972    -0.0026661383     0.0013741691    9.1093825e-31   -1.6021766e-19    -9.156439e-20    3.5466535e-19             2265                1
    0.00040628389    8.3479747e-05    -0.0088152587    0.00033653798    -0.0023440747   -0.00043502991    9.1093825e-31   -1.6021766e-19    -9.156439e-20    3.5466535e-19             2226                1
      -0.00518711    8.3307379e-05     -0.014066309    0.00089378032      0.006022444   -0.00097662269    9.1093825e-31   -1.6021766e-19    -9.156439e-20    3.5466535e-19             2057                1
     0.0048441081    6.7347819e-06     0.0072368169    0.00023427152    -0.0027519264     0.0030167263    9.1093825e-31   -1.6021766e-19    -9.156439e-20    3.5466535e-19               18                0
     0.0059277015    9.5260029e-06    -0.0029767535    -0.0011187502     0.0011862238    -0.0022770935    9.1093825e-31   -1.6021766e-19    -9.156439e-20    3.5466535e-19              256                0
    -0.0017562861       4.3884e-05     0.0019141318    -0.0075770528     0.0078245439     0.0078846151    9.1093825e-31   -1.6021766e-19    -9.156439e-20    3.5466535e-19             2195                1
     0.0016477586    4.8644171e-07      0.011480222     0.0050191255      -0.01070812     0.0013751363    9.1093825e-31   -1.6021766e-19    -9.156439e-20    3.5466535e-19             2109                1
     0.0030103379    2.7594297e-05      0.014324633    0.00085374271     0.0053435708     0.0017502358    9.1093825e-31   -1.6021766e-19    -9.156439e-20    3.5466535e-19             2243                1
     0.0023201557    1.5637117e-05    -0.0091902893    -0.0050587468    0.00012792819    -0.0012730516    9.1093825e-31   -1.6021766e-19    -9.156439e-20    3.5466535e-19             1852                1
     0.0032666081    1.1013392e-05       0.01269961    -0.0058087907    -0.0087412903    0.00050666055    9.1093825e-31   -1.6021766e-19    -9.156439e-20    3.5466535e-19             2040                1
   -0.00096346741    8.7182656e-05    -0.0084761148    -0.0024083182     0.0096091125    -0.0035039859    9.1093825e-31   -1.6021766e-19    -9.156439e-20    3.5466535e-19             2082                1
     0.0092778904    4.5727971e-05    0.00091466203     0.0014110692   -0.00032453972   -0.00017851719    9.1093825e-31   -1.6021766e-19    -9.156439e-20    3.5466535e-19              637                0
     -0.002398967     8.400419e-05    -0.0021695476     0.0070632165      0.009603343    -0.0017430792    9.1093825e-31   -1.6021766e-19    -9.156439e-20    3.5466535e-19             2129                1
     0.0016476436    9.5451054e-05     -0.014430761    -0.0029880172     0.0025764953   -0.00041245404    9.1093825e-31   -1.6021766e-19    -9.156439e-20    3.5466535e-19              983                0
     0.0047190096     5.956813e-05     0.0021592446   -0.00071442837   -0.00034431656     0.0011518958    9.1093825e-31   -1.6021766e-19    -9.156439e-20    3.5466535e-19              229                0
    -0.0035124954    7.5354292e-05     -0.010005325   -0.00044922307    -0.0074631614     0.0010500466    9.1093825e-31   -1.6021766e-19    -9.156439e-20    3.5466535e-19             2264                1
    -0.0085616652     5.563613e-05    -0.0014592584     0.0008113868   -0.00011527134   -0.00040311823    9.1093825e-31   -1.6021766e-19    -9.156439e-20    3.5466535e-19              894                0
    0.00045188249    4.4392749e-05      0.012900383    0.00011483931    -0.0098615233     0.0010180718    9.1093825e-31   -1.6021766e-19    -9.156439e-20    3.5466535e-19             2198                1
     0.0079031643    5.2307783e-05    -0.0031456023     0.0016543957    0.00019018643     0.0023100022    9.1093825e-31   -1.6021766e-19    -9.156439e-20    3.5466535e-19              309                0
     -0.008942835    5.5286557e-05      0.011219949   -0.00022832118   -0.00025698129    -0.0006047067    9.1093825e-31   -1.6021766e-19    -9.156439e-20    3.5466535e-19              329                0
     0.0076001086    9.0623136e-05     -0.014074529    -0.0028869254     0.0015519272     0.0013582003    9.1093825e-31   -1.6021766e-19    -9.156439e-20    3.5466535e-19              349                0
     0.0090475632    5.9856302e-05     0.0079419166    -0.0010129117   -0.00034502917     0.0016580846    9.1093825e-31   -1.6021766e-19    -9.156439e-20    3.5466535e-19              369                0
    -0.0050742314    2.2852935e-05     -0.010817952     -0.003366784    -0.0010880886    -0.0031950886    9.1093825e-31   -1.6021766e-19    -9.156439e-20    3.5466535e-19             1993                1
     0.0010518351     7.321882e-05    -0.0095406687    -0.0056842808     0.0080795912     0.0011245022    9.1093825e-31   -1.6021766e-19    -9.156439e-20    3.5466535e-19             2041                1
    -0.0022126758    5.0583065e-05     0.0071945977     0.0020366039    -0.0023705577    0.00015892074    9.1093825e-31   -1.6021766e-19    -9.156439e-20    3.5466535e-19              632                0
    0.00013365973     9.725392e-05    -0.0012356676   -5.7625944e-05    0.00086980237    2.9535482e-05    9.1093825e-31   -1.6021766e-19    -9.156439e-20    3.5466535e-19             2246                1
     0.0014727825     2.626149e-05      0.011499072    -0.0072561367    -0.0089280372     0.0026928489    9.1093825e-31   -1.6021766e-19    -9.156439e-20    3.5466535e-19             2110                1
    0.00068550545    2.8549321e-06     0.0097347936    -0.0013181033    -0.0094519705   -0.00036316429    9.1093825e-31   -1.6021766e-19    -9.156439e-20    3.5466535e-19             2046                1
     0.0033737214    1.4379156e-05      0.012720459    -0.0010451456    -0.0092794448      0.001728253    9.1093825e-31   -1.6021766e-19    -9.156439e-20    3.5466535e-19             2092                1
     0.0073280148    3.5960038e-05    0.00087093975     -0.001542965    0.00029109861   -0.00085200911    9.1093825e-31   -1.6021766e-19    -9.156439e-20    3.5466535e-19              476                0
    -0.0049226279     4.400099e-05     -0.012748046     0.0013452219     0.0021886211    -0.0016444417    9.1093825e-31   -1.6021766e-19    -9.156439e-20    3.5466535e-19              549                0
    -0.0010212145    8.0780788e-05      0.010186909     0.0026255243    -0.0033675334    0.00071951776    9.1093825e-31   -1.6021766e-19    -9.156439e-20    3.5466535e-19              569                0
    -0.0034202517    8.8900975e-05    -0.0099075055   -6.9831302e-05     0.0079955598   -0.00049000938    9.1093825e-31   -1.6021766e-19    -9.156439e-20    3.5466535e-19             2019                1
       0.00103621    2.3151701e-05     0.0059958836     0.0036897303     0.0049707266    -0.0017874414    9.1093825e-31   -1.6021766e-19    -9.156439e-20    3.5466535e-19             2223                1
      0.009497216    8.2442719e-05     -0.014500672   -9.2391114e-05     0.0005651979     0.0020946257    9.1093825e-31   -1.6021766e-19    -9.156439e-20    3.5466535e-19              922                0
    -0.0011733612    3.3573739e-05     -0.012410929    -0.0023377216     0.0026120588   -0.00037928822    9.1093825e-31   -1.6021766e-19    -9.156439e-20    3.5466535e-19              649                0
    -0.0078161368     4.770793e-05     0.0038663216     0.0011817622   -0.00051789585    0.00098681659    9.1093825e-31   -1.6021766e-19    -9.156439e-20    3.5466535e-19              934                0
   -0.00096913427    5.0279308e-05    -0.0058092396    -0.0014404539     0.0071294373    -0.0015061033    9.1093825e-31   -1.6021766e-19    -9.156439e-20    3.5466535e-19             2047                1
     -0.004128953    9.9688827e-05    -0.0096836668    -0.0019909735     0.0093970317     -0.000208674    9.1093825e-31   -1.6021766e-19    -9.156439e-20    3.5466535e-19             2093                1
      0.002341293     5.843012e-05       0.01333818    0.00037580912    -0.0065022181    0.00071708148    9.1093825e-31   -1.6021766e-19    -9.156439e-20    3.5466535e-19             2061                1
    -0.0028695294    6.5480453e-05    -0.0057283975   -0.00030261773     0.0094193239    0.00026791095    9.1093825e-31   -1.6021766e-19    -9.156439e-20    3.5466535e-19             2169                1
   -7.2161884e-06    2.6051268e-05      0.013812683     0.0007871766    -0.0089475829     0.0010973612    9.1093825e-31   -1.6021766e-19    -9.156439e-20    3.5466535e-19             2069                1
    -0.0001126054     1.823208e-05     0.0035068737     0.0013429775     0.0030731447    -0.0028632621    9.1093825e-31   -1.6021766e-19    -9.156439e-20    3.5466535e-19             2172                1
     0.0054077017    2.8487108e-05     0.0020326974    0.00057102094   -0.00062111841     0.0025722722    9.1093825e-31   -1.6021766e-19    -9.156439e-20    3.5466535e-19               20                0
     0.0075645493    8.1083326e-06    -0.0099785337    0.00042296847    0.00051063648    -0.0008985048    9.1093825e-31   -1.6021766e-19    -9.156439e-20    3.5466535e-19              786                0
    -0.0088918349    9.3016162e-05    -0.0045726756   -0.00061393873    0.00063510565    0.00089887273    9.1093825e-31   -1.6021766e-19    -9.156439e-20    3.5466535e-19              849                0
     0.0078700092    6.0338575e-06     0.0028267929    -0.0010974499    -0.0010036557    1.7741217e-05    9.1093825e-31   -1.6021766e-19    -9.156439e-20    3.5466535e-19              869                0
     0.0086466437    7.7934608e-05     0.0039966782   -0.00071683881    0.00037139011    -0.0011708271    9.1093825e-31   -1.6021766e-19    -9.156439e-20    3.5466535e-19               36                0
   -5.7692185e-05    7.6371587e-05     0.0036556993     0.0011947696      0.010339181   -8.0698999e-05    9.1093825e-31   -1.6021766e-19    -9.156439e-20    3.5466535e-19             2183                1
     0.0020423108    5.3223295e-05      0.010706915     0.0049718907    -0.0073571019   -6.6427943e-05    9.1093825e-31   -1.6021766e-19    -9.156439e-20    3.5466535e-19             2188                1
   -7.0953014e-05    2.8162327e-05     0.0037573983     0.0027581048     0.0049652657     0.0062245969    9.1093825e-31   -1.6021766e-19    -9.156439e-20    3.5466535e-19             2192                1
     0.0060368776    7.1213901e-05      0.011911699   -0.00067726884    -0.0018513324     0.0020729266    9.1093825e-31   -1.6021766e-19    -9.156439e-20    3.5466535e-19              280                0
    -0.0047428524    2.1922246e-05    -0.0082184328    -0.0014512573     0.0018352186      0.001752147    9.1093825e-31   -1.6021766e-19    -9.156439e-20    3.5466535e-19              591                0
    -0.0093434937    8.3265739e-05     0.0025690924    0.00081148127     0.0003286362    0.00012260643    9.1093825e-31   -1.6021766e-19    -9.156439e-20    3.5466535e-19               44                0
      0.003358261    1.1698135e-06      0.009136091     0.0035692824     0.0059155286    -0.0028551184    9.1093825e-31   -1.6021766e-19    -9.156439e-20    3.5466535e-19             2302                1
    0.00037549602    8.8678637e-05    -0.0088018514   -0.00011122451     0.0096793044   -0.00035991368    9.1093825e-31   -1.6021766e-19    -9.156439e-20    3.5466535e-19             2087                1
     0.0028518273    5.0938022e-05     0.0099378349    0.00036121273    -0.0029149726   -0.00023420117    9.1093825e-31   -1.6021766e-19    -9.156439e-20    3.5466535e-19              177                0
   -0.00052362279    2.4120947e-05    -0.0025127493     0.0023603507     0.0055524088     0.0022407409    9.1093825e-31   -1.6021766e-19    -9.156439e-20    3.5466535e-19             2142                1
     0.0018963427    8.8637717e-06      0.010596751    0.00087770069     0.0018042945     0.0011478789    9.1093825e-31   -1.6021766e-19    -9.156439e-20    3.5466535e-19             2249                1
   -8.7671622e-05    7.1335606e-05     0.0043552406   -0.00049652072     0.0083324965    -0.0032649559    9.1093825e-31   -1.6021766e-19    -9.156439e-20    3.5466535e-19             2175                1
    -0.0083374679    4.2169544e-05     0.0036662784    0.00097274687   -0.00062749104     -0.003189862    9.1093825e-31   -1.6021766e-19    -9.156439e-20    3.5466535e-19              184                0
    -0.0018429139    5.9521331e-05     0.0039701723    -0.0013959102    -0.0015170758    9.2152608e-05    9.1093825e-31   -1.6021766e-19    -9.156439e-20    3.5466535e-19              699                0
    -0.0076284274    3.0523399e-05    -0.0048730085    -0.0028572225    0.00034450664    0.00034540717    9.1093825e-31   -1.6021766e-19    -9.156439e-20    3.5466535e-19              243                0
     0.0012314512    2.0686501e-05      0.011364867    -0.0060471687    -0.0092614377     0.0010857154    9.1093825e-31   -1.6021766e-19    -9.156439e-20    3.5466535e-19             2101                1
    -0.0086287204    4.2805652e-05     0.0021077783    0.00043766317   -0.00027039379   -0.00017252236    9.1093825e-31   -1.6021766e-19    -9.156439e-20    3.5466535e-19              264                0
     0.0050887233    4.0810552e-05    0.00029695733    0.00022676853   -5.6566194e-05    -0.0012760337    9.1093825e-31   -1.6021766e-19    -9.156439e-20    3.5466535e-19              284                0
    -0.0055749705    2.7358044e-06      0.005585751    0.00082295801    -0.0017900523   -0.00045400928    9.1093825e-31   -1.6021766e-19    -9.156439e-20    3.5466535e-19              906                0
     0.0013301539    2.3769226e-05     0.0024620267     0.0026476653     0.0044165473     0.0010958571    9.1093825e-31   -1.6021766e-19    -9.156439e-20    3.5466535e-19             2178                1
    -0.0016058036    3.5278413e-06      0.010669654    -0.0049007153     0.0029245866    -0.0011983875    9.1093825e-31   -1.6021766e-19    -9.156439e-20    3.5466535e-19             2287                1
    -0.0013196031    8.0861624e-05     -0.014171483    -0.0034764595    -0.0058299764    -0.0038056094    9.1093825e-31   -1.6021766e-19    -9.156439e-20    3.5466535e-19             2255                1
   -0.00098880578    2.0429696e-05    -0.0021064864   -7.0360977e-05     0.0013648144    0.00018964069    9.1093825e-31   -1.6021766e-19    -9.156439e-20    3.5466535e-19              384                0
    -0.0029967423    7.2218914e-05     -0.010345267    -0.0014456152     -0.006916502     0.0026251019    9.1093825e-31   -1.6021766e-19    -9.156439e-20    3.5466535e-19             2251                1
      0.004044299    6.4204112e-05     -0.006971675    0.00058153359      0.008096138   -3.4219753e-05    9.1093825e-31   -1.6021766e-19    -9.156439e-20    3.5466535e-19             2141                1
    -0.0092211626    5.8807378e-05   -0.00045241689    1.9848781e-05   -3.6074925e-05    0.00067071174    9.1093825e-31   -1.6021766e-19    -9.156439e-20    3.5466535e-19              444                0
    -0.0059372839    6.4767801e-06    -0.0019575628    0.00021629412     0.0008939759     -0.001053058    9.1093825e-31   -1.6021766e-19    -9.156439e-20    3.5466535e-19              464                0
    -0.0012896879    1.1575364e-05     0.0067338855   -0.00058149279    -0.0080064572     0.0027891807    9.1093825e-31   -1.6021766e-19    -9.156439e-20    3.5466535e-19             2122                1
     0.0055312118    4.5251167e-05     0.0092614722     0.0015720348    -0.0015275305     0.0017083358    9.1093825e-31   -1.6021766e-19    -9.156439e-20    3.5466535e-19             1322                1
     0.0017569407    1.7294014e-18     0.0068590376     0.0022511047    -0.0096593183   -0.00086114602    9.1093825e-31   -1.6021766e-19    -9.156439e-20    3.5466535e-19             2151                1
     0.0014544035    8.5983607e-05    -0.0089382259   -0.00067344867    -0.0060099978   -0.00024784179    9.1093825e-31   -1.6021766e-19    -9.156439e-20    3.5466535e-19             2275                1
     0.0084322821    3.3286313e-05    -0.0038725999    -0.0006595318    0.00069146237    0.00088344683    9.1093825e-31   -1.6021766e-19    -9.156439e-20    3.5466535e-19              564                0
     0.0039979201    7.5301847e-05     -0.011751803    -0.0047231447     0.0070725996     0.0025112471    9.1093825e-31   -1.6021766e-19    -9.156439e-20    3.5466535e-19             2105                1
    -0.0030167913    9.9022596e-05      -0.01041146    -0.0012494791     0.0082840798     0.0016816101    9.1093825e-31   -1.6021766e-19    -9.156439e-20    3.5466535e-19             2001                1
    -0.0014771194    9.4375529e-05     -0.011236331     0.0043444918     0.0078412816    -0.0022939038    9.1093825e-31   -1.6021766e-19    -9.156439e-20    3.5466535e-19             1987                1
     0.0050775544    2.2859258e-05    0.00018528326     0.0072042369     0.0044260314   -0.00073745562    9.1093825e-31   -1.6021766e-19    -9.156439e-20    3.5466535e-19             2184                1
    -0.0068378765    5.8997928e-05    0.00082322041    0.00023274613    0.00034634082   -8.8715933e-05    9.1093825e-31   -1.6021766e-19    -9.156439e-20    3.5466535e-19              664                0
     -0.007702494    2.2315116e-05     -0.014890539    0.00079282979    -0.0001176367     0.0007350521    9.1093825e-31   -1.6021766e-19    -9.156439e-20    3.5466535e-19              684                0
         0.003398    3.5004199e-05     0.0047488031   -0.00021207905    -0.0015972499    -0.0018773987    9.1093825e-31   -1.6021766e-19    -9.156439e-20    3.5466535e-19              704                0
    -0.0026708415    9.1917973e-05     -0.014308317    -0.0014669684     0.0023612084    0.00011419913    9.1093825e-31   -1.6021766e-19    -9.156439e-20    3.5466535e-19              494                0
    -0.0066194208    6.2186569e-05     0.0094006779     0.0010450232    -0.0010664986     0.0016270846    9.1093825e-31   -1.6021766e-19    -9.156439e-20    3.5466535e-19              871                0
    -0.0040910402    4.0012368e-05     -0.012637549    0.00025056006     0.0044971681   -0.00031950933    9.1093825e-31   -1.6021766e-19    -9.156439e-20    3.5466535e-19             2176                1
    -0.0066782879    8.1534992e-05     -0.010929149    0.00099035737     0.0013663521    0.00099962263    9.1093825e-31   -1.6021766e-19    -9.156439e-20    3.5466535e-19              125                0
    -0.0050996919    6.6872009e-05      0.013369716    0.00096196827    -0.0017288333    0.00043468311    9.1093825e-31   -1.6021766e-19    -9.156439e-20    3.5466535e-19              804                0
     0.0040149395    3.1241765e-05     -0.012701999    0.00035550838     0.0017720038    -0.0025104191    9.1093825e-31   -1.6021766e-19    -9.156439e-20    3.5466535e-19              266                0
    9.1935195e-05     8.470234e-05     -0.011911822     0.0003226788      0.003597847     0.0031176687    9.1093825e-31   -1.6021766e-19    -9.156439e-20    3.5466535e-19              483                0
    -0.0024697487    5.7515699e-05    -0.0021741458   -0.00074712624     0.0087334802     0.0033284337    9.1093825e-31   -1.6021766e-19    -9.156439e-20    3.5466535e-19             2168                1
    -0.0027772831    7.8756129e-05    -0.0089359581     0.0011560842     0.0035173362     0.0011483078    9.1093825e-31   -1.6021766e-19    -9.156439e-20    3.5466535e-19              360                0
    -0.0040586833    7.1114679e-05    -0.0096753202      0.004812385    -0.0049472502    -0.0011616686    9.1093825e-31   -1.6021766e-19    -9.156439e-20    3.5466535e-19             2224                1
    0.00042246681    8.9578702e-05    -0.0075613111     0.0042076041   -0.00012919256     0.0004869292    9.1093825e-31   -1.6021766e-19    -9.156439e-20    3.5466535e-19             2215                1
     0.0014829322    8.0050719e-05    -0.0050663762    -0.0022748902     0.0088295899     0.0058359224    9.1093825e-31   -1.6021766e-19    -9.156439e-20    3.5466535e-19             2056                1
    0.00054002227    6.2989464e-05     -0.011870048    3.5328714e-05     0.0034278331    0.00023344152    9.1093825e-31   -1.6021766e-19    -9.156439e-20    3.5466535e-19              958                0
     0.0015282102    6.3258871e-05    -0.0051212562    0.00082090939     0.0089352643    -0.0006174788    9.1093825e-31   -1.6021766e-19    -9.156439e-20    3.5466535e-19             2145                1
    -0.0067854794    7.0867456e-05      0.012238497    0.00033940547    -0.0012479594    0.00066877948    9.1093825e-31   -1.6021766e-19    -9.156439e-20    3.5466535e-19              988                0
     0.0075104255    7.6518127e-06     0.0086967088    -0.0013777976    -0.0016198007     -0.000622586    9.1093825e-31   -1.6021766e-19    -9.156439e-20    3.5466535e-19              867                0
    -0.0014913484    8.5405198e-05     -0.012424265    -0.0086991144    -0.0034903896    -0.0062677651    9.1093825e-31   -1.6021766e-19    -9.156439e-20    3.5466535e-19             2233                1
    -0.0015321655    5.1197665e-05     -0.011257726   -5.2402538e-05    -0.0092500104   -3.9033945e-05    9.1093825e-31   -1.6021766e-19    -9.156439e-20    3.5466535e-19             2229                1
    -0.0033125158    5.2421135e-05     0.0062281634     0.0007197411     0.0079356357     0.0030860351    9.1093825e-31   -1.6021766e-19    -9.156439e-20    3.5466535e-19             2201                1
    -0.0013051176    7.4369244e-05     -0.014237137     0.0038523776     -0.009016959   -0.00053590006    9.1093825e-31   -1.6021766e-19    -9.156439e-20    3.5466535e-19             2266                1
     0.0031932315    5.3852073e-05       0.01411343     0.0050461856     -0.006822601    -0.0073183561    9.1093825e-31   -1.6021766e-19    -9.156439e-20    3.5466535e-19             2106                1
    -0.0052049858     2.845039e-06     0.0068644113     0.0023763326    -0.0024277195     0.0021950498    9.1093825e-31   -1.6021766e-19    -9.156439e-20    3.5466535e-19              982                0
     0.0015738669     3.864372e-05      0.002509532    -0.0005883408     0.0074354345     -0.003763634    9.1093825e-31   -1.6021766e-19    -9.156439e-20    3.5466535e-19             2207                1
    0.00091219065    9.3030221e-06     0.0078538498     0.0053872149     0.0028294169    0.00064803701    9.1093825e-31   -1.6021766e-19    -9.156439e-20    3.5466535e-19             2259                1
    -0.0025696734    2.8731361e-05     0.0061343322     0.0013166154    -0.0026697081    0.00040645851    9.1093825e-31   -1.6021766e-19    -9.156439e-20    3.5466535e-19              485                0
       0.00414791    9.0491849e-05        -0.011638   -0.00064265344    -0.0065381695    -0.0016476073    9.1093825e-31   -1.6021766e-19    -9.156439e-20    3.5466535e-19             2282                1
     0.0033574873    5.0974231e-06   -0.00094895257   -0.00030087261     0.0030363027    0.00027232838    9.1093825e-31   -1.6021766e-19    -9.156439e-20    3.5466535e-19             2276                1
     0.0058510257    4.1936887e-06     -0.004976016    -0.0012916964   -0.00019400241    -0.0021880884    9.1093825e-31   -1.6021766e-19    -9.156439e-20    3.5466535e-19             1641                1
    -0.0010790522    2.8192067e-05     0.0059242444     0.0033763896     0.0087412344     0.0021066372    9.1093825e-31   -1.6021766e-19    -9.156439e-20    3.5466535e-19             2261                1
     0.0042178896    7.9870195e-05     -0.014807163     0.0011153047    -0.0066083972     0.0029735763    9.1093825e-31   -1.6021766e-19    -9.156439e-20    3.5466535e-19             2263                1
    -0.0055054678    8.2282575e-05     -0.014252226   -0.00025529912     0.0067302636   -0.00077660527    9.1093825e-31   -1.6021766e-19    -9.156439e-20    3.5466535e-19             2140                1
    5.4872144e-05    2.9201963e-05    -0.0011334175     0.0015393578     0.0059634685     0.0014140586    9.1093825e-31   -1.6021766e-19    -9.156439e-20    3.5466535e-19             2164                1
     0.0012396447    1.4594269e-05      0.011405805    -0.0043875263     0.0025148068     0.0017161638    9.1093825e-31   -1.6021766e-19    -9.156439e-20    3.5466535e-19             2240                1
    -0.0003686148    2.5104599e-05     0.0003438055   -0.00097895786     0.0036419421    0.00073916808    9.1093825e-31   -1.6021766e-19    -9.156439e-20    3.5466535e-19             2070                1
   -0.00062454899    8.5313739e-05     -0.008227801     0.0068510287      -0.00236236   -0.00017216234    9.1093825e-31   -1.6021766e-19    -9.156439e-20    3.5466535e-19             2234                1
     -0.003784447    2.6774365e-05      0.011562808    -0.0010999892     0.0040132208     0.0013560877    9.1093825e-31   -1.6021766e-19    -9.156439e-20    3.5466535e-19             2221                1
     0.0017981885    1.5557983e-06      0.012160564    0.00081223197     0.0052175685    0.00085932581    9.1093825e-31   -1.6021766e-19    -9.156439e-20    3.5466535e-19             2301                1
    -0.0029358775    6.2795858e-05     -0.014462259   -1.0536362e-05     0.0018250264     -0.001381755    9.1093825e-31   -1.6021766e-19    -9.156439e-20    3.5466535e-19              422                0
    -0.0017041671    7.6141864e-06      0.010640538    -0.0025665993     0.0047308397    -0.0067582191    9.1093825e-31   -1.6021766e-19    -9.156439e-20    3.5466535e-19             2279                1
     0.0018514195    5.3047133e-05       0.01197373    -0.0015339422      -0.00837465    -0.0012800421    9.1093825e-31   -1.6021766e-19    -9.156439e-20    3.5466535e-19             2199                1
    -0.0039724531    1.9902136e-05      0.011598346    -0.0017283119     -0.010852422    -0.0039652367    9.1093825e-31   -1.6021766e-19    -9.156439e-20    3.5466535e-19             2179                1
    -0.0042581814    6.4028573e-05      0.010337969    -0.0028710701    -0.0023412202     0.0010090829    9.1093825e-31   -1.6021766e-19    -9.156439e-20    3.5466535e-19              687                0
   -0.00042958691     8.938164e-05    0.00031898983    -0.0048276135     0.0077090585   -0.00082162727    9.1093825e-31   -1.6021766e-19    -9.156439e-20    3.5466535e-19             2071                1
    -0.0005856108    7.8078599e-05    -0.0082584703     0.0040340144    -0.0032206001     0.0022095197    9.1093825e-31   -1.6021766e-19    -9.156439e-20    3.5466535e-19             2230                1
     0.0016119974     1.819614e-05     0.0036302311     -0.001888524    -0.0054442706    -0.0026001388    9.1093825e-31   -1.6021766e-19    -9.156439e-20    3.5466535e-19             2107                1
     0.0053562978    4.4689983e-05     0.0033081719    0.00021994842     -0.001039326   -0.00070511334    9.1093825e-31   -1.6021766e-19    -9.156439e-20    3.5466535e-19              581                0
     0.0010905609      9.63981e-05    -0.0066220248   -0.00063535891    -0.0051019075     0.0067471759    9.1093825e-31   -1.6021766e-19    -9.156439e-20    3.5466535e-19             2293                1
    -0.0025398131    9.0065419e-05    0.00067186693     0.0052271606     0.0030455685    -0.0046009552    9.1093825e-31   -1.6021766e-19    -9.156439e-20    3.5466535e-19             1768                1
     0.0013944602    4.5946916e-05     0.0016871424    -0.0001009671   -0.00029965289    -0.0016367106    9.1093825e-31   -1.6021766e-19    -9.156439e-20    3.5466535e-19              641                0
    -0.0010350151    1.8298995e-05     0.0060598981     0.0029792537     0.0047337743   -0.00090113981    9.1093825e-31   -1.6021766e-19    -9.156439e-20    3.5466535e-19             2242                1
     0.0014756486    9.8890247e-05    -0.0089277662    -0.0025479898    -0.0056043114   -6.1902851e-05    9.1093825e-31   -1.6021766e-19    -9.156439e-20    3.5466535e-19             2303                1
    -0.0012223332     2.129405e-05     0.0055569764    1.2365534e-05     0.0059681884    8.1218168e-05    9.1093825e-31   -1.6021766e-19    -9.156439e-20    3.5466535e-19             2247                1
    -0.0069461698    1.9758992e-05     -0.014226264    -0.0018062809    0.00046512464    -0.0001450517    9.1093825e-31   -1.6021766e-19    -9.156439e-20    3.5466535e-19              394                0
     0.0033364717    4.5097884e-05     0.0079456475     0.0011611541    -0.0063459501     0.0029525934    9.1093825e-31   -1.6021766e-19    -9.156439e-20    3.5466535e-19             2165                1
    -0.0067719086    2.5155327e-05     0.0026137035   -0.00039001284     0.0045990525   -5.0197334e-05    9.1093825e-31   -1.6021766e-19    -9.156439e-20    3.5466535e-19             2211                1
    -0.0029246351    8.6913329e-05     -0.010510479     0.0032698575     0.0076903659    -0.0031753292    9.1093825e-31   -1.6021766e-19    -9.156439e-20    3.5466535e-19             2002                1
    -0.0024776533    6.3926731e-05    -0.0021496231     0.0011306797     0.0080759758   -0.00024460742    9.1093825e-31   -1.6021766e-19    -9.156439e-20    3.5466535e-19             2130                1
     0.0093827657    6.3569503e-05    -0.0042370213    0.00046806186     3.129775e-05     0.0016113848    9.1093825e-31   -1.6021766e-19    -9.156439e-20    3.5466535e-19              821                0
     0.0044290982        5.667e-05     -0.001946824    -0.0075910445     0.0069864327       0.00381346    9.1093825e-31   -1.6021766e-19    -9.156439e-20    3.5466535e-19             2137                1
    -4.314382e-05    3.2137057e-05      0.013822001    -3.260827e-05     0.0065410151    0.00044532324    9.1093825e-31   -1.6021766e-19    -9.156439e-20    3.5466535e-19             2245                1
    -0.0030081831    7.7868142e-05     -0.010351261    -0.0043354686     -0.005492094     0.0011115071    9.1093825e-31   -1.6021766e-19    -9.156439e-20    3.5466535e-19             2250                1
     0.0016246737    4.7622121e-05     0.0073736152    0.00025281857     0.0068390868   -0.00053757185    9.1093825e-31   -1.6021766e-19    -9.156439e-20    3.5466535e-19             2203                1
    0.00015405625    2.8120017e-05    -0.0011241119     0.0016073845     0.0058645182     0.0048044226    9.1093825e-31   -1.6021766e-19    -9.156439e-20    3.5466535e-19             2166                1
    -0.0091871349    1.1347181e-05      0.012194321    0.00080045155    -0.0010003446   -0.00012284957    9.1093825e-31   -1.6021766e-19    -9.156439e-20    3.5466535e-19              938                0
     0.0015966792    2.0730356e-05     0.0073694475    -0.0037849571     0.0029579527    -0.0011389031    9.1093825e-31   -1.6021766e-19    -9.156439e-20    3.5466535e-19             2202                1
     0.0015705955     5.084174e-05     -0.012937284    -0.0021020048    -0.0098295771    0.00017863815    9.1093825e-31   -1.6021766e-19    -9.156439e-20    3.5466535e-19             2228                1
     0.0013322246    1.8487459e-05      0.011345862   -0.00035402915     0.0065921582    0.00022111695    9.1093825e-31   -1.6021766e-19    -9.156439e-20    3.5466535e-19             2268                1
   -0.00079087971     6.416368e-05    -0.0028004409    -0.0053540547      0.010777649     0.0018709169    9.1093825e-31   -1.6021766e-19    -9.156439e-20    3.5466535e-19             2189                1
    -0.0083845863    6.4335291e-06     0.0084988289    0.00072862243    -0.0007506418   -0.00013093255    9.1093825e-31   -1.6021766e-19    -9.156439e-20    3.5466535e-19               58                0
     0.0090388907    3.2095486e-05     -0.012644479     0.0013696091     0.0023069517    -0.0021544853    9.1093825e-31   -1.6021766e-19    -9.156439e-20    3.5466535e-19             2078                1
    -0.0011804211    1.7002116e-05     0.0066401688      0.000568524    -0.0066713998     0.0021013347    9.1093825e-31   -1.6021766e-19    -9.156439e-20    3.5466535e-19             1979                1
      0.004125793    4.3682649e-05     0.0011226997    -0.0015623039   -0.00046186976    -0.0015105398    9.1093825e-31   -1.6021766e-19    -9.156439e-20    3.5466535e-19              118                0
      0.006322023    9.5662988e-05     -0.011449534     0.0020811283     0.0019232088     0.0003988753    9.1093825e-31   -1.6021766e-19    -9.156439e-20    3.5466535e-19               51                0
    -0.0094366474    2.7386746e-05    -0.0036415483    0.00052482676    0.00042825332      0.000428183    9.1093825e-31   -1.6021766e-19    -9.156439e-20    3.5466535e-19              158                0
     0.0033354878    5.4016662e-05    -0.0075002359     0.0028420049    -0.0068756863    0.00093932747    9.1093825e-31   -1.6021766e-19    -9.156439e-20    3.5466535e-19             2219                1
   -0.00072315003    8.8445515e-05    -0.0027244186     0.0056670154     -0.001596565     0.0061844289    9.1093825e-31   -1.6021766e-19    -9.156439e-20    3.5466535e-19             2252                1
    0.00039051007    4.9286467e-05    -0.0038177061     0.0017808651     0.0097169764     0.0049373838    9.1093825e-31   -1.6021766e-19    -9.156439e-20    3.5466535e-19             2205                1
   -0.00086766161    9.8543715e-05    -0.0059340252   -0.00060093671    -0.0012836494    -0.0011766629    9.1093825e-31   -1.6021766e-19    -9.156439e-20    3.5466535e-19             2288                1
     0.0068840855     5.884621e-05     -0.013571795   -0.00047353291     0.0013930958     0.0009423517    9.1093825e-31   -1.6021766e-19    -9.156439e-20    3.5466535e-19              213                0
    0.00090692518    2.7734786e-05     0.0078307092     0.0039091865     0.0080054943    -0.0058445456    9.1093825e-31   -1.6021766e-19    -9.156439e-20    3.5466535e-19             2260                1
    -0.0028203563    6.0537066e-05    -0.0069379141     0.0036445458     0.0082783801     0.0041850917    9.1093825e-31   -1.6021766e-19    -9.156439e-20    3.5466535e-19             2149                1
    -0.0060804239    9.0064023e-05    -0.0030504027     0.0021410782     0.0015605736   -0.00071856362    9.1093825e-31   -1.6021766e-19    -9.156439e-20    3.5466535e-19              318                0
    -0.0091473414    8.8055145e-05    -0.0043463316    -0.0027734705    0.00064597063    0.00050325767    9.1093825e-31   -1.6021766e-19    -9.156439e-20    3.5466535e-19              723                0
     0.0022670126    1.7573415e-05   -3.2777545e-05    -0.0049792496     0.0052815648    -0.0024825321    9.1093825e-31   -1.6021766e-19    -9.156439e-20    3.5466535e-19             2232                1
     0.0023978024    7.5264754e-05    -0.0092748227    -0.0015790458      0.009464466    -0.0001707825    9.1093825e-31   -1.6021766e-19    -9.156439e-20    3.5466535e-19             2167                1
       0.00193229     7.463932e-05      -0.01262265      0.004854233     -0.004102923    -0.0019323298    9.1093825e-31   -1.6021766e-19    -9.156439e-20    3.5466535e-19             2212                1
     0.0023409424    6.8246249e-05   -5.4848206e-05     0.0013661798     0.0086012492   -0.00049056916    9.1093825e-31   -1.6021766e-19    -9.156439e-20    3.5466535e-19             2154                1
     0.0058637103    5.5683881e-06     0.0030108592   -0.00044543089     0.0026363106    0.00013082668    9.1093825e-31   -1.6021766e-19    -9.156439e-20    3.5466535e-19             2271                1
     0.0018610904     4.456006e-05    -0.0019621057    -0.0008606615     0.0076584225    -0.0027291214    9.1093825e-31   -1.6021766e-19    -9.156439e-20    3.5466535e-19             2174                1
    -0.0089384215    5.8626165e-06      0.013757804      0.001338387   -0.00051313883   -0.00050235761    9.1093825e-31   -1.6021766e-19    -9.156439e-20    3.5466535e-19              503                0
     0.0011782465    7.2626171e-05    -0.0092341909   -0.00083411235     0.0088090496     0.0029495514    9.1093825e-31   -1.6021766e-19    -9.156439e-20    3.5466535e-19             2144                1
    -0.0088928593     8.013488e-05    -0.0012339755    0.00077601697    0.00065712805     -0.001787602    9.1093825e-31   -1.6021766e-19    -9.156439e-20    3.5466535e-19              518                0
     0.0016419473    5.9905283e-06     0.0073089213   -0.00019817628    -0.0079639079     0.0052571087    9.1093825e-31   -1.6021766e-19    -9.156439e-20    3.5466535e-19             2022                1
     0.0032941126    6.3473664e-05     0.0079478649   -0.00073685957    -0.0025486951   -0.00054109539    9.1093825e-31   -1.6021766e-19    -9.156439e-20    3.5466535e-19              903                0
    -0.0085088229    3.8355724e-05      0.010149636    0.00099832914   -0.00036593579    0.00071634352    9.1093825e-31   -1.6021766e-19    -9.156439e-20    3.5466535e-19              578                0
   -0.00082875992    7.4905038e-05    -0.0084761009     0.0016476049     0.0091267452    -0.0042631696    9.1093825e-31   -1.6021766e-19    -9.156439e-20    3.5466535e-19             2127                1
     0.0082257986    3.1657692e-05     0.0096043088     0.0017306596   -0.00066695811    0.00014762081    9.1093825e-31   -1.6021766e-19    -9.156439e-20    3.5466535e-19              618                0
    0.00073951407    3.8543556e-05    -0.0040519149    0.00088593207     0.0064486251     0.0013206707    9.1093825e-31   -1.6021766e-19    -9.156439e-20    3.5466535e-19             2072                1
    -0.0073541962    8.0050768e-06    -0.0089653833     0.0022038878     0.0010578589   -0.00017562087    9.1093825e-31   -1.6021766e-19    -9.156439e-20    3.5466535e-19              725                0
     0.0010655761     8.720794e-05    -0.0092698941      0.001870722    -0.0092035374    -0.0024918059    9.1093825e-31   -1.6021766e-19    -9.156439e-20    3.5466535e-19             2283                1
   -0.00076680328    9.7248121e-05    -0.0081133666    -0.0062379828    -0.0045983233    -0.0058885128    9.1093825e-31   -1.6021766e-19    -9.156439e-20    3.5466535e-19             2296                1
    -0.0042740712    6.9802809e-05     -0.012207221    -0.0006569465    -0.0045956983     0.0014104362    9.1093825e-31   -1.6021766e-19    -9.156439e-20    3.5466535e-19             2208                1
    -0.0032789835    3.8708654e-06      0.006155015    0.00058569515     0.0066212108   -0.00033072213    9.1093825e-31   -1.6021766e-19    -9.156439e-20    3.5466535e-19             2297                1
     0.0011807713    8.8524081e-05     -0.006727091    0.00043207139     0.0055445805    -0.0028904057    9.1093825e-31   -1.6021766e-19    -9.156439e-20    3.5466535e-19             1814                1
    -0.0011874635    5.6219687e-06     0.0065985513     0.0025150909    -0.0075955004     -0.002360896    9.1093825e-31   -1.6021766e-19    -9.156439e-20    3.5466535e-19             2011                1
     0.0016438136    4.0051433e-05       0.01060479    -0.0089586787    -0.0072155944    -0.0031480745    9.1093825e-31   -1.6021766e-19    -9.156439e-20    3.5466535e-19             2023                1
   -0.00018828218    3.1216849e-05     0.0034897896     0.0012077047     0.0080891158    -0.0053387387    9.1093825e-31   -1.6021766e-19    -9.156439e-20    3.5466535e-19             2235                1
    -0.0066700801    2.8188615e-05     0.0050659794   -0.00044758056    -0.0011273414     0.0010691804    9.1093825e-31   -1.6021766e-19    -9.156439e-20    3.5466535e-19              573                0
     0.0066267126    8.3334235e-05     -0.011507333   -0.00014042824     0.0019694546    0.00042443059    9.1093825e-31   -1.6021766e-19    -9.156439e-20    3.5466535e-19              274                0
    0.00095786323    7.2671173e-05      0.002625098    -0.0047516809   -0.00093762833     0.0037568444    9.1093825e-31   -1.6021766e-19    -9.156439e-20    3.5466535e-19             2162                1
     0.0041947942    6.4081789e-05    -0.0087359082    -0.0066016326     0.0072293924    -0.0066860178    9.1093825e-31   -1.6021766e-19    -9.156439e-20    3.5466535e-19             2095                1
   -5.0341518e-05    3.3565026e-05     0.0043015452     0.0034198493     0.0059557105    -0.0015624535    9.1093825e-31   -1.6021766e-19    -9.156439e-20    3.5466535e-19             2200                1
      -0.00608264    2.4123825e-05    -0.0026593057     0.0063927579     0.0043164906    0.00063974474    9.1093825e-31   -1.6021766e-19    -9.156439e-20    3.5466535e-19             2177                1
     0.0019726322     1.177961e-05      0.012126074     0.0078427522    -0.0096233301     0.0072107725    9.1093825e-31   -1.6021766e-19    -9.156439e-20    3.5466535e-19             2073                1
    0.00046144129    3.3360004e-05    0.00026604257    0.00015594895     0.0081397053     0.0012104907    9.1093825e-31   -1.6021766e-19    -9.156439e-20    3.5466535e-19             2225                1
    -0.0063053994    2.6222546e-05     0.0054178326   -0.00083034468    -0.0013077927    -0.0027878257    9.1093825e-31   -1.6021766e-19    -9.156439e-20    3.5466535e-19              985                0
   -0.00098394486    1.9668561e-05     0.0056054103     0.0008524186     0.0028116545   -0.00033289634    9.1093825e-31   -1.6021766e-19    -9.156439e-20    3.5466535e-19             2185                1
     0.0076446477    6.6332475e-05    0.00066815445   -0.00055876671   -2.6249574e-05     0.0012065525    9.1093825e-31   -1.6021766e-19    -9.156439e-20    3.5466535e-19              614                0
   -0.00094756077           0.0001    -0.0058725649     0.0025001036      0.012090127     0.0026244035    9.1093825e-31   -1.6021766e-19    -9.156439e-20    3.5466535e-19             2148                1
   -0.00078820105    2.4643512e-05    -0.0083907694     0.0034886699     0.0050312467    0.00040353244    9.1093825e-31   -1.6021766e-19    -9.156439e-20    3.5466535e-19             2204                1
    9.3114795e-05    5.5318484e-05      -0.01334805   -7.9051722e-05     0.0024149567    0.00029355375    9.1093825e-31   -1.6021766e-19    -9.156439e-20    3.5466535e-19               79                0
     0.0047776243     5.669558e-06    -0.0035958567    -0.0022879292     0.0059285937    0.00087713363    9.1093825e-31   -1.6021766e-19    -9.156439e-20    3.5466535e-19             2289                1
    -0.0024461888    3.8869934e-05    -0.0021101264     0.0046567596     0.0062688352     0.0032266772    9.1093825e-31   -1.6021766e-19    -9.156439e-20    3.5466535e-19             2136                1
     0.0081756916    2.0948264e-05     -0.013376881    -0.0001492631     0.0015603441    0.00082639855    9.1093825e-31   -1.6021766e-19    -9.156439e-20    3.5466535e-19             1982                1
     0.0017314383    3.8184346e-05      0.012062107    -0.0059314519     0.0097535755     -0.003638037    9.1093825e-31   -1.6021766e-19    -9.156439e-20    3.5466535e-19             2256                1
   -0.00083530886    8.8798597e-06     0.0068571153      0.010489807     0.0015580474   -0.00075906643    9.1093825e-31   -1.6021766e-19    -9.156439e-20    3.5466535e-19             2209                1
    0.00042498938     3.742968e-05    0.00021073861     0.0013993703      0.008143343     0.0025698019    9.1093825e-31   -1.6021766e-19    -9.156439e-20    3.5466535e-19             2216                1
     0.0076527488    7.8673336e-05     0.0052651712    -0.0010206811   -0.00057956233     0.0030264684    9.1093825e-31   -1.6021766e-19    -9.156439e-20    3.5466535e-19              219                0
    -0.0043068677    9.2683287e-05    -0.0073073069     0.0020723487    -0.0010360961     0.0011047787    9.1093825e-31   -1.6021766e-19    -9.156439e-20    3.5466535e-19             2244                1
     0.0012319165     4.816178e-07      0.011390047    0.00062388805    0.00055584114     0.0009849132    9.1093825e-31   -1.6021766e-19    -9.156439e-20    3.5466535e-19             2292                1
    -0.0029779475    5.1939965e-06    0.00013133441    -0.0029494278    0.00020427682    -0.0029541792    9.1093825e-31   -1.6021766e-19    -9.156439e-20    3.5466535e-19              303                0
   -0.00069385953     9.679178e-05    -0.0082638776    -0.0016804772    -0.0035456903   -0.00047900833    9.1093825e-31   -1.6021766e-19    -9.156439e-20    3.5466535e-19             2291                1
    -0.0082021877    4.6704976e-05    -0.0084696533    8.0704835e-05    -0.0010395405    -0.0021891764    9.1093825e-31   -1.6021766e-19    -9.156439e-20    3.5466535e-19             1848                1
     0.0002247769     2.377057e-05      0.012457181    -0.0032385325    -0.0087165274    -0.0020947189    9.1093825e-31   -1.6021766e-19    -9.156439e-20    3.5466535e-19             2044                1
    -0.0091734063    5.1130326e-05     0.0022060557    -0.0022348789    0.00032855317     -0.001836299    9.1093825e-31   -1.6021766e-19    -9.156439e-20    3.5466535e-19              978                0
     0.0041536456    9.8980556e-05    -0.0087231267     0.0010346307    -0.0034290443    -0.0018007965    9.1093825e-31   -1.6021766e-19    -9.156439e-20    3.5466535e-19             2298                1
    -0.0011596106    9.8439821e-05    -0.0041686925    -0.0013497708    -0.0051979786    5.1431227e-05    9.1093825e-31   -1.6021766e-19    -9.156439e-20    3.5466535e-19             2299                1
     0.0050557372    4.2781238e-07     0.0072143129    -0.0016209031     0.0043214108    -0.0035859495    9.1093825e-31   -1.6021766e-19    -9.156439e-20    3.5466535e-19             2304                1
     -0.002725566    7.3743792e-07     0.0069885887   -0.00036865761     0.0074490807     0.0012310869    9.1093825e-31   -1.6021766e-19    -9.156439e-20    3.5466535e-19             2305                1
