%  ASCII export : 
%
%  Momentum is normalized to the product of particle's mass and speed of light.
%  All other quantities are in SI units.
%
%            posX             posY             posZ             momX             momY             momZ             mass           charge     macro-charge             time       particleID         sourceID

    -0.0022452779    1.3216842e-05     0.0029221489    -0.0032325664     0.0061045638    -0.0030154369    9.1093825e-31   -1.6021766e-19    -9.156439e-20    1.7303971e-19             1526                1
     0.0035015598    8.5787084e-05     -0.013924643     0.0014670049     0.0023206931   -0.00017423557    9.1093825e-31   -1.6021766e-19    -9.156439e-20    1.7303971e-19                3                0
    -0.0090328958    5.0747614e-05    -0.0088516865     0.0015424776   -0.00046042746   -0.00056528574    9.1093825e-31   -1.6021766e-19    -9.156439e-20    1.7303971e-19                5                0
    -0.0025860262     3.928255e-05    0.00010362746   -0.00027094048   -3.6097477e-05   -0.00056384027    9.1093825e-31   -1.6021766e-19    -9.156439e-20    1.7303971e-19              348                0
    -0.0093519352    6.1543004e-05    -0.0044964068     0.0020772354   -0.00044875228    0.00085979229    9.1093825e-31   -1.6021766e-19    -9.156439e-20    1.7303971e-19             1002                1
     0.0033745412    5.7113302e-05      0.007807198   -0.00070516282    -0.0049809301     0.0028101846    9.1093825e-31   -1.6021766e-19    -9.156439e-20    1.7303971e-19             1435                1
     0.0012613778    1.4347156e-05     0.0025445407    -0.0015504629      0.003658978     0.0017765488    9.1093825e-31   -1.6021766e-19    -9.156439e-20    1.7303971e-19             1470                1
   -0.00068408699    6.9953901e-05     -0.012104552      0.000435102     0.0027722586    -0.0011825537    9.1093825e-31   -1.6021766e-19    -9.156439e-20    1.7303971e-19               55                0
     0.0063849892    2.5601295e-05      0.014250042   -0.00057208468    -0.0016155245    0.00091704278    9.1093825e-31   -1.6021766e-19    -9.156439e-20    1.7303971e-19              171                0
     0.0078759994    8.0993887e-05      0.013943358    -0.0028935887    0.00039484314    0.00065316854    9.1093825e-31   -1.6021766e-19    -9.156439e-20    1.7303971e-19              940                0
     0.0044648582    3.4257082e-05     0.0052894531   -0.00059204496    -0.0018056441   -0.00038393162    9.1093825e-31   -1.6021766e-19    -9.156439e-20    1.7303971e-19              154                0
     0.0064841956    7.0279239e-05     -0.013434213     0.0014008693     0.0013314311     0.0013951062    9.1093825e-31   -1.6021766e-19    -9.156439e-20    1.7303971e-19              488                0
     0.0069873924    7.2661343e-05      0.013632265     0.0026787592   -3.9126877e-05    0.00019135477    9.1093825e-31   -1.6021766e-19    -9.156439e-20    1.7303971e-19              405                0
     0.0012914377    8.3036546e-05    -0.0096274698    -0.0069355713    -0.0058051948    -0.0014326159    9.1093825e-31   -1.6021766e-19    -9.156439e-20    1.7303971e-19             1519                1
     0.0010060241    8.0810023e-06      0.005946557    -0.0029901334    -0.0074002994    -0.0081920186    9.1093825e-31   -1.6021766e-19    -9.156439e-20    1.7303971e-19             1358                1
     0.0082533965    3.2663756e-05   -0.00068934308      4.03433e-05   -0.00095266389    -0.0015468666    9.1093825e-31   -1.6021766e-19    -9.156439e-20    1.7303971e-19              193                0
     0.0078944275    7.0389804e-05     0.0077415654    0.00046132936   -6.4399857e-05    -0.0015610566    9.1093825e-31   -1.6021766e-19    -9.156439e-20    1.7303971e-19              235                0
      0.008104275    3.1405234e-05     0.0086067943    -0.0021842995    -0.0011708051   -0.00020104511    9.1093825e-31   -1.6021766e-19    -9.156439e-20    1.7303971e-19              961                0
      0.008624536    2.8595148e-05    0.00016350627     0.0020783073   -0.00022449685    0.00017314617    9.1093825e-31   -1.6021766e-19    -9.156439e-20    1.7303971e-19              386                0
     0.0013767949    3.0405536e-05      0.011339784    -0.0012472584     0.0037299602    0.00025934956    9.1093825e-31   -1.6021766e-19    -9.156439e-20    1.7303971e-19             1481                1
    -0.0051222811    3.8270704e-05     -0.013997448    -0.0021148345    0.00077227742    -0.0013934602    9.1093825e-31   -1.6021766e-19    -9.156439e-20    1.7303971e-19              293                0
     -0.003927202    6.9087408e-05     -0.013130311   -0.00037160536     0.0029923464    -0.0020517902    9.1093825e-31   -1.6021766e-19    -9.156439e-20    1.7303971e-19              645                0
     -0.005304771    7.3492112e-05     0.0089732585     0.0015016919    -0.0023717405    -0.0004373898    9.1093825e-31   -1.6021766e-19    -9.156439e-20    1.7303971e-19              355                0
     0.0077118212    5.3824409e-05     -0.011929621   -0.00084249512    0.00060680223     0.0007092033    9.1093825e-31   -1.6021766e-19    -9.156439e-20    1.7303971e-19              451                0
    -0.0068105818    1.7815248e-05      0.011593033      0.002292363    -0.0016570385    -0.0018204387    9.1093825e-31   -1.6021766e-19    -9.156439e-20    1.7303971e-19              716                0
    -0.0012526136    3.4067143e-05     0.0065875659     0.0017813176     0.0039661168     0.0039452864    9.1093825e-31   -1.6021766e-19    -9.156439e-20    1.7303971e-19             1459                1
     0.0048246565    5.9701299e-05    -0.0034131748    0.00021202676     0.0097510163    0.00013433181    9.1093825e-31   -1.6021766e-19    -9.156439e-20    1.7303971e-19             1474                1
     0.0083438782    3.3959182e-05    0.00066818472    -0.0016686898    -9.965129e-05   -0.00062184752    9.1093825e-31   -1.6021766e-19    -9.156439e-20    1.7303971e-19              455                0
     0.0058860295    2.9275336e-05      0.003010802   -0.00041845231    -0.0012829577   -5.5655441e-06    9.1093825e-31   -1.6021766e-19    -9.156439e-20    1.7303971e-19              475                0
    -0.0034601113    3.2057487e-05    -0.0064232857    -0.0015574566     0.0060313465   -0.00018237522    9.1093825e-31   -1.6021766e-19    -9.156439e-20    1.7303971e-19             1466                1
      0.003347774    4.6870873e-06      0.012715321      0.001391731     0.0058279443    -0.0009845919    9.1093825e-31   -1.6021766e-19    -9.156439e-20    1.7303971e-19             1545                1
     0.0051330989    4.0508101e-05    -0.0021998775    0.00081258704    0.00030212276      0.001931441    9.1093825e-31   -1.6021766e-19    -9.156439e-20    1.7303971e-19              535                0
     0.0011562211    8.2264487e-05    -0.0092209568    0.00059215596     0.0099542169    0.00024939192    9.1093825e-31   -1.6021766e-19    -9.156439e-20    1.7303971e-19             1438                1
    -0.0090249246    9.7140241e-05    -0.0066194101   -0.00093559845    0.00089493819    -0.0012335847    9.1093825e-31   -1.6021766e-19    -9.156439e-20    1.7303971e-19              575                0
    -0.0011600355    5.1849183e-05    -0.0041566682     0.0014913456     0.0074242423    -0.0013904114    9.1093825e-31   -1.6021766e-19    -9.156439e-20    1.7303971e-19             1376                1
    -0.0025947352     9.343143e-05     -0.013999945    -0.0047412887    -0.0034794123     0.0032461151    9.1093825e-31   -1.6021766e-19    -9.156439e-20    1.7303971e-19             1532                1
      0.001164524      5.59328e-05    -0.0066643902     0.0054861414     0.0081930347      0.007341417    9.1093825e-31   -1.6021766e-19    -9.156439e-20    1.7303971e-19             1415                1
     0.0064589572    2.0207364e-05     0.0073802262    -0.0021362514    -0.0032687134    -0.0021041706    9.1093825e-31   -1.6021766e-19    -9.156439e-20    1.7303971e-19             1126                1
    -0.0050870539    4.6483823e-05    -0.0017834238    0.00083411206     0.0025155416    -0.0020120325    9.1093825e-31   -1.6021766e-19    -9.156439e-20    1.7303971e-19             1206                1
    -0.0067907581    2.6813428e-05     0.0040055248     0.0031053028   -0.00085297885    -0.0015920921    9.1093825e-31   -1.6021766e-19    -9.156439e-20    1.7303971e-19              695                0
     0.0026496414    9.6324336e-05    -0.0077282768     0.0014090587     0.0055402112    -0.0006522105    9.1093825e-31   -1.6021766e-19    -9.156439e-20    1.7303971e-19             1162                1
     0.0050642006    6.4640873e-05     0.0070818779   -0.00023289297    -0.0010360294      0.003626127    9.1093825e-31   -1.6021766e-19    -9.156439e-20    1.7303971e-19              847                0
     0.0046752249    6.0215239e-06    -0.0050324532    0.00072891457    -0.0017582887    -0.0010756128    9.1093825e-31   -1.6021766e-19    -9.156439e-20    1.7303971e-19             1292                1
   -0.00017282424    2.5770945e-05     0.0035869924   -0.00036037195      0.005679029    0.00051690382    9.1093825e-31   -1.6021766e-19    -9.156439e-20    1.7303971e-19             1484                1
    -0.0044540721    3.3898868e-05      0.012081292    0.00011526005    -0.0014222733   -0.00014698053    9.1093825e-31   -1.6021766e-19    -9.156439e-20    1.7303971e-19             1316                1
    -0.0061344784    3.7520265e-05     -0.011967813    2.3516162e-05     0.0012945029     -0.001366868    9.1093825e-31   -1.6021766e-19    -9.156439e-20    1.7303971e-19              385                0
     0.0037955272    2.8777198e-05    -0.0099216327    -0.0010593834     0.0016146097     0.0007515641    9.1093825e-31   -1.6021766e-19    -9.156439e-20    1.7303971e-19              835                0
    -0.0052931034    2.5991034e-05      0.004935144    -0.0010749401     -0.002764967   -0.00049238955    9.1093825e-31   -1.6021766e-19    -9.156439e-20    1.7303971e-19              248                0
    -0.0012311502    3.1291267e-05     0.0045995056       0.00146084    -0.0025677942     0.0014650059    9.1093825e-31   -1.6021766e-19    -9.156439e-20    1.7303971e-19              968                0
    -0.0050814031    5.9143091e-05     0.0060616648    -0.0010568971    -0.0013784884     0.0012489107    9.1093825e-31   -1.6021766e-19    -9.156439e-20    1.7303971e-19              895                0
     0.0018589776    1.3478521e-05      0.012032095    0.00091344659     0.0050859991    -0.0010524272    9.1093825e-31   -1.6021766e-19    -9.156439e-20    1.7303971e-19             1528                1
     0.0061777006    1.9560472e-05     0.0047981967    -0.0011285485    -0.0010404037    0.00066371082    9.1093825e-31   -1.6021766e-19    -9.156439e-20    1.7303971e-19              751                0
     0.0075311544    2.1723496e-05    -0.0091398479   -0.00071664731    0.00076723209    0.00033177648    9.1093825e-31   -1.6021766e-19    -9.156439e-20    1.7303971e-19               10                0
    -0.0059382338    2.0827731e-05     0.0017912915    4.7006084e-05    -0.0013995281     0.0019846903    9.1093825e-31   -1.6021766e-19    -9.156439e-20    1.7303971e-19              832                0
   -0.00090201263    8.7799905e-05    -0.0063188262   -0.00047140947      0.010902522     0.0003526021    9.1093825e-31   -1.6021766e-19    -9.156439e-20    1.7303971e-19             1417                1
    -0.0073224711    7.4177893e-05    -0.0069313981    -0.0011468481     0.0010442698    -0.0026719437    9.1093825e-31   -1.6021766e-19    -9.156439e-20    1.7303971e-19              532                0
    -0.0040277261    9.3103663e-05     0.0019963728   -0.00059019815     0.0028100908     -0.002330529    9.1093825e-31   -1.6021766e-19    -9.156439e-20    1.7303971e-19             1218                1
    -0.0093677202    9.1527196e-05     0.0031396472      0.001303023    0.00037893874     0.0021298963    9.1093825e-31   -1.6021766e-19    -9.156439e-20    1.7303971e-19              191                0
     -0.009163985    7.6592878e-06      -0.00311939    0.00060868752   -0.00055768737    0.00017077505    9.1093825e-31   -1.6021766e-19    -9.156439e-20    1.7303971e-19              625                0
     0.0051908996    2.3306884e-05    -0.0076937503   -2.6533464e-05     0.0010793147   -0.00016679666    9.1093825e-31   -1.6021766e-19    -9.156439e-20    1.7303971e-19              565                0
   -0.00068515399    9.9702433e-05    -0.0078067174     0.0019840596      0.012413495    0.00023673853    9.1093825e-31   -1.6021766e-19    -9.156439e-20    1.7303971e-19             1440                1
    -0.0012522904    8.5643487e-06     0.0027916385    -0.0016761108    -0.0016059523   -0.00063116226    9.1093825e-31   -1.6021766e-19    -9.156439e-20    1.7303971e-19               96                0
    -0.0093010319    3.6366228e-06    -0.0099067809    0.00096424134    1.2378424e-05    -0.0010154573    9.1093825e-31   -1.6021766e-19    -9.156439e-20    1.7303971e-19              602                0
     0.0035561679    5.0918752e-05      0.001220037    0.00089940598    0.00071736367   -0.00025710609    9.1093825e-31   -1.6021766e-19    -9.156439e-20    1.7303971e-19              201                0
    -0.0023614613    5.8897487e-05      0.014452827     -0.001596339    -0.0063312356    -0.0010002574    9.1093825e-31   -1.6021766e-19    -9.156439e-20    1.7303971e-19             1353                1
    -0.0014052696    9.2802198e-05    -0.0081957513     0.0041733128    -0.0038826938     0.0042105406    9.1093825e-31   -1.6021766e-19    -9.156439e-20    1.7303971e-19             1535                1
     0.0061306185    5.3550004e-05     -0.014173812     0.0010182339     0.0019168439   -0.00096778019    9.1093825e-31   -1.6021766e-19    -9.156439e-20    1.7303971e-19              365                0
    -0.0045809341    7.4553514e-05     0.0036535675    0.00061890826   -7.1915842e-05    0.00046594284    9.1093825e-31   -1.6021766e-19    -9.156439e-20    1.7303971e-19              146                0
    -0.0086336583    2.3346001e-05     -0.012854979   -0.00016431054   -0.00013837856    -0.0017666835    9.1093825e-31   -1.6021766e-19    -9.156439e-20    1.7303971e-19              301                0
     0.0042090281    7.8975543e-05    -0.0086318785    0.00064015645     0.0081060296     0.0021367138    9.1093825e-31   -1.6021766e-19    -9.156439e-20    1.7303971e-19             1372                1
    -0.0075819315    1.5146916e-05     0.0008636202     0.0014895283     0.0017006128    0.00068079768    9.1093825e-31   -1.6021766e-19    -9.156439e-20    1.7303971e-19             1389                1
    -0.0041174488    9.8406017e-05    -0.0097160861    0.00040262713    -0.0053742211     0.0020201828    9.1093825e-31   -1.6021766e-19    -9.156439e-20    1.7303971e-19             1555                1
     0.0015508319    8.2830375e-05     -0.012931798    0.00052520033     -0.003626494    0.00029410998    9.1093825e-31   -1.6021766e-19    -9.156439e-20    1.7303971e-19             1488                1
    -0.0043440345    5.6917743e-05     0.0060690809     0.0016122016    -0.0019528912   -0.00078307017    9.1093825e-31   -1.6021766e-19    -9.156439e-20    1.7303971e-19              628                0
     0.0065657161    5.6798872e-05     0.0057248082    0.00042978482    -0.0017980159   -0.00062738557    9.1093825e-31   -1.6021766e-19    -9.156439e-20    1.7303971e-19              420                0
    -0.0030933549     9.744709e-05     -0.010480906   -0.00031351211    -0.0064706635     0.0038155753    9.1093825e-31   -1.6021766e-19    -9.156439e-20    1.7303971e-19             1553                1
     0.0018897285    3.1216791e-06      0.010596184   -0.00039636056     -0.009863534     0.0012521241    9.1093825e-31   -1.6021766e-19    -9.156439e-20    1.7303971e-19             1364                1
    0.00040141153    1.3132813e-05      0.012798629    0.00025593559     0.0022946706    0.00033825677    9.1093825e-31   -1.6021766e-19    -9.156439e-20    1.7303971e-19             1508                1
   -0.00017140967     7.090858e-05    -0.0075236862     0.0020916043     0.0089976788    -0.0032881226    9.1093825e-31   -1.6021766e-19    -9.156439e-20    1.7303971e-19             1398                1
    -0.0067277085    4.6403602e-05    -0.0032633226     0.0011469926     0.0016136182    0.00097717473    9.1093825e-31   -1.6021766e-19    -9.156439e-20    1.7303971e-19              984                0
   -7.4282412e-05    3.2777218e-05      0.013828538    -0.0096415738    -0.0086410567     0.0012600224    9.1093825e-31   -1.6021766e-19    -9.156439e-20    1.7303971e-19             1373                1
    -0.0046741362    9.9849349e-05      -0.01317224   -0.00099566195     0.0037728362   -0.00069417042    9.1093825e-31   -1.6021766e-19    -9.156439e-20    1.7303971e-19              157                0
      0.005237313    4.9412974e-05     0.0064536934      0.001076756    -0.0021061925   -0.00040088431    9.1093825e-31   -1.6021766e-19    -9.156439e-20    1.7303971e-19              580                0
    -0.0045537534    5.5799246e-05    -0.0092937248   -0.00028617459     0.0062809964   -0.00073826872    9.1093825e-31   -1.6021766e-19    -9.156439e-20    1.7303971e-19             1362                1
     0.0085038496    2.8170083e-05     -0.012802063    -0.0022382729    0.00086917815     0.0022225115    9.1093825e-31   -1.6021766e-19    -9.156439e-20    1.7303971e-19              586                0
    -0.0052682832    1.2220195e-05      0.013679792     0.0011929453    -0.0099611422     0.0015398968    9.1093825e-31   -1.6021766e-19    -9.156439e-20    1.7303971e-19             1428                1
    -0.0051102475    4.1628191e-05    -0.0051428387     0.0010675179     0.0020623491   -0.00094568805    9.1093825e-31   -1.6021766e-19    -9.156439e-20    1.7303971e-19              660                0
     0.0089544328     4.239703e-05     0.0047841491   -0.00080098124    0.00088859658      0.001498331    9.1093825e-31   -1.6021766e-19    -9.156439e-20    1.7303971e-19             1080                1
    -0.0078050024    4.0898998e-05      0.010904913     0.0006359758    -0.0010893578       0.00152355    9.1093825e-31   -1.6021766e-19    -9.156439e-20    1.7303971e-19              652                0
     0.0040543564    8.9114546e-05    -0.0069226753    0.00041093337      0.011079991   -0.00012849233    9.1093825e-31   -1.6021766e-19    -9.156439e-20    1.7303971e-19             1441                1
    -0.0008457175    3.1378931e-05     0.0068905582    -0.0049618897     0.0076438608    -0.0014493426    9.1093825e-31   -1.6021766e-19    -9.156439e-20    1.7303971e-19             1503                1
    -0.0089468341    2.0030124e-05      0.001516658    -0.0022043155   -0.00034992577    0.00013322572    9.1093825e-31   -1.6021766e-19    -9.156439e-20    1.7303971e-19              760                0
    -0.0055414662    8.9805792e-05     -0.014214908    0.00013750949    -0.0057049464   -0.00075949472    9.1093825e-31   -1.6021766e-19    -9.156439e-20    1.7303971e-19             1533                1
    -0.0076399781    7.3925723e-05    -0.0029786699    0.00066928403     0.0028720479    0.00015000613    9.1093825e-31   -1.6021766e-19    -9.156439e-20    1.7303971e-19             1179                1
     0.0049792314    2.4816567e-05    0.00018840143     0.0024507286     0.0052421875     0.0020677464    9.1093825e-31   -1.6021766e-19    -9.156439e-20    1.7303971e-19             1480                1
     0.0058617666    6.1506144e-05    -0.0074438276   -0.00014536409     0.0025670507   -0.00093457685    9.1093825e-31   -1.6021766e-19    -9.156439e-20    1.7303971e-19              840                0
     0.0030622159    4.8704336e-05    -0.0056405459    -0.0017463643     0.0023534177    1.3405702e-05    9.1093825e-31   -1.6021766e-19    -9.156439e-20    1.7303971e-19              860                0
    -0.0039099068     1.593806e-05    -0.0020410556    5.5915884e-06    0.00065295538   -0.00050153019    9.1093825e-31   -1.6021766e-19    -9.156439e-20    1.7303971e-19              880                0
    -0.0032097781    5.1682953e-05     -0.012430011   -0.00084065169     0.0023586638    -0.0015399768    9.1093825e-31   -1.6021766e-19    -9.156439e-20    1.7303971e-19              900                0
    -0.0087570352    8.1766091e-05    -0.0092508318   -0.00040222815     0.0024503544   -0.00045363492    9.1093825e-31   -1.6021766e-19    -9.156439e-20    1.7303971e-19             1085                1
     0.0033817361    1.2831894e-05      0.012738319    0.00069868879     0.0017182885   -0.00025714302    9.1093825e-31   -1.6021766e-19    -9.156439e-20    1.7303971e-19             1499                1
    -0.0073133577     2.188789e-05    -0.0027110372    0.00064314209     0.0013097491    0.00067862461    9.1093825e-31   -1.6021766e-19    -9.156439e-20    1.7303971e-19             1012                1
    -0.0036767302    3.5705187e-05    0.00031581847     -0.001308366    -0.0001378844     0.0026011849    9.1093825e-31   -1.6021766e-19    -9.156439e-20    1.7303971e-19              893                0
     0.0074839154    4.0609462e-05     -0.012913533     0.0023608436     0.0010149804    -0.0017000532    9.1093825e-31   -1.6021766e-19    -9.156439e-20    1.7303971e-19              311                0
    -0.0069157826    3.8550137e-05    -0.0077976109    -0.0012692133     0.0010839002    0.00055307715    9.1093825e-31   -1.6021766e-19    -9.156439e-20    1.7303971e-19              791                0
      0.007675535    9.0124486e-05      0.010612198   -0.00097070175   -0.00015483478   -0.00055286649    9.1093825e-31   -1.6021766e-19    -9.156439e-20    1.7303971e-19              552                0
    -0.0030219478    5.8567798e-06      0.005119639     -0.000232718    -0.0021983664    -0.0012208975    9.1093825e-31   -1.6021766e-19    -9.156439e-20    1.7303971e-19              110                0
   -0.00074009085    7.1637434e-05    -0.0082240393      0.001274795     0.0088008344    -0.0067055486    9.1093825e-31   -1.6021766e-19    -9.156439e-20    1.7303971e-19             1392                1
    0.00028036791    3.4936875e-05      0.012605298    0.00050096249    -0.0051243398   -0.00036275006    9.1093825e-31   -1.6021766e-19    -9.156439e-20    1.7303971e-19             1196                1
    -0.0062073334    1.3692153e-05     0.0028847964    5.2797102e-05   -0.00068755564   -0.00011907186    9.1093825e-31   -1.6021766e-19    -9.156439e-20    1.7303971e-19              677                0
     0.0059140846    4.9161295e-05    -0.0048711812   -0.00023490751     0.0068639936   -0.00025126999    9.1093825e-31   -1.6021766e-19    -9.156439e-20    1.7303971e-19             1445                1
    -0.0084832022    4.7868711e-05    -0.0047879489    0.00033928975    0.00089112861   -0.00011232284    9.1093825e-31   -1.6021766e-19    -9.156439e-20    1.7303971e-19              210                0
    -0.0057079089    6.6708108e-06    -0.0020013882    -0.0021533163   -0.00053254468    0.00099818176    9.1093825e-31   -1.6021766e-19    -9.156439e-20    1.7303971e-19              196                0
     0.0079294248    5.4086817e-05     0.0083834659   -0.00032764889   -0.00084602699     0.0012623195    9.1093825e-31   -1.6021766e-19    -9.156439e-20    1.7303971e-19              254                0
     0.0059176777    6.3327185e-05      0.004496491   -0.00065261807    -0.0012227505   -0.00088095607    9.1093825e-31   -1.6021766e-19    -9.156439e-20    1.7303971e-19              270                0
     0.0015537865    7.1512346e-05     -0.012915913     0.0010670895     -0.005701168     0.0032122275    9.1093825e-31   -1.6021766e-19    -9.156439e-20    1.7303971e-19             1489                1
     0.0089326389    4.4990433e-05     -0.013925357   -0.00070154463   -0.00059283653    0.00016456498    9.1093825e-31   -1.6021766e-19    -9.156439e-20    1.7303971e-19              310                0
     0.0078282012    3.9985949e-05     -0.011332928    0.00019718629   -0.00017251498    0.00046777696    9.1093825e-31   -1.6021766e-19    -9.156439e-20    1.7303971e-19              407                0
     0.0014847694    8.6440465e-05    -0.0051215412    0.00064148696    -0.0045866836   -0.00036968139    9.1093825e-31   -1.6021766e-19    -9.156439e-20    1.7303971e-19             1524                1
    -0.0075030844    3.4579683e-05      -0.01210518    -0.0011374924     0.0015442146    -0.0012037025    9.1093825e-31   -1.6021766e-19    -9.156439e-20    1.7303971e-19              673                0
     0.0089751026       5.7113e-05     0.0060824174    -0.0014489621    0.00052811159    0.00046890529    9.1093825e-31   -1.6021766e-19    -9.156439e-20    1.7303971e-19              390                0
     0.0085157631    2.2846234e-05      0.010220742    0.00025730178   -0.00074109051   -9.2183611e-05    9.1093825e-31   -1.6021766e-19    -9.156439e-20    1.7303971e-19              410                0
      0.009487031    2.6463151e-05     -0.010809259    0.00026861418      0.004881917    0.00064763025    9.1093825e-31   -1.6021766e-19    -9.156439e-20    1.7303971e-19             1490                1
     0.0011374811    8.4626932e-05    -0.0067082359    0.00069706945    -0.0094429152    -0.0060746716    9.1093825e-31   -1.6021766e-19    -9.156439e-20    1.7303971e-19             1536                1
   -3.4224038e-05    8.3130444e-06      0.014559265   -5.6118679e-05    0.00046465642    0.00013283684    9.1093825e-31   -1.6021766e-19    -9.156439e-20    1.7303971e-19             1500                1
     0.0031245966    2.5533689e-05      0.014158024     0.0024420333    -0.0089207953      0.002440773    9.1093825e-31   -1.6021766e-19    -9.156439e-20    1.7303971e-19             1397                1
    -0.0087119844    6.2406143e-05     0.0049738954    -0.0012634323    0.00053158368     0.0016877711    9.1093825e-31   -1.6021766e-19    -9.156439e-20    1.7303971e-19              510                0
    -0.0049912324    8.4716507e-05      0.003169274    0.00095145951    0.00033361805   -0.00034306099    9.1093825e-31   -1.6021766e-19    -9.156439e-20    1.7303971e-19              530                0
     0.0024366134    8.2066763e-05     -0.009199244     0.0031945114     -0.006084159     0.0046493444    9.1093825e-31   -1.6021766e-19    -9.156439e-20    1.7303971e-19             1521                1
     0.0091155479    3.5937566e-05     -0.012532087     -0.002508214   -0.00057564664     -0.002028822    9.1093825e-31   -1.6021766e-19    -9.156439e-20    1.7303971e-19              747                0
    0.00015838303    6.6160712e-05    -0.0059792357     0.0012664923     0.0092988135     0.0026131929    9.1093825e-31   -1.6021766e-19    -9.156439e-20    1.7303971e-19             1426                1
     0.0034426106    2.8570967e-05     0.0032254576     0.0011563724    -0.0012623382     0.0021968824    9.1093825e-31   -1.6021766e-19    -9.156439e-20    1.7303971e-19              991                0
    -0.0018913392    4.8952592e-05     0.0046061585    -0.0013041261    -0.0024748726    -0.0013496614    9.1093825e-31   -1.6021766e-19    -9.156439e-20    1.7303971e-19              630                0
    -0.0027417524    3.9590504e-05    0.00084839447   -4.4465793e-05     0.0068907137    0.00032912302    9.1093825e-31   -1.6021766e-19    -9.156439e-20    1.7303971e-19             1461                1
     0.0084227538    2.4342802e-05      0.001617055    0.00021439661   -0.00023994525   -0.00083008013    9.1093825e-31   -1.6021766e-19    -9.156439e-20    1.7303971e-19              525                0
     0.0091858925    1.2706602e-05    -0.0091013778     0.0011319702    0.00034134576    -0.0014043832    9.1093825e-31   -1.6021766e-19    -9.156439e-20    1.7303971e-19              690                0
   -0.00016961477    2.4771538e-05     0.0035872569    -0.0001823542      0.003951313   -0.00022648444    9.1093825e-31   -1.6021766e-19    -9.156439e-20    1.7303971e-19             1450                1
    -0.0014502915    5.3601787e-05     -0.006659667   -0.00090990332     0.0044773375    -0.0012254999    9.1093825e-31   -1.6021766e-19    -9.156439e-20    1.7303971e-19             1170                1
     -0.008767494    7.3113151e-05    -0.0012704361    0.00091777334    -0.0001909846    0.00099259673    9.1093825e-31   -1.6021766e-19    -9.156439e-20    1.7303971e-19              750                0
    -0.0016939406    8.4573367e-05     -0.011154315     0.0030801517    -0.0063958787   -0.00047972487    9.1093825e-31   -1.6021766e-19    -9.156439e-20    1.7303971e-19             1527                1
     0.0014981426    3.2500746e-05     0.0025671539   -0.00085348269     0.0075989878    0.00018602601    9.1093825e-31   -1.6021766e-19    -9.156439e-20    1.7303971e-19             1492                1
     0.0075325482    8.7091124e-05      0.010903574    0.00049940019    0.00049417542    0.00040816952    9.1093825e-31   -1.6021766e-19    -9.156439e-20    1.7303971e-19              810                0
     -0.007581207    4.5397908e-05    -0.0013408314     0.0028763488    0.00088274729   -0.00085117895    9.1093825e-31   -1.6021766e-19    -9.156439e-20    1.7303971e-19              257                0
     -0.005598411     3.157878e-05     0.0057763048    -0.0010893225    -0.0013852314     0.0010287567    9.1093825e-31   -1.6021766e-19    -9.156439e-20    1.7303971e-19              220                0
     0.0067727403    5.2017051e-05     0.0091209561    -0.0016488726   -0.00053913885      0.001376014    9.1093825e-31   -1.6021766e-19    -9.156439e-20    1.7303971e-19              870                0
     0.0065163048     2.689101e-05    -0.0084614586    -0.0027599058     0.0018411761   -0.00053860259    9.1093825e-31   -1.6021766e-19    -9.156439e-20    1.7303971e-19              931                0
   -0.00081147172    8.2261387e-05    -0.0083690006    -0.0044881995      -0.00542296    0.00040702146    9.1093825e-31   -1.6021766e-19    -9.156439e-20    1.7303971e-19             1516                1
     0.0041944562    9.2955641e-05      -0.01483647    -0.0013420181     0.0023454889    -0.0022179326    9.1093825e-31   -1.6021766e-19    -9.156439e-20    1.7303971e-19              833                0
    -0.0076483008     2.147753e-05     0.0045144921   -0.00040613316    -0.0014302625     0.0013642672    9.1093825e-31   -1.6021766e-19    -9.156439e-20    1.7303971e-19              633                0
    -0.0087391613    9.7288612e-05     0.0079308385   -0.00037771385    0.00017262938   -0.00033988853    9.1093825e-31   -1.6021766e-19    -9.156439e-20    1.7303971e-19              373                0
     0.0048321746    4.2618332e-05     0.0070726369    0.00020719889    -0.0027049696     0.0030166348    9.1093825e-31   -1.6021766e-19    -9.156439e-20    1.7303971e-19               18                0
     0.0059892382    5.1293309e-06    -0.0028527749     -0.001143685     0.0011578922    -0.0022771019    9.1093825e-31   -1.6021766e-19    -9.156439e-20    1.7303971e-19              256                0
    -0.0013083321    8.8944522e-05     -0.014179454   -0.00019425519    -0.0029622559     -0.002153195    9.1093825e-31   -1.6021766e-19    -9.156439e-20    1.7303971e-19             1493                1
    -0.0035613358    2.7399543e-05     -0.014350669    -0.0023456078     0.0015963735    0.00044008679    9.1093825e-31   -1.6021766e-19    -9.156439e-20    1.7303971e-19              567                0
     0.0033387875    9.4470743e-06     0.0092361514    -0.0023700029     -0.010578006    -0.0024525686    9.1093825e-31   -1.6021766e-19    -9.156439e-20    1.7303971e-19             1444                1
      0.001149967    1.7670432e-05     -0.013252429   -0.00070725498     0.0013625503    -0.0012679475    9.1093825e-31   -1.6021766e-19    -9.156439e-20    1.7303971e-19              592                0
    -0.0010460464    7.9504673e-05    -0.0059246356     -0.002251195    -0.0039717015   -0.00067474134    9.1093825e-31   -1.6021766e-19    -9.156439e-20    1.7303971e-19             1504                1
    -0.0090100076    7.3968295e-05      0.012490006    -0.0017039393    0.00054205925    1.9801573e-05    9.1093825e-31   -1.6021766e-19    -9.156439e-20    1.7303971e-19              865                0
     0.0022735072    4.7942514e-05   -8.9832269e-05     0.0024554776     0.0073391786     0.0026989838    9.1093825e-31   -1.6021766e-19    -9.156439e-20    1.7303971e-19             1443                1
     0.0033044403    9.7988392e-05     0.0024361443    0.00046498896     0.0026049379      0.001608172    9.1093825e-31   -1.6021766e-19    -9.156439e-20    1.7303971e-19             1176                1
     0.0018564014    1.4990513e-05      0.012035843   -0.00012753037     0.0056967493    0.00046205698    9.1093825e-31   -1.6021766e-19    -9.156439e-20    1.7303971e-19             1529                1
     0.0047586532    4.8971506e-05     0.0020964677   -0.00074157695   -0.00028516783     0.0011518915    9.1093825e-31   -1.6021766e-19    -9.156439e-20    1.7303971e-19              229                0
    -0.0028855074    2.2302525e-05    -0.0056066713    0.00043828704     0.0021034211    -0.0028065783    9.1093825e-31   -1.6021766e-19    -9.156439e-20    1.7303971e-19              507                0
    -0.0086060995    7.2637027e-05     -0.001437313    0.00081966107   -0.00011943553   -0.00040311349    9.1093825e-31   -1.6021766e-19    -9.156439e-20    1.7303971e-19              894                0
    -0.0027747627    9.1692986e-05    -0.0088660028    0.00069672451   -0.00042899098     -0.001582293    9.1093825e-31   -1.6021766e-19    -9.156439e-20    1.7303971e-19             1482                1
     0.0078134751    7.1523027e-05    -0.0032713909     0.0016400788    0.00024664676     0.0023099943    9.1093825e-31   -1.6021766e-19    -9.156439e-20    1.7303971e-19              309                0
    -0.0089305621    4.8808626e-05      0.011252875   -0.00022244133     -0.000257129   -0.00060470769    9.1093825e-31   -1.6021766e-19    -9.156439e-20    1.7303971e-19              329                0
     0.0077578388    4.5987355e-05     -0.014148462    -0.0029024084      0.001473806     0.0013581507    9.1093825e-31   -1.6021766e-19    -9.156439e-20    1.7303971e-19              349                0
     0.0091028847    5.9901697e-05     0.0078516351    -0.0010187312   -0.00034066604     0.0016580877    9.1093825e-31   -1.6021766e-19    -9.156439e-20    1.7303971e-19              369                0
    -0.0028414929    3.2768246e-05    -0.0069424328    -0.0019177656     0.0059812721   -0.00043626007    9.1093825e-31   -1.6021766e-19    -9.156439e-20    1.7303971e-19             1453                1
    0.00038859903    3.3215651e-06      0.012767222    -0.0029005795    -0.0001236463    -0.0073982682    9.1093825e-31   -1.6021766e-19    -9.156439e-20    1.7303971e-19             1507                1
   -0.00079560035    5.9389167e-05    -0.0027217499    0.00025626307     0.0081595154     0.0061218943    9.1093825e-31   -1.6021766e-19    -9.156439e-20    1.7303971e-19             1404                1
     0.0055666822    1.3586312e-05     0.0035450622     -0.001424639    -0.0013891739   -0.00024416237    9.1093825e-31   -1.6021766e-19    -9.156439e-20    1.7303971e-19              251                0
    -0.0090022404    8.5085368e-05    0.00046233865     0.0010552739     0.0003573315    0.00012341265    9.1093825e-31   -1.6021766e-19    -9.156439e-20    1.7303971e-19              469                0
     0.0063276021    3.3083277e-05    -0.0093891639     0.0023132712     0.0005208762     -0.000180344    9.1093825e-31   -1.6021766e-19    -9.156439e-20    1.7303971e-19             1004                1
    -0.0048975837    9.0622903e-05     -0.010777871   -3.2707101e-06    -0.0059966934     4.419086e-05    9.1093825e-31   -1.6021766e-19    -9.156439e-20    1.7303971e-19             1537                1
     0.0074124741    1.9455627e-05    0.00091731711    -0.0015606609    0.00029856677   -0.00085199036    9.1093825e-31   -1.6021766e-19    -9.156439e-20    1.7303971e-19              476                0
    -0.0049966741    3.1069841e-05     -0.012658471     0.0013721187     0.0021676067    -0.0016444422    9.1093825e-31   -1.6021766e-19    -9.156439e-20    1.7303971e-19              549                0
    -0.0011644276    7.8159916e-05      0.010147837       0.00263499    -0.0033548961    0.00071948965    9.1093825e-31   -1.6021766e-19    -9.156439e-20    1.7303971e-19              569                0
    -0.0005476856    7.6524979e-05    -0.0025474506    -0.0013112093       0.01070086     0.0008652418    9.1093825e-31   -1.6021766e-19    -9.156439e-20    1.7303971e-19             1439                1
    -0.0016793598    3.7003148e-05     0.0084246015      0.002563521    -0.0067688068   -0.00027353436    9.1093825e-31   -1.6021766e-19    -9.156439e-20    1.7303971e-19             1317                1
     0.0095024528    6.4523047e-05     -0.014614724   -9.8234807e-05     0.0005560093     0.0020946171    9.1093825e-31   -1.6021766e-19    -9.156439e-20    1.7303971e-19              922                0
    -0.0010463577    4.9642895e-05      -0.01239026    -0.0023279842      0.002601725   -0.00037932224    9.1093825e-31   -1.6021766e-19    -9.156439e-20    1.7303971e-19              649                0
    -0.0078809047    5.1015148e-05     0.0038125855     0.0011960139   -0.00048286165    0.00098681578    9.1093825e-31   -1.6021766e-19    -9.156439e-20    1.7303971e-19              934                0
   -0.00055802631    1.4563924e-05     0.0095091043    0.00053058093     0.0033920484   -0.00010335594    9.1093825e-31   -1.6021766e-19    -9.156439e-20    1.7303971e-19             1505                1
    -0.0079348311    6.4259984e-05     0.0023848503    8.4949679e-05    0.00049988565   -6.3643354e-05    9.1093825e-31   -1.6021766e-19    -9.156439e-20    1.7303971e-19              709                0
     0.0029917101    9.7811469e-05    -0.0009024684   -0.00058177294     -0.002954938    0.00027430363    9.1093825e-31   -1.6021766e-19    -9.156439e-20    1.7303971e-19             1549                1
     -0.001162694    6.9057955e-05     0.0057292245    0.00021594374     0.0095019611     -0.004571239    9.1093825e-31   -1.6021766e-19    -9.156439e-20    1.7303971e-19             1471                1
    -0.0067553641    1.7972929e-05     0.0026154339    -0.0018962619     0.0046451911   -0.00042069098    9.1093825e-31   -1.6021766e-19    -9.156439e-20    1.7303971e-19             1501                1
     0.0016713797    1.0218051e-05     0.0036336596   -0.00080263993    -0.0021735413    0.00053122931    9.1093825e-31   -1.6021766e-19    -9.156439e-20    1.7303971e-19              754                0
    -0.0050613391    8.5025058e-05      0.010076895    0.00087852933    -0.0010040629   -9.9994759e-05    9.1093825e-31   -1.6021766e-19    -9.156439e-20    1.7303971e-19              577                0
     0.0044438471    9.2211405e-05     -0.013478474    -0.0016469184     0.0036446531   -0.00020185133    9.1093825e-31   -1.6021766e-19    -9.156439e-20    1.7303971e-19              829                0
    -0.0088585233    7.4172633e-05    -0.0046216156    -0.0006080548    0.00064182602    0.00089887332    9.1093825e-31   -1.6021766e-19    -9.156439e-20    1.7303971e-19              849                0
      0.007930249    4.4407396e-05     0.0028258283    -0.0011112863   -0.00098142168    1.7737411e-05    9.1093825e-31   -1.6021766e-19    -9.156439e-20    1.7303971e-19              869                0
     0.0086858245    4.4367232e-05      0.004060423   -0.00072439353    0.00038352952    -0.0011708197    9.1093825e-31   -1.6021766e-19    -9.156439e-20    1.7303971e-19               36                0
     0.0077344794    1.0439106e-05     0.0016728756     0.0012974506   -0.00071354501     0.0016546546    9.1093825e-31   -1.6021766e-19    -9.156439e-20    1.7303971e-19              977                0
    -0.0058639538    1.5445201e-05    -0.0002485984     0.0002127005   -0.00072123675   -0.00033427015    9.1093825e-31   -1.6021766e-19    -9.156439e-20    1.7303971e-19              622                0
    -0.0010353285    2.6248399e-05     0.0060410388    -0.0010165828     0.0071049519     -0.001106914    9.1093825e-31   -1.6021766e-19    -9.156439e-20    1.7303971e-19             1509                1
     0.0060743992    7.1882932e-05       0.01179886   -0.00070172822    -0.0018452911     0.0020729341    9.1093825e-31   -1.6021766e-19    -9.156439e-20    1.7303971e-19              280                0
    -0.0046645598    5.5109169e-05    -0.0083138365    -0.0014242223     0.0018762525     0.0017521663    9.1093825e-31   -1.6021766e-19    -9.156439e-20    1.7303971e-19              591                0
    -0.0093877884    5.9468042e-05     0.0025624135    0.00081736076    0.00033382114    0.00012261096    9.1093825e-31   -1.6021766e-19    -9.156439e-20    1.7303971e-19               44                0
     0.0088648098     1.601194e-06       -0.0102489     0.0010972845   -0.00025725586   -2.0468267e-05    9.1093825e-31   -1.6021766e-19    -9.156439e-20    1.7303971e-19               64                0
    -0.0014837944    8.3320243e-05     -0.011330516   -8.0280406e-05    -0.0034887637    -0.0001129528    9.1093825e-31   -1.6021766e-19    -9.156439e-20    1.7303971e-19             1496                1
     0.0028327617    4.1538529e-05     0.0099506564    0.00033938469    -0.0029165463   -0.00023421264    9.1093825e-31   -1.6021766e-19    -9.156439e-20    1.7303971e-19              177                0
   -0.00048714233    4.5548131e-05    -0.0026029942     0.0050088917     0.0081349947     0.0052891709    9.1093825e-31   -1.6021766e-19    -9.156439e-20    1.7303971e-19             1456                1
   -0.00067867426     9.210367e-05    -0.0082376366     0.0020779415    -0.0071800505       0.00065914    9.1093825e-31   -1.6021766e-19    -9.156439e-20    1.7303971e-19             1542                1
     0.0066989791     7.460596e-05    -0.0040978524   -5.8360187e-05     0.0034981598   -0.00058004458    9.1093825e-31   -1.6021766e-19    -9.156439e-20    1.7303971e-19             1198                1
    -0.0083907675    6.0026443e-05     0.0038399666    0.00098287896   -0.00062234484    -0.0031898578    9.1093825e-31   -1.6021766e-19    -9.156439e-20    1.7303971e-19              184                0
     -0.006367357    5.1834508e-05    -0.0028519721     0.0027431562     0.0075283465     0.0030119002    9.1093825e-31   -1.6021766e-19    -9.156439e-20    1.7303971e-19             1460                1
     0.0013793618    5.3431217e-05     0.0018199562     0.0035497108     0.0014092817    -0.0029844972    9.1093825e-31   -1.6021766e-19    -9.156439e-20    1.7303971e-19             1228                1
    -0.0060395747     3.486636e-05    -0.0093230875   -0.00012723949     0.0045021516   -5.3889347e-05    9.1093825e-31   -1.6021766e-19    -9.156439e-20    1.7303971e-19             1436                1
    -0.0086527932    5.1705974e-05     0.0021171703    0.00044550936   -0.00026174213    -0.0001725218    9.1093825e-31   -1.6021766e-19    -9.156439e-20    1.7303971e-19              264                0
      0.005077119    5.3880816e-05    0.00036638495    0.00019995494   -5.1230505e-05    -0.0012760301    9.1093825e-31   -1.6021766e-19    -9.156439e-20    1.7303971e-19              284                0
    -0.0056205685    2.0241943e-05     0.0056104884    0.00084894581    -0.0017612929   -0.00045402456    9.1093825e-31   -1.6021766e-19    -9.156439e-20    1.7303971e-19              906                0
   -0.00076060503    9.4106908e-05    -0.0081228102   -0.00016449421      0.010386263    0.00039978715    9.1093825e-31   -1.6021766e-19    -9.156439e-20    1.7303971e-19             1393                1
     -0.004034054    8.9196546e-05     -0.012678904    -0.0016625031     0.0028242515      0.000356112    9.1093825e-31   -1.6021766e-19    -9.156439e-20    1.7303971e-19              344                0
    -0.0037771123    5.5407504e-06      0.011557194   -0.00039081209     0.0055330805    0.00032550772    9.1093825e-31   -1.6021766e-19    -9.156439e-20    1.7303971e-19             1544                1
   -0.00098519796    3.0203129e-05    -0.0021168892   -6.1716877e-05     0.0014103658    0.00018969551    9.1093825e-31   -1.6021766e-19    -9.156439e-20    1.7303971e-19              384                0
    -0.0049354071    1.8020239e-05      0.013503384     0.0010434143     -0.008419239    3.6287574e-06    9.1093825e-31   -1.6021766e-19    -9.156439e-20    1.7303971e-19             1384                1
     0.0070276377    5.3300748e-05     0.0080782343    -0.0022399742    -0.0051954133    0.00075574848    9.1093825e-31   -1.6021766e-19    -9.156439e-20    1.7303971e-19             1447                1
    -0.0092224134    6.4869499e-05   -0.00048893871    2.5758589e-05   -2.8972781e-05    0.00067071157    9.1093825e-31   -1.6021766e-19    -9.156439e-20    1.7303971e-19              444                0
    -0.0059496979    3.1081831e-06    -0.0019002443    0.00024151422    0.00089785038    -0.0010530526    9.1093825e-31   -1.6021766e-19    -9.156439e-20    1.7303971e-19              464                0
    0.00019338347    3.6266978e-05    -0.0037483347     0.0026411398     0.0086840792    -0.0025134345    9.1093825e-31   -1.6021766e-19    -9.156439e-20    1.7303971e-19             1491                1
     0.0054463348    1.5130212e-05     0.0091684498     0.0015459235    -0.0015532424     0.0017083376    9.1093825e-31   -1.6021766e-19    -9.156439e-20    1.7303971e-19             1322                1
     0.0064060776    7.7415236e-05      -0.01261958     -0.001209603     0.0061662174     0.0014373771    9.1093825e-31   -1.6021766e-19    -9.156439e-20    1.7303971e-19             1382                1
     0.0033368526    3.1682357e-05    -0.0010022713    0.00039625965    0.00027673508     0.0010078732    9.1093825e-31   -1.6021766e-19    -9.156439e-20    1.7303971e-19              666                0
     0.0084684035    1.8804671e-05    -0.0039206995   -0.00066888181    0.00068665697    0.00088344899    9.1093825e-31   -1.6021766e-19    -9.156439e-20    1.7303971e-19              564                0
    -0.0081150662    6.2868596e-05    -0.0098407958    1.7711593e-05     0.0029643574    0.00046037091    9.1093825e-31   -1.6021766e-19    -9.156439e-20    1.7303971e-19             1219                1
    -0.0072327107    3.7865884e-05      0.011911477    -0.0013679392    -0.0021700636   -0.00018745106    9.1093825e-31   -1.6021766e-19    -9.156439e-20    1.7303971e-19              604                0
    -0.0067124474    4.6941022e-05     0.0020213001   -5.0018069e-05     0.0012465063    2.7220247e-05    9.1093825e-31   -1.6021766e-19    -9.156439e-20    1.7303971e-19             1113                1
     -0.005599061    3.0561925e-05    -0.0032797777    -0.0028633203     0.0054960321     0.0025871431    9.1093825e-31   -1.6021766e-19    -9.156439e-20    1.7303971e-19             1464                1
    -0.0068510775    3.9766725e-05    0.00082802988    0.00025376995    0.00036498718   -8.8709981e-05    9.1093825e-31   -1.6021766e-19    -9.156439e-20    1.7303971e-19              664                0
    -0.0077460362    6.1112049e-05      -0.01493057    0.00080815505   -0.00014763763    0.00073461211    9.1093825e-31   -1.6021766e-19    -9.156439e-20    1.7303971e-19              684                0
     0.0034102523    2.6912787e-05     0.0048509939   -0.00023646893    -0.0016006256     -0.001877402    9.1093825e-31   -1.6021766e-19    -9.156439e-20    1.7303971e-19              704                0
    -0.0025915846    7.5003278e-05     -0.014314524    -0.0014463746     0.0023364583    0.00011413912    9.1093825e-31   -1.6021766e-19    -9.156439e-20    1.7303971e-19              494                0
    -0.0066769277    3.4230034e-05     0.0093120746     0.0010669931    -0.0010273738     0.0016270747    9.1093825e-31   -1.6021766e-19    -9.156439e-20    1.7303971e-19              871                0
     0.0091140065    2.8948079e-05      0.002830503    -0.0017191783   -0.00082715298      -0.00114102    9.1093825e-31   -1.6021766e-19    -9.156439e-20    1.7303971e-19              831                0
    -0.0067328298    8.8797162e-05     -0.010983566      0.001012144     0.0013290641    0.00099960039    9.1093825e-31   -1.6021766e-19    -9.156439e-20    1.7303971e-19              125                0
     -0.005152768     4.772341e-05      0.013346051    0.00098872138    -0.0017264584    0.00043470511    9.1093825e-31   -1.6021766e-19    -9.156439e-20    1.7303971e-19              804                0
     0.0039963252    5.7746634e-05     -0.012565325    0.00032926639      0.001794965    -0.0025103875    9.1093825e-31   -1.6021766e-19    -9.156439e-20    1.7303971e-19              266                0
     0.0012766868    2.0717905e-05      0.013594795     0.0026145882     -0.010282684    -0.0024267668    9.1093825e-31   -1.6021766e-19    -9.156439e-20    1.7303971e-19             1420                1
     0.0017568456    6.0156228e-05      0.011537704    -0.0013999704    -0.0071656434     0.0020889258    9.1093825e-31   -1.6021766e-19    -9.156439e-20    1.7303971e-19             1479                1
    -0.0028408149    5.7080702e-05    -0.0089983428     0.0011775637      0.003497069     0.0011482871    9.1093825e-31   -1.6021766e-19    -9.156439e-20    1.7303971e-19              360                0
    -0.0054902006    2.9632412e-05     0.0095252674   -0.00035184607    -0.0074537853   -0.00092695991    9.1093825e-31   -1.6021766e-19    -9.156439e-20    1.7303971e-19             1425                1
      0.003347049    2.6034741e-05    -0.0014289304    -0.0011129471     0.0004084837   -0.00047676134    9.1093825e-31   -1.6021766e-19    -9.156439e-20    1.7303971e-19              711                0
     0.0078292787    7.4937154e-05     -0.014157142    -0.0010104902     0.0049026539     0.0018570352    9.1093825e-31   -1.6021766e-19    -9.156439e-20    1.7303971e-19             1355                1
    0.00053823914    4.3806267e-05      -0.01188265    3.0546544e-05     0.0034037989    0.00023337404    9.1093825e-31   -1.6021766e-19    -9.156439e-20    1.7303971e-19              958                0
      -0.00860532    9.7769633e-05     0.0094037522    -3.268334e-05   -0.00039362625    -0.0010539962    9.1093825e-31   -1.6021766e-19    -9.156439e-20    1.7303971e-19               91                0
    -0.0068045221     5.900352e-05      0.012202089    0.00036066197    -0.0012451767     0.0006687846    9.1093825e-31   -1.6021766e-19    -9.156439e-20    1.7303971e-19              988                0
     0.0075859376    3.6804573e-05     0.0087306406    -0.0013942639    -0.0015776819   -0.00062261813    9.1093825e-31   -1.6021766e-19    -9.156439e-20    1.7303971e-19              867                0
     0.0075702672    8.2602874e-06     0.0059032366      0.001286254    -0.0014179209   -0.00017523853    9.1093825e-31   -1.6021766e-19    -9.156439e-20    1.7303971e-19               15                0
     0.0046718386    1.3687711e-05     0.0021143272   -0.00023771853    -0.0012588189      -0.00016567    9.1093825e-31   -1.6021766e-19    -9.156439e-20    1.7303971e-19               25                0
   -5.5557106e-05    5.2819432e-05    -0.0072456421    -0.0011481388     0.0082328962   -0.00010563674    9.1093825e-31   -1.6021766e-19    -9.156439e-20    1.7303971e-19             1446                1
      0.000437271    3.1516506e-18      0.012896018    -0.0026998268     -0.012349605     0.0014802309    9.1093825e-31   -1.6021766e-19    -9.156439e-20    1.7303971e-19             1431                1
    -0.0059866603    8.1316666e-06     0.0012880745    0.00018477625    -0.0014309494     0.0019660941    9.1093825e-31   -1.6021766e-19    -9.156439e-20    1.7303971e-19              486                0
    -0.0053351857    3.2243981e-05     0.0067449487     0.0024029105    -0.0023389244     0.0021949545    9.1093825e-31   -1.6021766e-19    -9.156439e-20    1.7303971e-19              982                0
   -5.0085047e-05    3.3390694e-05     0.0043816729   -0.00070704473     0.0057295887    -0.0041523986    9.1093825e-31   -1.6021766e-19    -9.156439e-20    1.7303971e-19             1477                1
     0.0070732478    6.7676789e-05    0.00085903745     -0.002451919    -0.0013546856     0.0038759348    9.1093825e-31   -1.6021766e-19    -9.156439e-20    1.7303971e-19             1374                1
    -0.0026419705    4.3009095e-05     0.0061122393     0.0013370815    -0.0026251161    0.00040638191    9.1093825e-31   -1.6021766e-19    -9.156439e-20    1.7303971e-19              485                0
     0.0055426429    1.4514818e-05      0.011540533    0.00087634195    -0.0041940161    -0.0022213678    9.1093825e-31   -1.6021766e-19    -9.156439e-20    1.7303971e-19             1027                1
     -0.005171312    2.8889695e-05    0.00063171017    -0.0020245796     0.0042147986     -0.002201712    9.1093825e-31   -1.6021766e-19    -9.156439e-20    1.7303971e-19             1430                1
    -0.0012845622    6.9164184e-05     -0.014182103     0.0043370859    -0.0067321211    -0.0026559113    9.1093825e-31   -1.6021766e-19    -9.156439e-20    1.7303971e-19             1494                1
     0.0024262313    8.5249958e-05    -0.0092138527   -0.00042145501       -0.0049751   -0.00043934834    9.1093825e-31   -1.6021766e-19    -9.156439e-20    1.7303971e-19             1520                1
     0.0089705382    3.1832864e-05      0.013238113    -0.0017356523     -0.001364522    -0.0016050693    9.1093825e-31   -1.6021766e-19    -9.156439e-20    1.7303971e-19              262                0
     0.0015604857    7.7951867e-05      0.011491449    5.4207951e-05   -0.00017922164    0.00045933304    9.1093825e-31   -1.6021766e-19    -9.156439e-20    1.7303971e-19             1311                1
     0.0064407005    7.6107317e-05      0.005708843   -0.00034183811   -0.00026548555    -0.0012920242    9.1093825e-31   -1.6021766e-19    -9.156439e-20    1.7303971e-19              957                0
    -0.0071399002    7.0352056e-05     0.0070792311      0.001336825   -0.00052593061   -0.00086141215    9.1093825e-31   -1.6021766e-19    -9.156439e-20    1.7303971e-19              322                0
    -0.0075444332    1.3847048e-05     0.0026335211    -0.0015694674    -0.0019555059    0.00045377633    9.1093825e-31   -1.6021766e-19    -9.156439e-20    1.7303971e-19              342                0
     0.0039239051    7.8039804e-05     0.0081562279     0.0016178341    -0.0012509823    0.00058350124    9.1093825e-31   -1.6021766e-19    -9.156439e-20    1.7303971e-19              111                0
     0.0058840704    3.1027852e-05     0.0090754069     0.0014043878    -0.0028965687    0.00081603002    9.1093825e-31   -1.6021766e-19    -9.156439e-20    1.7303971e-19               77                0
    -0.0057576522     7.999847e-05    -0.0075103575     0.0016821913     0.0029458152   -0.00084169628    9.1093825e-31   -1.6021766e-19    -9.156439e-20    1.7303971e-19              117                0
    -0.0029359481    6.8902955e-05      -0.01438703    1.1639106e-05     0.0018218938     -0.001382284    9.1093825e-31   -1.6021766e-19    -9.156439e-20    1.7303971e-19              422                0
    -0.0031936681    2.8801003e-06     0.0061267926    0.00093644921      0.007339092    -0.0012310324    9.1093825e-31   -1.6021766e-19    -9.156439e-20    1.7303971e-19             1554                1
    -0.0053434605     2.499523e-05    -0.0057036718    0.00020121019     0.0006477831   -0.00032907393    9.1093825e-31   -1.6021766e-19    -9.156439e-20    1.7303971e-19              461                0
    -0.0041914745    2.3429428e-05    -0.0097829951       -0.0030228   -0.00040815919   -0.00065708533    9.1093825e-31   -1.6021766e-19    -9.156439e-20    1.7303971e-19             1287                1
    -0.0041025751    4.7289566e-05      0.010283061    -0.0028446747    -0.0024008325     0.0010091229    9.1093825e-31   -1.6021766e-19    -9.156439e-20    1.7303971e-19              687                0
     0.0013727158     7.525125e-05    -0.0088371113    -4.363215e-07    -0.0065826843    0.00012836515    9.1093825e-31   -1.6021766e-19    -9.156439e-20    1.7303971e-19             1511                1
    -0.0070602582    5.5912515e-05      0.009550971    0.00077270973    -0.0045182323    -0.0012953783    9.1093825e-31   -1.6021766e-19    -9.156439e-20    1.7303971e-19             1407                1
    -0.0023976492     3.979613e-05    -0.0021893075    -0.0012961949     0.0065897359     0.0035298653    9.1093825e-31   -1.6021766e-19    -9.156439e-20    1.7303971e-19             1423                1
     0.0053451047    5.3707634e-05     0.0033465391    0.00019326349    -0.0010263185   -0.00070512877    9.1093825e-31   -1.6021766e-19    -9.156439e-20    1.7303971e-19              581                0
    0.00013961652    6.0311082e-05    -0.0010596525    0.00042080754     0.0085413205    0.00015509658    9.1093825e-31   -1.6021766e-19    -9.156439e-20    1.7303971e-19             1432                1
    0.00044961998    1.8755009e-05      0.012867062    0.00098493684     -0.010186989     0.0053282091    9.1093825e-31   -1.6021766e-19    -9.156439e-20    1.7303971e-19             1409                1
     0.0014002869    3.5683908e-05     0.0017761525   -0.00011302363   -0.00030345205    -0.0016366924    9.1093825e-31   -1.6021766e-19    -9.156439e-20    1.7303971e-19              641                0
      0.004832468    5.4221629e-05      0.012142618      0.002728438    -0.0070479577    0.00068337843    9.1093825e-31   -1.6021766e-19    -9.156439e-20    1.7303971e-19             1462                1
   -0.00074586237    1.4769503e-05    1.8026167e-05    -0.0033228297     0.0042140824      0.002420994    9.1093825e-31   -1.6021766e-19    -9.156439e-20    1.7303971e-19             1442                1
     0.0058967792    8.4621395e-05   -0.00087470416   -0.00048776463     0.0012347153   -0.00074130541    9.1093825e-31   -1.6021766e-19    -9.156439e-20    1.7303971e-19              797                0
    -0.0068483748    4.6146401e-05     -0.014218385    -0.0017857034    0.00048573632   -0.00014506915    9.1093825e-31   -1.6021766e-19    -9.156439e-20    1.7303971e-19              394                0
    -0.0010377706    1.1965563e-05     0.0057073645   -0.00067281164     0.0048914878    -0.0017685556    9.1093825e-31   -1.6021766e-19    -9.156439e-20    1.7303971e-19             1522                1
     0.0023404842    6.7831963e-05     0.0087177893    -0.0010138713    -0.0022473701     0.0015693358    9.1093825e-31   -1.6021766e-19    -9.156439e-20    1.7303971e-19              761                0
    -0.0015023623    2.1395655e-05      0.010718429     0.0010519242    -0.0089355921     0.0013842563    9.1093825e-31   -1.6021766e-19    -9.156439e-20    1.7303971e-19             1385                1
     0.0012275355    9.6056983e-06      0.010878607     0.0035873086     -0.010018205     0.0032960537    9.1093825e-31   -1.6021766e-19    -9.156439e-20    1.7303971e-19             1399                1
     0.0093574496    7.6743534e-05    -0.0043247635      0.000462191    3.8489285e-05     0.0016113829    9.1093825e-31   -1.6021766e-19    -9.156439e-20    1.7303971e-19              821                0
     0.0074739377    5.7780839e-05     0.0079988446    0.00012373029   -0.00029261556    0.00043219258    9.1093825e-31   -1.6021766e-19    -9.156439e-20    1.7303971e-19              131                0
     0.0020919638    2.4183581e-05      0.014659864   -7.5957949e-05    -0.0088137127    0.00021860079    9.1093825e-31   -1.6021766e-19    -9.156439e-20    1.7303971e-19             1369                1
     0.0039228811    9.6843083e-05     -0.012176291     -0.000431016     0.0031354344    0.00090428098    9.1093825e-31   -1.6021766e-19    -9.156439e-20    1.7303971e-19              808                0
    0.00068316952     2.354092e-06     0.0053700148   -0.00010134216    -0.0073999297   -0.00066399685    9.1093825e-31   -1.6021766e-19    -9.156439e-20    1.7303971e-19             1361                1
    0.00052191142    9.3534618e-05    -0.0073816315    -0.0034097054    -0.0012321529     0.0013593688    9.1093825e-31   -1.6021766e-19    -9.156439e-20    1.7303971e-19             1513                1
    -0.0092308503    4.5995996e-05       0.01220102    0.00080632675    -0.0010015822   -0.00012284527    9.1093825e-31   -1.6021766e-19    -9.156439e-20    1.7303971e-19              938                0
    -0.0083900699    1.7694869e-05    -0.0035205767    -0.0028665471    -0.0023519918    0.00062583026    9.1093825e-31   -1.6021766e-19    -9.156439e-20    1.7303971e-19             1200                1
   -0.00016474482    9.2554044e-05    -0.0035552909    -0.0019404159    -0.0013882276     0.0019329207    9.1093825e-31   -1.6021766e-19    -9.156439e-20    1.7303971e-19             1517                1
     0.0055027134    5.1586805e-05        0.0106784    1.5132904e-05    -0.0032212497   -5.0107617e-05    9.1093825e-31   -1.6021766e-19    -9.156439e-20    1.7303971e-19             1001                1
    -0.0077774953    7.2064569e-05     0.0092157079     0.0030260889     -0.002635438   -0.00070011785    9.1093825e-31   -1.6021766e-19    -9.156439e-20    1.7303971e-19             1337                1
    -0.0084245494    1.3684051e-05     0.0085059647    0.00073849608   -0.00072656199   -0.00013093994    9.1093825e-31   -1.6021766e-19    -9.156439e-20    1.7303971e-19               58                0
    -0.0036220967    2.2528897e-05     0.0035654409    0.00081429823    -0.0053555169   -0.00051378307    9.1093825e-31   -1.6021766e-19    -9.156439e-20    1.7303971e-19             1405                1
    -0.0030539229    9.7764123e-06     -0.001617508   -0.00092516578      0.003673997    -0.0018651272    9.1093825e-31   -1.6021766e-19    -9.156439e-20    1.7303971e-19             1502                1
     0.0042116102    6.1177452e-05     0.0012048815    -0.0015887157   -0.00046003141    -0.0015105187    9.1093825e-31   -1.6021766e-19    -9.156439e-20    1.7303971e-19              118                0
     0.0062093991    7.8649777e-05     -0.011471214      0.002057462     0.0019602862    0.00039889567    9.1093825e-31   -1.6021766e-19    -9.156439e-20    1.7303971e-19               51                0
    -0.0094653526    1.7473463e-05    -0.0036648614    0.00053069985    0.00043304171    0.00042818679    9.1093825e-31   -1.6021766e-19    -9.156439e-20    1.7303971e-19              158                0
      0.007945898    9.0860165e-05     -0.014413093    -0.0015151162     0.0020152964    0.00023456773    9.1093825e-31   -1.6021766e-19    -9.156439e-20    1.7303971e-19              502                0
     0.0019628895    9.5624739e-05     -0.012601751      0.002146353     0.0074639521   -0.00079183781    9.1093825e-31   -1.6021766e-19    -9.156439e-20    1.7303971e-19             1294                1
    -0.0021648442    3.8036909e-05      0.013736775   -0.00020930443     -0.010563604    -0.0024265079    9.1093825e-31   -1.6021766e-19    -9.156439e-20    1.7303971e-19             1475                1
    -0.0011674721    1.5182902e-05     0.0065884362     0.0042109131     0.0048721009     0.0045468709    9.1093825e-31   -1.6021766e-19    -9.156439e-20    1.7303971e-19             1512                1
     0.0069105043     4.184194e-05     -0.013623091   -0.00049424922     0.0013621766    0.00094232743    9.1093825e-31   -1.6021766e-19    -9.156439e-20    1.7303971e-19              213                0
    -0.0014933399    7.2868446e-05    -0.0087209921     0.0036076976      0.008615206    -0.0010091247    9.1093825e-31   -1.6021766e-19    -9.156439e-20    1.7303971e-19             1387                1
     0.0025757002    7.9441061e-06      0.012236708   -0.00072862185   -0.00092333782    0.00010829223    9.1093825e-31   -1.6021766e-19    -9.156439e-20    1.7303971e-19             1468                1
    -0.0061975727    6.4243526e-05    -0.0030112676     0.0021653706      0.001537962   -0.00071855547    9.1093825e-31   -1.6021766e-19    -9.156439e-20    1.7303971e-19              318                0
     0.0027769988    1.0615905e-05    -0.0052770539    -0.0020583516    -0.0013182558     0.0030326359    9.1093825e-31   -1.6021766e-19    -9.156439e-20    1.7303971e-19             1341                1
     0.0055967695    8.5434054e-05     0.0066845696    -0.0026560244    -0.0012876646     0.0015932642    9.1093825e-31   -1.6021766e-19    -9.156439e-20    1.7303971e-19              358                0
     0.0017933469    5.8222377e-05     0.0028190524     -0.001143319   -0.00028948518      0.001001626    9.1093825e-31   -1.6021766e-19    -9.156439e-20    1.7303971e-19              774                0
     0.0045903013    3.3599237e-05     0.0040262565   -0.00010115351    -0.0022242439     0.0041168369    9.1093825e-31   -1.6021766e-19    -9.156439e-20    1.7303971e-19              562                0
    -0.0013222053    6.0537932e-05     0.0062565412     0.0022503121    -0.0022431619    -0.0016038596    9.1093825e-31   -1.6021766e-19    -9.156439e-20    1.7303971e-19              876                0
    -0.0054165334    2.1674357e-05     -0.012249245   -0.00052039308    0.00094532355   -0.00012580019    9.1093825e-31   -1.6021766e-19    -9.156439e-20    1.7303971e-19              438                0
    -0.0050340048    8.9628964e-05    -0.0070802798    -0.0014199258     0.0045495424   -0.00078922586    9.1093825e-31   -1.6021766e-19    -9.156439e-20    1.7303971e-19             1046                1
    -0.0030931139      9.95433e-05     -0.010482071    0.00029478656    -0.0011770598    0.00087067066    9.1093825e-31   -1.6021766e-19    -9.156439e-20    1.7303971e-19             1552                1
    -0.0069134454    7.3115632e-05      0.014603374    -0.0024301291     0.0019998536    -0.0022777296    9.1093825e-31   -1.6021766e-19    -9.156439e-20    1.7303971e-19             1303                1
    -0.0089351963    5.0826511e-05    -0.0011366395     0.0007818598    0.00065627001    -0.0017875992    9.1093825e-31   -1.6021766e-19    -9.156439e-20    1.7303971e-19              518                0
     0.0039732009    1.0789714e-05     -0.001644949    -0.0026140134     0.0049542943    0.00066765776    9.1093825e-31   -1.6021766e-19    -9.156439e-20    1.7303971e-19             1525                1
     0.0033349192    5.4940145e-05     0.0079773674   -0.00076081837    -0.0025275834   -0.00054111378    9.1093825e-31   -1.6021766e-19    -9.156439e-20    1.7303971e-19              903                0
    -0.0085634217    2.6746364e-05       0.01011063     0.0010070296     -0.000334474    0.00071634154    9.1093825e-31   -1.6021766e-19    -9.156439e-20    1.7303971e-19              578                0
     0.0081053218    2.6304719e-05     -0.013408659     0.0023030192   -0.00024930455     0.0004152793    9.1093825e-31   -1.6021766e-19    -9.156439e-20    1.7303971e-19              598                0
      0.008131885    2.8075279e-05     0.0095962742     0.0017190044   -0.00071676029    0.00014763139    9.1093825e-31   -1.6021766e-19    -9.156439e-20    1.7303971e-19              618                0
    -0.0021554797    1.5480475e-05     0.0061584031     0.0028474112    -0.0065587969     0.0013588483    9.1093825e-31   -1.6021766e-19    -9.156439e-20    1.7303971e-19             1296                1
    -0.0074746725    1.6676369e-05    -0.0089558139     0.0022212195    0.00099438662   -0.00017563831    9.1093825e-31   -1.6021766e-19    -9.156439e-20    1.7303971e-19              725                0
   -0.00016341411    6.2148443e-05    -0.0035481863    -0.0015068298     -0.011297775     0.0042410684    9.1093825e-31   -1.6021766e-19    -9.156439e-20    1.7303971e-19             1518                1
     0.0033709295     2.974732e-05      0.012743209    -0.0015773099     0.0052763033    0.00076961017    9.1093825e-31   -1.6021766e-19    -9.156439e-20    1.7303971e-19             1498                1
    -0.0014228747    7.7450713e-05     -0.012430357    -0.0040869419     -0.007093953    -0.0027601714    9.1093825e-31   -1.6021766e-19    -9.156439e-20    1.7303971e-19             1514                1
    -0.0092171961    6.5626635e-05     0.0017246291   -0.00052416819     0.0010396881     0.0032432717    9.1093825e-31   -1.6021766e-19    -9.156439e-20    1.7303971e-19              738                0
     0.0011593025    4.8188289e-05      0.002768893    -0.0071483473     0.0071314471    0.00056917762    9.1093825e-31   -1.6021766e-19    -9.156439e-20    1.7303971e-19             1457                1
    -0.0038181923    5.0163089e-06     0.0049932934    3.3744363e-05    -0.0022033597    0.00099688175    9.1093825e-31   -1.6021766e-19    -9.156439e-20    1.7303971e-19              636                0
     0.0024447634    1.2310927e-05      0.011995805   -0.00044303972    -0.0053698723   -0.00050174526    9.1093825e-31   -1.6021766e-19    -9.156439e-20    1.7303971e-19             1169                1
    0.00085396675     1.791929e-05     0.0010270764    -0.0046809916    -0.0034012333     0.0061515984    9.1093825e-31   -1.6021766e-19    -9.156439e-20    1.7303971e-19             1345                1
    -0.0066463621    3.4885168e-05     0.0050077634   -0.00042566709    -0.0011074217     0.0010691558    9.1093825e-31   -1.6021766e-19    -9.156439e-20    1.7303971e-19              573                0
     0.0066350182    5.5991186e-05     -0.011530398   -0.00016245071     0.0019541904    0.00042441525    9.1093825e-31   -1.6021766e-19    -9.156439e-20    1.7303971e-19              274                0
    -0.0056118527    8.2605009e-05     0.0079270946   -0.00080550351    -0.0017644911    -0.0007311941    9.1093825e-31   -1.6021766e-19    -9.156439e-20    1.7303971e-19              878                0
      0.002704588    7.5406759e-05    -0.0040120119      0.004309807     0.0044073085     0.0024302867    9.1093825e-31   -1.6021766e-19    -9.156439e-20    1.7303971e-19             1029                1
    -2.213571e-05    9.2346963e-06     0.0038659899     0.0010056162    -0.0023398604   -0.00086375372    9.1093825e-31   -1.6021766e-19    -9.156439e-20    1.7303971e-19              608                0
    0.00059920253    2.3130049e-05      -0.01257117    0.00044576303     0.0025724191    0.00070670777    9.1093825e-31   -1.6021766e-19    -9.156439e-20    1.7303971e-19              136                0
     0.0040357164    5.2017458e-06    -0.0098443041    3.7559312e-05     0.0011354979    -0.0010484473    9.1093825e-31   -1.6021766e-19    -9.156439e-20    1.7303971e-19              953                0
      0.002415278    1.4794373e-05       0.01010338     0.0010838448    -0.0038466069     0.0027103226    9.1093825e-31   -1.6021766e-19    -9.156439e-20    1.7303971e-19              970                0
    -0.0062608896    3.2627097e-05     0.0055696322   -0.00080670626    -0.0013381178    -0.0027878075    9.1093825e-31   -1.6021766e-19    -9.156439e-20    1.7303971e-19              985                0
     0.0081503224    1.8610928e-05   -4.6115467e-05   -0.00050111522     0.0037544977    0.00051037373    9.1093825e-31   -1.6021766e-19    -9.156439e-20    1.7303971e-19             1487                1
     0.0076755066    6.8984882e-05    0.00060244696   -0.00057455013   -1.3303538e-06     0.0012065584    9.1093825e-31   -1.6021766e-19    -9.156439e-20    1.7303971e-19              614                0
     0.0024549251    7.7970493e-05      0.012155537     0.0014093041    -0.0021185721    -0.0018243926    9.1093825e-31   -1.6021766e-19    -9.156439e-20    1.7303971e-19              693                0
      0.004035709    9.2678434e-05     -0.011735172   -0.00099542318      -0.00507956    0.00067854841    9.1093825e-31   -1.6021766e-19    -9.156439e-20    1.7303971e-19             1538                1
    9.7444004e-05    6.7832938e-05     -0.013364038   -7.9916201e-05     0.0023788698    0.00029347831    9.1093825e-31   -1.6021766e-19    -9.156439e-20    1.7303971e-19               79                0
    -0.0050302395    6.7637215e-05     0.0045337109    8.0614354e-06   -0.00011085228    0.00061408296    9.1093825e-31   -1.6021766e-19    -9.156439e-20    1.7303971e-19              397                0
    -0.0060710981    8.1021957e-05     0.0029326472    0.00087138644   -0.00053143397    -0.0011022835    9.1093825e-31   -1.6021766e-19    -9.156439e-20    1.7303971e-19              990                0
    -0.0071535925    5.5581045e-06    -0.0037011472    -0.0005889532    0.00066948071   -0.00069089828    9.1093825e-31   -1.6021766e-19    -9.156439e-20    1.7303971e-19              717                0
     0.0017943486    3.9582424e-06      0.006910976    -0.0041313325    -0.0078696022    -0.0029045581    9.1093825e-31   -1.6021766e-19    -9.156439e-20    1.7303971e-19             1324                1
    -0.0075015919    8.7128101e-05      0.011612521     0.0016635741   -0.00069589575    -0.0012443904    9.1093825e-31   -1.6021766e-19    -9.156439e-20    1.7303971e-19              179                0
     0.0029164127        9.786e-05      0.013865784    0.00043607739    -0.0010573762   -0.00043755941    9.1093825e-31   -1.6021766e-19    -9.156439e-20    1.7303971e-19              960                0
     0.0077087688    7.2342213e-05      0.005100376    -0.0010361564   -0.00052803062     0.0030264596    9.1093825e-31   -1.6021766e-19    -9.156439e-20    1.7303971e-19              219                0
     0.0016080253    3.5594927e-05    -0.0030883807      0.001004045     0.0090481378   -0.00080862857    9.1093825e-31   -1.6021766e-19    -9.156439e-20    1.7303971e-19             1497                1
     0.0012792218    5.5797962e-05    -0.0033547287    -9.243736e-05     0.0090307547    0.00025797641    9.1093825e-31   -1.6021766e-19    -9.156439e-20    1.7303971e-19             1448                1
     0.0049128607    2.2616161e-05     0.0070100999     0.0011821412    -0.0064114025    0.00045063163    9.1093825e-31   -1.6021766e-19    -9.156439e-20    1.7303971e-19             1359                1
    -0.0026669626    6.1626735e-05      0.007010845    -0.0017940445    -0.0020435527   -0.00051437097    9.1093825e-31   -1.6021766e-19    -9.156439e-20    1.7303971e-19              299                0
     0.0077814474      1.81907e-05     0.0037152674    -0.0009109216    -0.0013298711    0.00034637621    9.1093825e-31   -1.6021766e-19    -9.156439e-20    1.7303971e-19              731                0
     0.0078587784    4.1320356e-05    -0.0018413169   -0.00022129045     0.0046170619    0.00040254943    9.1093825e-31   -1.6021766e-19    -9.156439e-20    1.7303971e-19             1434                1
    -0.0090518296    2.8899327e-05     0.0023060394     -0.002229003    0.00032756079    -0.0018363086    9.1093825e-31   -1.6021766e-19    -9.156439e-20    1.7303971e-19              978                0
   -0.00044088444    9.8451746e-05    -0.0077603012     0.0027079987    -0.0078122285    -0.0011617508    9.1093825e-31   -1.6021766e-19    -9.156439e-20    1.7303971e-19             1556                1
    -0.0092959078     1.338691e-05    0.00086583017     -0.002742755    -0.0012911409    -0.0011596236    9.1093825e-31   -1.6021766e-19    -9.156439e-20    1.7303971e-19              497                0
    -0.0090276264    6.8648638e-05     0.0023136032   -0.00065547263   -0.00048676369     0.0014006936    9.1093825e-31   -1.6021766e-19    -9.156439e-20    1.7303971e-19              874                0
   -0.00067938701     9.295057e-05    -0.0082394527     0.0014233746    -0.0064023086    -0.0010082248    9.1093825e-31   -1.6021766e-19    -9.156439e-20    1.7303971e-19             1541                1
     0.0045620599    3.5167064e-05     0.0040956782    -0.0019126263     0.0035536098     0.0014748097    9.1093825e-31   -1.6021766e-19    -9.156439e-20    1.7303971e-19             1427                1
     -0.003406713    9.4334173e-05    -0.0098993052     0.0023868042     0.0099853734    7.0810762e-05    9.1093825e-31   -1.6021766e-19    -9.156439e-20    1.7303971e-19             1421                1
     0.0075916192    2.2151342e-05    -0.0051919655     0.0001783794    0.00021739338   -0.00083235279    9.1093825e-31   -1.6021766e-19    -9.156439e-20    1.7303971e-19              374                0
    0.00044637671    6.7807072e-05    0.00024364829     0.0051919026      0.011650746    -0.0025698026    9.1093825e-31   -1.6021766e-19    -9.156439e-20    1.7303971e-19             1476                1
     -0.003442782    2.8755179e-05    -0.0050055953   -0.00013785559     0.0013157218     2.653433e-05    9.1093825e-31   -1.6021766e-19    -9.156439e-20    1.7303971e-19              746                0
     0.0022214225    2.6425676e-06       0.01334973    -0.0006900283      0.003213478    -0.0020239349    9.1093825e-31   -1.6021766e-19    -9.156439e-20    1.7303971e-19             1546                1
    -0.0032642225    1.6108739e-05    -0.0012228526    0.00041830621    -0.0027877637    0.00091650459    9.1093825e-31   -1.6021766e-19    -9.156439e-20    1.7303971e-19             1367                1
    -0.0012799483    4.4308901e-05      0.010642792    -0.0010721099      -0.01008677    -0.0029651371    9.1093825e-31   -1.6021766e-19    -9.156439e-20    1.7303971e-19             1483                1
    -0.0040048035    3.1236784e-06     0.0052466728    -0.0002111542     0.0041027316   -0.00065434707    9.1093825e-31   -1.6021766e-19    -9.156439e-20    1.7303971e-19             1547                1
     0.0094615519    3.4688066e-05    -0.0010816843    0.00052728283    -0.0009016032     0.0010618099    9.1093825e-31   -1.6021766e-19    -9.156439e-20    1.7303971e-19              328                0
     0.0027506338    8.7804961e-05    -0.0070334319     0.0066040885      -0.00315294    0.00062033231    9.1093825e-31   -1.6021766e-19    -9.156439e-20    1.7303971e-19             1515                1
     0.0081010638    7.9151469e-06     -0.008183334    0.00056269672    0.00044466209   -0.00061447389    9.1093825e-31   -1.6021766e-19    -9.156439e-20    1.7303971e-19              505                0
    -0.0017673441    5.3958443e-05     0.0039650942    -0.0013808019    -0.0014829664    9.2105889e-05    9.1093825e-31   -1.6021766e-19    -9.156439e-20    1.7303971e-19              699                0
    -0.0082903206    3.8723017e-05      0.014571094    7.9432888e-05   -0.00026435105     0.0012158388    9.1093825e-31   -1.6021766e-19    -9.156439e-20    1.7303971e-19              719                0
      0.007323456    7.5594515e-05     0.0058381674   -0.00064143434   -0.00091456744      0.001955322    9.1093825e-31   -1.6021766e-19    -9.156439e-20    1.7303971e-19              828                0
     0.0040386603    4.7818808e-06     0.0028299436    -0.0007345418    -0.0010840914     -0.000819234    9.1093825e-31   -1.6021766e-19    -9.156439e-20    1.7303971e-19              885                0
     0.0030127829     3.357376e-05     0.0017133295   -4.8301728e-05     0.0073567159    1.0607228e-05    9.1093825e-31   -1.6021766e-19    -9.156439e-20    1.7303971e-19             1486                1
     0.0075735007    2.3235045e-05     -0.011949755     0.0017420225   -5.1132949e-05    0.00084804808    9.1093825e-31   -1.6021766e-19    -9.156439e-20    1.7303971e-19              799                0
     -0.002384776    6.8712936e-05     -0.014861162    -0.0011966066     0.0016644768    0.00062928331    9.1093825e-31   -1.6021766e-19    -9.156439e-20    1.7303971e-19               27                0
    -0.0050338525    8.2728286e-05     -0.014798278   -0.00028135761     0.0016597081    -0.0025989735    9.1093825e-31   -1.6021766e-19    -9.156439e-20    1.7303971e-19              839                0
    0.00036060417    9.7691431e-05    -0.0087977331     0.0032174508    -0.0033166832    0.00094076415    9.1093825e-31   -1.6021766e-19    -9.156439e-20    1.7303971e-19             1548                1
     0.0075419648    3.9739793e-05    -0.0099296235    0.00040650112    0.00052262808   -0.00089850376    9.1093825e-31   -1.6021766e-19    -9.156439e-20    1.7303971e-19              786                0
    -0.0023675556    9.6778735e-05    -0.0021749837    -0.0026625176     -0.005258427     0.0015965183    9.1093825e-31   -1.6021766e-19    -9.156439e-20    1.7303971e-19             1550                1
      0.006815902    7.1999893e-05     -0.014462109     0.0017975131     0.0020813257     0.0034320795    9.1093825e-31   -1.6021766e-19    -9.156439e-20    1.7303971e-19              918                0
     0.0076934039    2.4591669e-05    -0.0079041608   -1.0592141e-05     0.0029181049    -0.0028915145    9.1093825e-31   -1.6021766e-19    -9.156439e-20    1.7303971e-19             1401                1
     0.0053650592     2.490465e-05     -0.011704849    0.00075012364     0.0014431742      0.002644578    9.1093825e-31   -1.6021766e-19    -9.156439e-20    1.7303971e-19              954                0
     0.0016715879    2.9765835e-05    -0.0037373919      -0.00377972     0.0075274315     0.0035397268    9.1093825e-31   -1.6021766e-19    -9.156439e-20    1.7303971e-19             1495                1
      0.001264155    5.1340488e-05     0.0025265976    -0.0011923189     0.0084563037    -0.0005410224    9.1093825e-31   -1.6021766e-19    -9.156439e-20    1.7303971e-19             1469                1
     0.0049265227    3.2669043e-06    0.00025256095   -0.00087289192     5.642233e-05    0.00037595551    9.1093825e-31   -1.6021766e-19    -9.156439e-20    1.7303971e-19               63                0
    -0.0011154254    2.6458174e-05      0.005789252     0.0063353484      0.003963849      0.003200385    9.1093825e-31   -1.6021766e-19    -9.156439e-20    1.7303971e-19             1472                1
    0.00069963292    9.2120463e-05    -0.0040766313   -0.00025451914    -0.0052950238    0.00026643314    9.1093825e-31   -1.6021766e-19    -9.156439e-20    1.7303971e-19             1539                1
    -0.0017904127    8.9598461e-06     0.0017491833     0.0053555309     0.0048659812     0.0016894656    9.1093825e-31   -1.6021766e-19    -9.156439e-20    1.7303971e-19             1531                1
     0.0018107721      7.05489e-05     -0.014408265    -0.0030024929     0.0025326097   -0.00041314051    9.1093825e-31   -1.6021766e-19    -9.156439e-20    1.7303971e-19              983                0
     0.0029390964    8.4645573e-05     -0.004622533     -0.002811067     0.0026903911    0.00074507669    9.1093825e-31   -1.6021766e-19    -9.156439e-20    1.7303971e-19             1375                1
     0.0031241672     4.431629e-05    -0.0024214115    -0.0039841565     0.0082044108     0.0011509055    9.1093825e-31   -1.6021766e-19    -9.156439e-20    1.7303971e-19             1473                1
    -6.556615e-05    6.6293956e-05     0.0033858772     0.0010789455   -0.00075177237     0.0010933877    9.1093825e-31   -1.6021766e-19    -9.156439e-20    1.7303971e-19              748                0
     0.0033582374     5.342131e-05      0.012219626    -0.0013247406    -0.0061491998     0.0043114605    9.1093825e-31   -1.6021766e-19    -9.156439e-20    1.7303971e-19             1319                1
    -0.0074733011     5.774149e-05    -0.0048918296    -0.0028407159    0.00042215464    0.00034539658    9.1093825e-31   -1.6021766e-19    -9.156439e-20    1.7303971e-19              243                0
     0.0013838989    1.6547147e-05      0.011316408    -0.0010256466    -0.0094235539    -0.0035147793    9.1093825e-31   -1.6021766e-19    -9.156439e-20    1.7303971e-19             1378                1
    -0.0030841744    5.2500295e-06     0.0022620694    -0.0010401394   -0.00074015895     0.0022443242    9.1093825e-31   -1.6021766e-19    -9.156439e-20    1.7303971e-19              512                0
    -0.0028179511    1.1443086e-05    0.00029209905    -0.0029274561    0.00017017512    -0.0029542141    9.1093825e-31   -1.6021766e-19    -9.156439e-20    1.7303971e-19              303                0
    -0.0092761423    7.2853463e-06     -0.011430015    0.00019129779   -0.00083302968    -0.0003118903    9.1093825e-31   -1.6021766e-19    -9.156439e-20    1.7303971e-19              323                0
     0.0067627458     9.657054e-05      0.014726384     0.0006847271   -0.00023624905    -0.0033858605    9.1093825e-31   -1.6021766e-19    -9.156439e-20    1.7303971e-19              197                0
     0.0048152418    4.7641552e-05    -0.0017519213    0.00027664803     0.0059713931   -0.00054658554    9.1093825e-31   -1.6021766e-19    -9.156439e-20    1.7303971e-19             1403                1
    -0.0026614326    4.1169518e-05     -0.008124033    0.00017071591      0.002759285    0.00087161467    9.1093825e-31   -1.6021766e-19    -9.156439e-20    1.7303971e-19              217                0
     0.0030818051    7.9647158e-05     -0.004361033    0.00050525088      0.011634433   -9.6715667e-05    9.1093825e-31   -1.6021766e-19    -9.156439e-20    1.7303971e-19             1458                1
    -0.0090293996    8.3353072e-05    -0.0016649581   -0.00063219888     0.0010009025    0.00069754251    9.1093825e-31   -1.6021766e-19    -9.156439e-20    1.7303971e-19              888                0
    -0.0082069421    7.1872651e-05     -0.008448855    9.5151074e-05     0.0020691832     0.0020303146    9.1093825e-31   -1.6021766e-19    -9.156439e-20    1.7303971e-19              443                0
    -0.0037807426    6.2007202e-05    -0.0016029786     0.0017427994      0.010699672     0.0010893143    9.1093825e-31   -1.6021766e-19    -9.156439e-20    1.7303971e-19             1478                1
    7.4388765e-05     5.744434e-05      -0.01208145    0.00032191692     0.0035349405      0.003117491    9.1093825e-31   -1.6021766e-19    -9.156439e-20    1.7303971e-19              483                0
    -0.0090114288    1.5988126e-05      0.013785161     0.0013441086   -0.00051467872   -0.00050235179    9.1093825e-31   -1.6021766e-19    -9.156439e-20    1.7303971e-19              503                0
   -0.00031595692    9.2844675e-05    0.00039925141     0.0018411551      0.012705525   -0.00046111713    9.1093825e-31   -1.6021766e-19    -9.156439e-20    1.7303971e-19             1452                1
     0.0033678622    1.5863658e-05    -0.0017021681     0.0019100285     0.0052140066    -0.0016321263    9.1093825e-31   -1.6021766e-19    -9.156439e-20    1.7303971e-19             1506                1
      0.005813993    1.8252083e-05    -0.0038681834     0.0032040149    0.00070276525   -0.00025751244    9.1093825e-31   -1.6021766e-19    -9.156439e-20    1.7303971e-19              807                0
   -0.00086223788    6.1222869e-05    -0.0058136987     0.0044695525      0.009590039      0.005534749    9.1093825e-31   -1.6021766e-19    -9.156439e-20    1.7303971e-19             1454                1
     -0.003959652    9.3454226e-05     -0.013316035     0.0017990877     0.0073528169   -0.00047481604    9.1093825e-31   -1.6021766e-19    -9.156439e-20    1.7303971e-19             1368                1
    -0.0045078862    7.4381842e-06     0.0065109879     0.0001135804    -0.0074300594    0.00053591997    9.1093825e-31   -1.6021766e-19    -9.156439e-20    1.7303971e-19             1377                1
    -0.0040340032     7.131313e-05      0.014776118   -0.00096260803     -0.005729767    -0.0050594099    9.1093825e-31   -1.6021766e-19    -9.156439e-20    1.7303971e-19             1463                1
     0.0001465449    9.3491057e-05    -0.0010649477    -0.0023740369    -0.0055901883    -0.0082378341    9.1093825e-31   -1.6021766e-19    -9.156439e-20    1.7303971e-19             1543                1
     0.0018332921    8.1288158e-07     0.0070453999    -0.0052852337    4.8896636e-05       0.00462355    9.1093825e-31   -1.6021766e-19    -9.156439e-20    1.7303971e-19             1467                1
     0.0022242249    9.7221768e-05     -0.014812731   -3.9342431e-05    -0.0057304511    0.00023285231    9.1093825e-31   -1.6021766e-19    -9.156439e-20    1.7303971e-19             1551                1
     -0.008996441    6.8293339e-05    -0.0043737297    -0.0027676013    0.00065042655    0.00050324819    9.1093825e-31   -1.6021766e-19    -9.156439e-20    1.7303971e-19              723                0
     0.0094062733    9.6272583e-05      0.013832856    -0.0017831528    0.00076561456     0.0018298314    9.1093825e-31   -1.6021766e-19    -9.156439e-20    1.7303971e-19              742                0
     0.0018512968    1.0705044e-05      0.010553738    -0.0049682609     0.0045703487     0.0029198893    9.1093825e-31   -1.6021766e-19    -9.156439e-20    1.7303971e-19             1530                1
     0.0065741153     6.755659e-05     0.0055870903     0.0017076608    0.00010302511     0.0018554062    9.1093825e-31   -1.6021766e-19    -9.156439e-20    1.7303971e-19              782                0
     0.0087859873    9.3169947e-05      0.011929668    0.00052027259    0.00026589661     0.0014048598    9.1093825e-31   -1.6021766e-19    -9.156439e-20    1.7303971e-19              802                0
     0.0025211314     5.063403e-06    0.00046508777     0.0037090622   -0.00020525478     0.0012059143    9.1093825e-31   -1.6021766e-19    -9.156439e-20    1.7303971e-19              822                0
    0.00088731974     7.025521e-06     0.0077602598     0.0064724605     -0.008332042     0.0067865956    9.1093825e-31   -1.6021766e-19    -9.156439e-20    1.7303971e-19             1342                1
    -0.0058206506    2.2390553e-07     0.0014343545   -4.1550338e-05    -0.0011867873   -0.00099318137    9.1093825e-31   -1.6021766e-19    -9.156439e-20    1.7303971e-19              862                0
    -0.0026427461    4.7992096e-05     0.0064891451    -0.0017386397    -0.0018100461     0.0019391793    9.1093825e-31   -1.6021766e-19    -9.156439e-20    1.7303971e-19              288                0
    -0.0055514751    1.5028711e-05     0.0062934016     0.0014857156    -0.0017585511     0.0014971851    9.1093825e-31   -1.6021766e-19    -9.156439e-20    1.7303971e-19              902                0
    -0.0035723988    1.3302902e-05     0.0026224344     0.0011662765     0.0044038114     0.0018871577    9.1093825e-31   -1.6021766e-19    -9.156439e-20    1.7303971e-19             1510                1
     0.0044856472    8.3298277e-05    -0.0020154209    7.6005366e-05      0.011363032    0.00041082667    9.1093825e-31   -1.6021766e-19    -9.156439e-20    1.7303971e-19             1455                1
    -0.0014895741    7.4417207e-05     -0.008630651     0.0038665333     0.0087386901     0.0051991707    9.1093825e-31   -1.6021766e-19    -9.156439e-20    1.7303971e-19             1388                1
     0.0016203292    5.0148363e-05      0.007395844   -0.00026342389     0.0059208558    0.00022926304    9.1093825e-31   -1.6021766e-19    -9.156439e-20    1.7303971e-19             1465                1
      0.008126691    4.1074079e-05      0.014874415   -0.00070494984    -0.0010240969     0.0010860164    9.1093825e-31   -1.6021766e-19    -9.156439e-20    1.7303971e-19              986                0
    -0.0063363779    2.6518695e-05     0.0040018545    7.8370824e-05    -0.0011531567    2.9636965e-05    9.1093825e-31   -1.6021766e-19    -9.156439e-20    1.7303971e-19              997                0
     0.0064618965    2.9575218e-05    -0.0076871039     0.0022224898     0.0020917307     0.0016497793    9.1093825e-31   -1.6021766e-19    -9.156439e-20    1.7303971e-19                4                0
     0.0033173645    7.9829828e-05      0.014321822   -0.00025126181    -0.0011947934     0.0032745686    9.1093825e-31   -1.6021766e-19    -9.156439e-20    1.7303971e-19                7                0
    -0.0075217658     2.301811e-05      0.001913712   -0.00074851996    -0.0012637511    -0.0018019928    9.1093825e-31   -1.6021766e-19    -9.156439e-20    1.7303971e-19               12                0
     0.0053773746    3.8520146e-05     0.0018925988    0.00054432388   -0.00054654392     0.0025722312    9.1093825e-31   -1.6021766e-19    -9.156439e-20    1.7303971e-19               20                0
     -0.006415043    3.3462944e-05    -0.0020747473   -9.8221979e-05    0.00068888842    0.00093325536    9.1093825e-31   -1.6021766e-19    -9.156439e-20    1.7303971e-19               32                0
     0.0088428147    1.6915488e-05     -0.007594001   -0.00035302923   -0.00038916504    0.00040068227    9.1093825e-31   -1.6021766e-19    -9.156439e-20    1.7303971e-19               52                0
    -0.0010168668    1.3326779e-05     0.0060499026     0.0016668307     0.0074780895   -0.00035338249    9.1093825e-31   -1.6021766e-19    -9.156439e-20    1.7303971e-19             1534                1
     0.0092605725    6.5640415e-05      0.012594732     0.0010779832    0.00034486211   -0.00051276578    9.1093825e-31   -1.6021766e-19    -9.156439e-20    1.7303971e-19              812                0
     0.0018290647    1.8925251e-05    -0.0019766048   -3.0222757e-06    -0.0016436189     0.0021409485    9.1093825e-31   -1.6021766e-19    -9.156439e-20    1.7303971e-19             1334                1
    -0.0065668048    2.3792627e-05    -0.0087131392    0.00094331347      0.001666261    -0.0013273158    9.1093825e-31   -1.6021766e-19    -9.156439e-20    1.7303971e-19              132                0
    -0.0055115279    3.2564036e-05     -0.014724285      0.001770466     0.0006837534   -0.00097513554    9.1093825e-31   -1.6021766e-19    -9.156439e-20    1.7303971e-19              152                0
    -0.0079898387    2.3029927e-05     0.0026559876     -0.001141676    -0.0023606468    0.00064706994    9.1093825e-31   -1.6021766e-19    -9.156439e-20    1.7303971e-19             1168                1
    -0.0094441082    9.0812508e-05    -0.0066701882    0.00040513615    0.00039024212    0.00041481768    9.1093825e-31   -1.6021766e-19    -9.156439e-20    1.7303971e-19              192                0
    -0.0092478497    2.9860237e-05    -0.0018694417     0.0011836611    2.7299313e-05   -0.00095280213    9.1093825e-31   -1.6021766e-19    -9.156439e-20    1.7303971e-19              212                0
    -0.0089584244    6.3680767e-05      0.010377142     0.0017767422    -0.0027502917   -0.00055912876    9.1093825e-31   -1.6021766e-19    -9.156439e-20    1.7303971e-19             1370                1
     0.0021801994    2.1281735e-06      0.013363875    -0.0012277361     -0.010671316   -0.00058991573    9.1093825e-31   -1.6021766e-19    -9.156439e-20    1.7303971e-19             1391                1
     0.0092012603    6.3187646e-05    0.00092438114     0.0014052012    -0.0003201458   -0.00017852413    9.1093825e-31   -1.6021766e-19    -9.156439e-20    1.7303971e-19              637                0
     5.922409e-05    5.4325506e-06     0.0033337579     0.0024715916    -0.0022433123    -0.0010226817    9.1093825e-31   -1.6021766e-19    -9.156439e-20    1.7303971e-19              173                0
    -0.0023240913    2.7787317e-05     0.0071859476     0.0020550536    -0.0023286783     0.0001588781    9.1093825e-31   -1.6021766e-19    -9.156439e-20    1.7303971e-19              632                0
    -0.0001670248    4.6608166e-05     0.0035910844    9.0292524e-05     0.0062474501    0.00017840389    9.1093825e-31   -1.6021766e-19    -9.156439e-20    1.7303971e-19             1449                1
     0.0033292559    9.2591516e-05     -0.007519735    -0.0042917598      0.012132665     0.0023882012    9.1093825e-31   -1.6021766e-19    -9.156439e-20    1.7303971e-19             1451                1
    -0.0050182943    2.5926651e-05     0.0089277867     -0.002162141     -0.002945357    2.2246022e-06    9.1093825e-31   -1.6021766e-19    -9.156439e-20    1.7303971e-19              662                0
    0.00060339697    2.1209677e-05     0.0097296648   -0.00070423092    -0.0091188038    0.00080246315    9.1093825e-31   -1.6021766e-19    -9.156439e-20    1.7303971e-19             1419                1
    -0.0013537669    9.0363981e-05     -0.012394416    -0.0037553764      0.008091066     0.0026489403    9.1093825e-31   -1.6021766e-19    -9.156439e-20    1.7303971e-19             1381                1
     0.0041606273    9.5930627e-05    -0.0087130116    -0.0054480718      0.010120169    -0.0018708055    9.1093825e-31   -1.6021766e-19    -9.156439e-20    1.7303971e-19             1412                1
     0.0014414485    9.2569266e-05     -0.008914805     0.0022247925    -0.0062208213   -0.00080884137    9.1093825e-31   -1.6021766e-19    -9.156439e-20    1.7303971e-19             1540                1
    -0.0043023885     8.498635e-05     -0.012143223    -0.0023889374    -0.0058657043    -0.0067915851    9.1093825e-31   -1.6021766e-19    -9.156439e-20    1.7303971e-19             1523                1
    -0.0042735599    9.9241232e-05    -0.0073676649     0.0013771262    -0.0076645338     0.0019901122    9.1093825e-31   -1.6021766e-19    -9.156439e-20    1.7303971e-19             1557                1
    -0.0040132473    7.6930144e-07     0.0093844999    -0.0017094383     0.0077710068     0.0031770375    9.1093825e-31   -1.6021766e-19    -9.156439e-20    1.7303971e-19             1558                1
