%  ASCII export : 
%
%  Momentum is normalized to the product of particle's mass and speed of light.
%  All other quantities are in SI units.
%
%            posX             posY             posZ             momX             momY             momZ             mass           charge     macro-charge             time       particleID         sourceID

    -0.0012791224    4.5161043e-05     -0.012504619     0.0048121996    -0.0073730946     0.0028614118    9.1093825e-31   -1.6021766e-19    -9.156439e-20    3.8207431e-19             2186                1
   -0.00086920353    8.8368826e-05     0.0058384538    0.00044761601      0.012278974   -0.00011688578    9.1093825e-31   -1.6021766e-19    -9.156439e-20    3.8207431e-19             2284                1
     0.0010803251    1.4552477e-07    -0.0092902686   -0.00052816811     0.0006985541    -0.0033576041    9.1093825e-31   -1.6021766e-19    -9.156439e-20    3.8207431e-19             2425                1
     -0.002603723    3.2054209e-05    6.8405112e-05   -0.00029455175     0.0024299717   -0.00056177255    9.1093825e-31   -1.6021766e-19    -9.156439e-20    3.8207431e-19              348                0
    -0.0092219133     1.816503e-05    -0.0044425186     0.0020728912   -0.00058004848    0.00085983303    9.1093825e-31   -1.6021766e-19    -9.156439e-20    3.8207431e-19             1002                1
    -0.0014152146     5.190638e-05     -0.008504753     0.0057921158    -0.0075133089     0.0041888864    9.1093825e-31   -1.6021766e-19    -9.156439e-20    3.8207431e-19             2273                1
    -0.0063322261    1.2133182e-05     0.0040037152    5.3060819e-05     0.0013938459    2.9848939e-05    9.1093825e-31   -1.6021766e-19    -9.156439e-20    3.8207431e-19              997                0
   -0.00065702462    5.8890255e-05     -0.012178705    0.00042872579    -0.0027836275    -0.0011825195    9.1093825e-31   -1.6021766e-19    -9.156439e-20    3.8207431e-19               55                0
     0.0063499184    2.6850448e-06      0.014307489   -0.00054785068   -0.00066956342    0.00091627566    9.1093825e-31   -1.6021766e-19    -9.156439e-20    3.8207431e-19              171                0
     0.0018519538    4.5323475e-05      0.010493809     0.0011960383     0.0066660661    -0.0041614193    9.1093825e-31   -1.6021766e-19    -9.156439e-20    3.8207431e-19             2238                1
     0.0044286465    3.0208112e-05     0.0052653896   -0.00056313141     0.0022418411    -0.0003833271    9.1093825e-31   -1.6021766e-19    -9.156439e-20    3.8207431e-19              154                0
     0.0065727378     7.474533e-05     -0.013346795     0.0014251386    -0.0013022319     0.0013951071    9.1093825e-31   -1.6021766e-19    -9.156439e-20    3.8207431e-19              488                0
    -0.0024604218     5.083398e-05     -0.014821565    -0.0012178519    -0.0032150759    0.00063563103    9.1093825e-31   -1.6021766e-19    -9.156439e-20    3.8207431e-19               27                0
     0.0032734075    4.7638707e-05       0.01268443     0.0020200708     0.0087404065    -0.0022717437    9.1093825e-31   -1.6021766e-19    -9.156439e-20    3.8207431e-19             2322                1
   -0.00081873685    9.0518253e-05      -0.00281996    -0.0079574483     -0.002955731   -0.00073291367    9.1093825e-31   -1.6021766e-19    -9.156439e-20    3.8207431e-19             2363                1
     0.0013031333    5.5674096e-05      0.011350765    -0.0027595754     0.0079999557    0.00051760464    9.1093825e-31   -1.6021766e-19    -9.156439e-20    3.8207431e-19             2267                1
     0.0080829533    1.0034703e-05      0.014942451   -0.00069158844   -0.00071631471     0.0010854749    9.1093825e-31   -1.6021766e-19    -9.156439e-20    3.8207431e-19              986                0
     0.0079678176    4.1240564e-06     0.0085941777    -0.0021698684    0.00011986717   -0.00020153861    9.1093825e-31   -1.6021766e-19    -9.156439e-20    3.8207431e-19              961                0
     0.0087550115    1.3849084e-05    0.00017435975     0.0020860487    0.00011664707    0.00017314435    9.1093825e-31   -1.6021766e-19    -9.156439e-20    3.8207431e-19              386                0
     0.0016557194    7.2451585e-05      0.007312851     0.0018772526      0.012259342    2.5048157e-06    9.1093825e-31   -1.6021766e-19    -9.156439e-20    3.8207431e-19             2316                1
    -0.0052745822    7.5037001e-06      0.013718288    0.00019164741     0.0071380604   -8.2123974e-05    9.1093825e-31   -1.6021766e-19    -9.156439e-20    3.8207431e-19             2414                1
    -0.0012194767    5.5931225e-05     0.0066045756    -0.0045712553      0.009973635     0.0010679695    9.1093825e-31   -1.6021766e-19    -9.156439e-20    3.8207431e-19             2317                1
    -0.0052115899    5.4171964e-05     0.0089457789     0.0014723496      0.001022566   -0.00043901888    9.1093825e-31   -1.6021766e-19    -9.156439e-20    3.8207431e-19              355                0
     0.0076595638    3.6417303e-05     -0.011885173   -0.00082603574    -0.0010439473    0.00070944772    9.1093825e-31   -1.6021766e-19    -9.156439e-20    3.8207431e-19              451                0
    -0.0011231628    9.1980357e-05     0.0058802129    -0.0013975889    -0.0026542691    0.00093713216    9.1093825e-31   -1.6021766e-19    -9.156439e-20    3.8207431e-19             2389                1
    -0.0064220717    3.9483355e-05      -0.00201624   -0.00012630632      0.001125218    0.00093353115    9.1093825e-31   -1.6021766e-19    -9.156439e-20    3.8207431e-19               32                0
    0.00068497274    7.8337107e-05     0.0097359028   -1.7290375e-05       0.01279763    0.00017712952    9.1093825e-31   -1.6021766e-19    -9.156439e-20    3.8207431e-19             2313                1
     0.0082396735    3.0369716e-05    0.00062922039    -0.0016563444    0.00056671858   -0.00062175369    9.1093825e-31   -1.6021766e-19    -9.156439e-20    3.8207431e-19              455                0
    -0.0021157518    8.0620557e-05     0.0062749125   -0.00012446847      0.010729085    -0.0013397364    9.1093825e-31   -1.6021766e-19    -9.156439e-20    3.8207431e-19             2269                1
     0.0031064553    5.0066796e-05    -0.0043679252     0.0016507596    -0.0094055487    -0.0026533902    9.1093825e-31   -1.6021766e-19    -9.156439e-20    3.8207431e-19             2335                1
     -0.003509396     1.537519e-05     0.0025194257   -0.00074515759   -0.00083884667      0.001194416    9.1093825e-31   -1.6021766e-19    -9.156439e-20    3.8207431e-19             2153                1
    -0.0010577012    9.7600001e-05     0.0059410967   -0.00035245658    -0.0010587118     0.0018158309    9.1093825e-31   -1.6021766e-19    -9.156439e-20    3.8207431e-19             2407                1
    -0.0018068199    9.0979906e-05     0.0019370061    -0.0029934831    -0.0036012947    -0.0089162728    9.1093825e-31   -1.6021766e-19    -9.156439e-20    3.8207431e-19             2391                1
     0.0018984221    7.8244339e-05      0.010716764    -0.0028541065     0.0036001466    -0.0015541032    9.1093825e-31   -1.6021766e-19    -9.156439e-20    3.8207431e-19             1991                1
    -0.0023909302    8.2072933e-05    -0.0021825025   -0.00047044171    -0.0033739754     -0.001536955    9.1093825e-31   -1.6021766e-19    -9.156439e-20    3.8207431e-19             2328                1
    -0.0054592388    7.2672215e-06     0.0063872035     0.0014576435     0.0016665749     0.0014970513    9.1093825e-31   -1.6021766e-19    -9.156439e-20    3.8207431e-19              902                0
    -0.0028654423    6.7694302e-05    -0.0057306923     0.0011146396    -0.0082875229   -0.00069225207    9.1093825e-31   -1.6021766e-19    -9.156439e-20    3.8207431e-19             2365                1
      0.003371977     9.568633e-05      0.012619459    0.00050660939      0.013791651     0.0011842749    9.1093825e-31   -1.6021766e-19    -9.156439e-20    3.8207431e-19             2308                1
     0.0012597437    7.8485471e-05      0.011397566    4.1591909e-05     0.0090291742   -3.1694733e-05    9.1093825e-31   -1.6021766e-19    -9.156439e-20    3.8207431e-19             2241                1
    -0.0065968768    2.3827972e-05      0.003905762     0.0030815369     0.0014667247    -0.0015916451    9.1093825e-31   -1.6021766e-19    -9.156439e-20    3.8207431e-19              695                0
     0.0070375516    8.9341505e-05     0.0080636041    0.00094174634     0.0029958214      -0.00055239    9.1093825e-31   -1.6021766e-19    -9.156439e-20    3.8207431e-19             1763                1
     0.0030731559    8.3508086e-05    -0.0043760552    -0.0037711144    -0.0039593736    -0.0039827363    9.1093825e-31   -1.6021766e-19    -9.156439e-20    3.8207431e-19             2334                1
     0.0066020307    6.5734996e-05    -0.0075837756      0.002249727    0.00028030376     0.0016483119    9.1093825e-31   -1.6021766e-19    -9.156439e-20    3.8207431e-19                4                0
     -0.003150156    1.4747171e-05     0.0024028011     -0.001066362     0.0029284786     0.0022471687    9.1093825e-31   -1.6021766e-19    -9.156439e-20    3.8207431e-19              512                0
    -0.0044478192    8.7834502e-05      0.012072125    8.6243075e-05     0.0012745321   -0.00014713075    9.1093825e-31   -1.6021766e-19    -9.156439e-20    3.8207431e-19             1316                1
    -0.0061338465    1.9083431e-05     -0.012053469    -2.490156e-06    -0.0016637848    -0.0013664825    9.1093825e-31   -1.6021766e-19    -9.156439e-20    3.8207431e-19              385                0
   -3.0670442e-05    6.6396846e-05     0.0036686922     0.0040566279    -0.0042985193     0.0021727879    9.1093825e-31   -1.6021766e-19    -9.156439e-20    3.8207431e-19             2340                1
    -0.0018041896    9.3293711e-05     0.0019421938    -0.0019308547    -0.0026656762    -0.0068199718    9.1093825e-31   -1.6021766e-19    -9.156439e-20    3.8207431e-19             2390                1
    0.00012184656    4.0046802e-05    -0.0059175375    -0.0039717308    -0.0084849829    -0.0044589001    9.1093825e-31   -1.6021766e-19    -9.156439e-20    3.8207431e-19             2286                1
    -0.0051485607    8.2630759e-05     0.0061399471    -0.0010858846     0.0023168905     0.0012501507    9.1093825e-31   -1.6021766e-19    -9.156439e-20    3.8207431e-19              895                0
     0.0012370399    1.6426568e-05      0.011398155    0.00062325952     0.0045572757    0.00099206273    9.1093825e-31   -1.6021766e-19    -9.156439e-20    3.8207431e-19             2292                1
     0.0061077955    2.5537134e-05     0.0048398003    -0.0011021059     0.0017825157    0.00066442607    9.1093825e-31   -1.6021766e-19    -9.156439e-20    3.8207431e-19              751                0
     0.0014339123    2.3321283e-05     -0.012944558    -0.0075825523    -0.0088917231    -0.0029152869    9.1093825e-31   -1.6021766e-19    -9.156439e-20    3.8207431e-19             2190                1
    -0.0042898264    7.7585784e-05    -0.0072982199     0.0020751939    -0.0037265266     0.0011092486    9.1093825e-31   -1.6021766e-19    -9.156439e-20    3.8207431e-19             2244                1
    -0.0004482918    3.5160261e-05    -0.0027011535    0.00074917043    -0.0097189285     -0.001816581    9.1093825e-31   -1.6021766e-19    -9.156439e-20    3.8207431e-19             2319                1
    -0.0073950086    7.2750845e-05    -0.0070988466    -0.0011673471   -0.00016033818    -0.0026722956    9.1093825e-31   -1.6021766e-19    -9.156439e-20    3.8207431e-19              532                0
     0.0055486383    3.8584039e-05      0.011523662     0.0017135928    -0.0020972264      -0.00135015    9.1093825e-31   -1.6021766e-19    -9.156439e-20    3.8207431e-19             2103                1
     0.0055026109      3.08052e-05      0.010674691   -0.00014825282     0.0048373598   -8.6550266e-05    9.1093825e-31   -1.6021766e-19    -9.156439e-20    3.8207431e-19             2272                1
    -0.0013785922    3.1625772e-05    -0.0080054859    -0.0025799691    -0.0094499122    -0.0028684409    9.1093825e-31   -1.6021766e-19    -9.156439e-20    3.8207431e-19             2277                1
     0.0026071984    4.3362881e-05      0.012247349     0.0052097952    -0.0018348444     0.0019932725    9.1093825e-31   -1.6021766e-19    -9.156439e-20    3.8207431e-19             2210                1
   -0.00087573298    9.2178023e-05     -0.005705704      0.003206955    -0.0024172463     0.0052089486    9.1093825e-31   -1.6021766e-19    -9.156439e-20    3.8207431e-19             2253                1
    -0.0025301413    6.8116336e-05    0.00065375329   -0.00059886015    -0.0054916102    -0.0011729407    9.1093825e-31   -1.6021766e-19    -9.156439e-20    3.8207431e-19             2344                1
     0.0010072371    6.6614695e-05    -0.0095363325    -0.0052662608    -0.0089116748    8.8899578e-05    9.1093825e-31   -1.6021766e-19    -9.156439e-20    3.8207431e-19             2364                1
      0.001642259    1.0880185e-05     -0.012986525     0.0028579095     -0.012723941     -0.000328453    9.1093825e-31   -1.6021766e-19    -9.156439e-20    3.8207431e-19             2290                1
     0.0011557485    5.1086041e-05    -0.0095720133     0.0011758585    -0.0084816171     -0.002012948    9.1093825e-31   -1.6021766e-19    -9.156439e-20    3.8207431e-19             2294                1
    0.00043564031    4.4529411e-06     -0.008848629    -0.0076591028     0.0012300817    -0.0013625786    9.1093825e-31   -1.6021766e-19    -9.156439e-20    3.8207431e-19             2395                1
     0.0061951783    9.4980234e-05     -0.014234496     0.0010437869   -0.00095344789   -0.00096873293    9.1093825e-31   -1.6021766e-19    -9.156439e-20    3.8207431e-19              365                0
    -0.0010832516    9.4862473e-05     0.0060920273    -0.0067333723   -0.00087915163     0.0021133912    9.1093825e-31   -1.6021766e-19    -9.156439e-20    3.8207431e-19             2385                1
    -0.0082015079     3.535394e-05    -0.0084876381    8.3679595e-05    -0.0019792381     -0.002188192    9.1093825e-31   -1.6021766e-19    -9.156439e-20    3.8207431e-19             1848                1
    -0.0082857125    5.2912095e-05      0.014647289    6.7884044e-05    6.6903893e-05     0.0012157132    9.1093825e-31   -1.6021766e-19    -9.156439e-20    3.8207431e-19              719                0
    -0.0090688514    4.5203498e-05     0.0024013799   -0.00066111475   -2.5813959e-05     0.0014006136    9.1093825e-31   -1.6021766e-19    -9.156439e-20    3.8207431e-19              874                0
     0.0011742789    6.7711248e-05    -0.0092238067   -0.00025543905    -0.0083593195    0.00017396672    9.1093825e-31   -1.6021766e-19    -9.156439e-20    3.8207431e-19             2361                1
    -0.0010478263    8.8651002e-05     0.0059379409      0.005515527      -0.00637552   -6.0542545e-05    9.1093825e-31   -1.6021766e-19    -9.156439e-20    3.8207431e-19             2406                1
    -0.0042439015    5.8452748e-05     0.0060199951     0.0015834002     0.0023001467   -0.00078258017    9.1093825e-31   -1.6021766e-19    -9.156439e-20    3.8207431e-19              628                0
     0.0065933494    1.8225152e-05     0.0056854566    0.00045361737    0.00079978979   -0.00062828389    9.1093825e-31   -1.6021766e-19    -9.156439e-20    3.8207431e-19              420                0
     0.0016228809    9.9368728e-05     0.0073761381    -0.0015175899     0.0003335177     0.0026166365    9.1093825e-31   -1.6021766e-19    -9.156439e-20    3.8207431e-19             2396                1
   -0.00017146934    9.3655086e-05     0.0034558794     0.0053220298    -0.0036253151    0.00042234393    9.1093825e-31   -1.6021766e-19    -9.156439e-20    3.8207431e-19             2408                1
     0.0017859512    5.9686317e-05      0.012157018    -0.0014113807     0.0094308835     -0.000372935    9.1093825e-31   -1.6021766e-19    -9.156439e-20    3.8207431e-19             2300                1
     0.0072838678    7.5035343e-05     0.0059606987   -0.00062180747     0.0010689603     0.0019554207    9.1093825e-31   -1.6021766e-19    -9.156439e-20    3.8207431e-19              828                0
    -0.0066567454    9.8282246e-05    -0.0032021005     0.0011177458     0.0015553451    0.00097708846    9.1093825e-31   -1.6021766e-19    -9.156439e-20    3.8207431e-19              984                0
    -0.0035622106    2.2779273e-05    -0.0013284854     0.0041103088   -0.00050200551     0.0059558391    9.1093825e-31   -1.6021766e-19    -9.156439e-20    3.8207431e-19             1938                1
   -0.00097921374    9.3534632e-05    -0.0058213877    0.00010294175     -0.006315209    -0.0013818158    9.1093825e-31   -1.6021766e-19    -9.156439e-20    3.8207431e-19             2416                1
     0.0053056641    2.8930153e-05     0.0064285286     0.0011052971     0.0015162263   -0.00040160917    9.1093825e-31   -1.6021766e-19    -9.156439e-20    3.8207431e-19              580                0
     0.0028423329    9.9885117e-05    -0.0069801658    -0.0042271344     0.0042442637      0.002317237    9.1093825e-31   -1.6021766e-19    -9.156439e-20    3.8207431e-19             2152                1
     0.0083638718    5.3466556e-05     -0.012662795    -0.0022280214   -0.00012444795     0.0022222358    9.1093825e-31   -1.6021766e-19    -9.156439e-20    3.8207431e-19              586                0
    -0.0016502369    5.1733408e-05     -0.011174562    0.00094132114    -0.0070772818   -7.9395737e-05    9.1093825e-31   -1.6021766e-19    -9.156439e-20    3.8207431e-19             2214                1
    -0.0050443918    6.7004847e-05    -0.0052021318     0.0010347263     0.0008087937   -0.00094697677    9.1093825e-31   -1.6021766e-19    -9.156439e-20    3.8207431e-19              660                0
    0.00082339667    9.5009593e-05     0.0097426688    0.00011729301    -0.0042171697   -0.00041114911    9.1093825e-31   -1.6021766e-19    -9.156439e-20    3.8207431e-19             2415                1
    -0.0077656885    2.9324856e-05      0.011000374    0.00061889063    0.00013062428     0.0015231338    9.1093825e-31   -1.6021766e-19    -9.156439e-20    3.8207431e-19              652                0
     0.0025363965    7.2094199e-06    0.00041108741    -0.0030505827   -0.00052223139    -0.0018554184    9.1093825e-31   -1.6021766e-19    -9.156439e-20    3.8207431e-19             2051                1
     0.0025120897    7.3707779e-05    -0.0077738711    -0.0023742421     -0.006625942     0.0030531161    9.1093825e-31   -1.6021766e-19    -9.156439e-20    3.8207431e-19             2346                1
    -0.0090851355    2.2092593e-06     0.0015250078    -0.0022101705    5.1425963e-05    0.00013319268    9.1093825e-31   -1.6021766e-19    -9.156439e-20    3.8207431e-19              760                0
     -0.002224063    8.2286773e-05     0.0029570435   -0.00091399503     0.0093973093     0.0009661818    9.1093825e-31   -1.6021766e-19    -9.156439e-20    3.8207431e-19             2231                1
    -0.0030021945    2.3002136e-05    0.00010707548    -0.0029534877     0.0026447056    -0.0029517398    9.1093825e-31   -1.6021766e-19    -9.156439e-20    3.8207431e-19              303                0
     -0.003666742    7.3506519e-05     -0.014346167   -0.00048685202    6.1623687e-05   -0.00059565774    9.1093825e-31   -1.6021766e-19    -9.156439e-20    3.8207431e-19             2112                1
    0.00037382595    2.8494618e-05    -0.0087534525    -0.0037335299     -0.012335665    -0.0017651814    9.1093825e-31   -1.6021766e-19    -9.156439e-20    3.8207431e-19             2318                1
     0.0029536388    5.0717634e-05     -0.005639724    -0.0017196338    0.00036327683    1.1499883e-05    9.1093825e-31   -1.6021766e-19    -9.156439e-20    3.8207431e-19              860                0
   -0.00096080994    9.8683297e-05    -0.0064048446    -0.0016072624     0.0021430915   -0.00036610549    9.1093825e-31   -1.6021766e-19    -9.156439e-20    3.8207431e-19             1859                1
    -0.0032632691    4.2347652e-05     -0.012526547   -0.00086623273    -0.0024910169    -0.0015397428    9.1093825e-31   -1.6021766e-19    -9.156439e-20    3.8207431e-19              900                0
    -0.0065085115    3.2910495e-05    -0.0087963501    0.00091772556   -0.00045123088    -0.0013282334    9.1093825e-31   -1.6021766e-19    -9.156439e-20    3.8207431e-19              132                0
     0.0089723505    5.2909018e-05      0.013143552      0.001653261     0.0016293293    -0.0014215052    9.1093825e-31   -1.6021766e-19    -9.156439e-20    3.8207431e-19             1962                1
    -0.0072738254    7.0332331e-05    -0.0026685172    0.00061852473     0.0014346206    0.00067873514    9.1093825e-31   -1.6021766e-19    -9.156439e-20    3.8207431e-19             1012                1
    -0.0037596114    2.7955964e-05    0.00047891578    -0.0013377221     0.0022393416     0.0026029493    9.1093825e-31   -1.6021766e-19    -9.156439e-20    3.8207431e-19              893                0
     0.0076324097    4.6598081e-05     -0.013020078     0.0023783986   -0.00078030117    -0.0017001722    9.1093825e-31   -1.6021766e-19    -9.156439e-20    3.8207431e-19              311                0
    -0.0069960626    2.4246179e-05    -0.0077629527    -0.0012916895   -0.00052443711    0.00055278058    9.1093825e-31   -1.6021766e-19    -9.156439e-20    3.8207431e-19              791                0
   -0.00049891975    2.6052492e-05     0.0094701918   -0.00011450369      0.007421297   -5.3714972e-05    9.1093825e-31   -1.6021766e-19    -9.156439e-20    3.8207431e-19             2366                1
     0.0018586671    8.4940802e-05      0.010604206    0.00029109247    -0.0089541757    -0.0044243406    9.1093825e-31   -1.6021766e-19    -9.156439e-20    3.8207431e-19             2410                1
     0.0016895694    8.5200358e-05      0.012037923    -0.0027686078    -0.0060047316    -0.0010323416    9.1093825e-31   -1.6021766e-19    -9.156439e-20    3.8207431e-19             2397                1
     0.0020541458    4.9661758e-05       0.01464584     0.0004288881     0.0064614573    0.00014530508    9.1093825e-31   -1.6021766e-19    -9.156439e-20    3.8207431e-19             2278                1
    -0.0062048375    1.3981535e-05     0.0028773583    2.6040754e-05     0.0016885458   -0.00011824533    9.1093825e-31   -1.6021766e-19    -9.156439e-20    3.8207431e-19              677                0
     0.0011729059    2.0380769e-05      0.013605943   -0.00023185284     0.0043468657   -0.00097125181    9.1093825e-31   -1.6021766e-19    -9.156439e-20    3.8207431e-19             2295                1
    -0.0084623378    7.8271449e-05    -0.0047949962    0.00032644696    0.00062714639   -0.00011246617    9.1093825e-31   -1.6021766e-19    -9.156439e-20    3.8207431e-19              210                0
      0.002171397    2.7796183e-05      -0.01475743    -0.0050773723     0.0052805422    0.00027468306    9.1093825e-31   -1.6021766e-19    -9.156439e-20    3.8207431e-19             2367                1
     0.0079093669    5.2430809e-05     0.0084625641   -0.00031268728    0.00056160963     0.0012621763    9.1093825e-31   -1.6021766e-19    -9.156439e-20    3.8207431e-19              254                0
     0.0058776173    5.8817281e-05     0.0044412906   -0.00062514533     0.0017423093   -0.00088043488    9.1093825e-31   -1.6021766e-19    -9.156439e-20    3.8207431e-19              270                0
    -0.0033039355    8.0079437e-05     0.0062382487     0.0015586886    -0.0055514579    -0.0017522024    9.1093825e-31   -1.6021766e-19    -9.156439e-20    3.8207431e-19             2383                1
   -0.00099389453    6.2799423e-05      0.005935126     -0.001601928     0.0090081999     0.0057004816    9.1093825e-31   -1.6021766e-19    -9.156439e-20    3.8207431e-19             2257                1
     0.0016418118    9.8164594e-05     0.0025630035    -0.0058224155   -0.00064897578    -0.0052067391    9.1093825e-31   -1.6021766e-19    -9.156439e-20    3.8207431e-19             2393                1
     0.0016540578    6.6079294e-05      0.011478182    0.00074606593      0.010673837   -0.00024290262    9.1093825e-31   -1.6021766e-19    -9.156439e-20    3.8207431e-19             2309                1
     -0.007574901    7.0053895e-05     -0.012180644    -0.0011555509    -0.0002667385    -0.0012044931    9.1093825e-31   -1.6021766e-19    -9.156439e-20    3.8207431e-19              673                0
    -0.0020886017    5.9435195e-05      0.006306265     0.0023691014     0.0087849684     0.0015348776    9.1093825e-31   -1.6021766e-19    -9.156439e-20    3.8207431e-19             2270                1
     0.0085322047    1.0201289e-05      0.010214957    0.00026746947    3.8756876e-05    -9.237304e-05    9.1093825e-31   -1.6021766e-19    -9.156439e-20    3.8207431e-19              410                0
     0.0043917182    9.7576703e-05    -0.0019350541     0.0012972613    -0.0012929728    -0.0031963401    9.1093825e-31   -1.6021766e-19    -9.156439e-20    3.8207431e-19             2387                1
    -0.0010987573    7.1498936e-05     0.0060855756    -0.0024857775     0.0088527193    0.00033304753    9.1093825e-31   -1.6021766e-19    -9.156439e-20    3.8207431e-19             2197                1
     0.0033575213    3.5205007e-06    -0.0074972962     0.0018303648     0.0032534262    -0.0038253118    9.1093825e-31   -1.6021766e-19    -9.156439e-20    3.8207431e-19             2419                1
   -0.00061563979    8.4094419e-05    -0.0025531258    -0.0043185456    -0.0040835734   -0.00048412845    9.1093825e-31   -1.6021766e-19    -9.156439e-20    3.8207431e-19             2359                1
    -0.0011706863    5.9229693e-05    -0.0041682813    -0.0013462466    -0.0061654109    5.5268669e-05    9.1093825e-31   -1.6021766e-19    -9.156439e-20    3.8207431e-19             2299                1
    -0.0094189439    9.5346331e-05     -0.006644194    0.00039807663    5.6906385e-05    0.00041476355    9.1093825e-31   -1.6021766e-19    -9.156439e-20    3.8207431e-19              192                0
     0.0018443351     7.835673e-05      0.010546128    0.00059351331     0.0092567215   -2.7091173e-05    9.1093825e-31   -1.6021766e-19    -9.156439e-20    3.8207431e-19             2237                1
     0.0014370562    3.1922238e-05    -0.0088329967     0.0064530689    -0.0099815456     0.0034029325    9.1093825e-31   -1.6021766e-19    -9.156439e-20    3.8207431e-19             2280                1
   -0.00061060884    3.7487604e-05    -0.0077236728    0.00093691674    -0.0093526458   -0.00065629528    9.1093825e-31   -1.6021766e-19    -9.156439e-20    3.8207431e-19             2285                1
     0.0035159118    2.8125181e-05     0.0033631844     0.0011838351     0.0027106982     0.0021989113    9.1093825e-31   -1.6021766e-19    -9.156439e-20    3.8207431e-19              991                0
    -0.0019735862    1.9185838e-05     0.0045215641    -0.0013215708     0.0025591671    -0.0013494981    9.1093825e-31   -1.6021766e-19    -9.156439e-20    3.8207431e-19              630                0
    -0.0091738794    2.4212983e-05    -0.0019291494     0.0011769495    0.00014400575   -0.00095280062    9.1093825e-31   -1.6021766e-19    -9.156439e-20    3.8207431e-19              212                0
     0.0084365048    1.7263563e-05     0.0015650397    0.00022498416    0.00044165764   -0.00083003106    9.1093825e-31   -1.6021766e-19    -9.156439e-20    3.8207431e-19              525                0
     0.0092570391    1.2054858e-05    -0.0091893859     0.0011384438   -0.00016803185    -0.0014044089    9.1093825e-31   -1.6021766e-19    -9.156439e-20    3.8207431e-19              690                0
     0.0014295002    2.2783784e-06    -0.0088233324     0.0056736786     -0.013035384      0.004405411    9.1093825e-31   -1.6021766e-19    -9.156439e-20    3.8207431e-19             2281                1
    -0.0007076608    5.5594592e-05    -0.0082677724    -0.0016791952    -0.0076924246    -0.0004627677    9.1093825e-31   -1.6021766e-19    -9.156439e-20    3.8207431e-19             2291                1
    -0.0087101907    5.4957713e-05    -0.0012082299    0.00091062213    3.3978024e-05    0.00099257962    9.1093825e-31   -1.6021766e-19    -9.156439e-20    3.8207431e-19              750                0
   -0.00087890809    8.4727879e-05    -0.0028382419     0.0015182171    -0.0034988238     0.0010115306    9.1093825e-31   -1.6021766e-19    -9.156439e-20    3.8207431e-19             2338                1
    -0.0014556105     3.863054e-05    -0.0084763719     0.0019789652    -0.0087545803     0.0068708453    9.1093825e-31   -1.6021766e-19    -9.156439e-20    3.8207431e-19             2274                1
     0.0013431127    8.8982983e-05    -0.0033822809      0.002920947    -0.0061133946     0.0038862769    9.1093825e-31   -1.6021766e-19    -9.156439e-20    3.8207431e-19             2400                1
     -0.007401648    8.4432133e-05    -0.0013941671     0.0028540608     0.0014290536   -0.00085078005    9.1093825e-31   -1.6021766e-19    -9.156439e-20    3.8207431e-19              257                0
    -0.0056675584    4.0490246e-05      0.005840777     -0.001117443     0.0019286774     0.0010294032    9.1093825e-31   -1.6021766e-19    -9.156439e-20    3.8207431e-19              220                0
    -0.0042829332    8.3580613e-05     -0.012365016     0.0049681473     0.0014152952    1.2837309e-05    9.1093825e-31   -1.6021766e-19    -9.156439e-20    3.8207431e-19             2161                1
     0.0063441987    4.6171954e-05    -0.0084952535    -0.0027331295   -0.00024376981   -0.00053981075    9.1093825e-31   -1.6021766e-19    -9.156439e-20    3.8207431e-19              931                0
    -0.0026514949    3.3042819e-05    -0.0080694705    0.00014735364   -0.00093391974    0.00086926634    9.1093825e-31   -1.6021766e-19    -9.156439e-20    3.8207431e-19              217                0
    -0.0034715182    5.4436579e-05    -0.0099381059    0.00041802594    -0.0068935188     0.0013882648    9.1093825e-31   -1.6021766e-19    -9.156439e-20    3.8207431e-19             2265                1
    0.00040904642    5.0263432e-05    -0.0088187968    0.00033606123    -0.0068240096   -0.00042067925    9.1093825e-31   -1.6021766e-19    -9.156439e-20    3.8207431e-19             2226                1
     0.0014469608    3.9836283e-05      0.011514919    -0.0008297665     0.0095790224     0.0015354558    9.1093825e-31   -1.6021766e-19    -9.156439e-20    3.8207431e-19             2356                1
      0.001167118    3.0179912e-05      0.013673741     -0.003557934     0.0073005557    -0.0028531498    9.1093825e-31   -1.6021766e-19    -9.156439e-20    3.8207431e-19             2349                1
     0.0059185335    2.3834804e-05    -0.0029954594    -0.0011127983     0.0012353547    -0.0022770553    9.1093825e-31   -1.6021766e-19    -9.156439e-20    3.8207431e-19              256                0
     0.0041560838    7.7175617e-05    -0.0087626167    -0.0010561118    -0.0090486463     0.0034611588    9.1093825e-31   -1.6021766e-19    -9.156439e-20    3.8207431e-19             2388                1
     0.0017477485    6.3528038e-05     0.0068753189    -0.0011168452      0.010419636     0.0019975905    9.1093825e-31   -1.6021766e-19    -9.156439e-20    3.8207431e-19             2306                1
     0.0030173126    7.1850198e-05      0.014339018    0.00084470218     0.0069728331     0.0017572872    9.1093825e-31   -1.6021766e-19    -9.156439e-20    3.8207431e-19             2243                1
     0.0022785866    2.6094351e-06    -0.0092007369    -0.0050590336    -0.0042210855    -0.0012668098    9.1093825e-31   -1.6021766e-19    -9.156439e-20    3.8207431e-19             1852                1
    -0.0091917757    5.6290744e-05     0.0021909678    -0.0022368061    0.00078341947    -0.0018361197    9.1093825e-31   -1.6021766e-19    -9.156439e-20    3.8207431e-19              978                0
   -0.00041990721    7.2690011e-05    0.00031535394     0.0022937574    -0.0036278125   -0.00037361888    9.1093825e-31   -1.6021766e-19    -9.156439e-20    3.8207431e-19             2323                1
     0.0092894854    4.5241632e-05     0.0009131949     0.0014110459    3.6559049e-05   -0.00017855351    9.1093825e-31   -1.6021766e-19    -9.156439e-20    3.8207431e-19              637                0
   -0.00088060519    8.1415717e-05    -0.0028490326       0.00123731    -0.0040507894   -0.00077497563    9.1093825e-31   -1.6021766e-19    -9.156439e-20    3.8207431e-19             2339                1
    -0.0014835052     6.362205e-05    -0.0066228695   -0.00074863562    -0.0085576819   -0.00069383119    9.1093825e-31   -1.6021766e-19    -9.156439e-20    3.8207431e-19             2351                1
     0.0047131488    7.2863128e-05     0.0021687192   -0.00071021653     0.0026513559     0.0011543063    9.1093825e-31   -1.6021766e-19    -9.156439e-20    3.8207431e-19              229                0
    -0.0035161066    2.5883073e-18    -0.0099966694   -0.00044177854     -0.011690382     0.0010783052    9.1093825e-31   -1.6021766e-19    -9.156439e-20    3.8207431e-19             2264                1
    -0.0085550016    5.6850207e-05    -0.0014625707    0.00081074238    0.00011748341   -0.00040311841    9.1093825e-31   -1.6021766e-19    -9.156439e-20    3.8207431e-19              894                0
      0.007644366    8.1371589e-05     0.0052900393    -0.0010192858     0.0010907116     0.0030267676    9.1093825e-31   -1.6021766e-19    -9.156439e-20    3.8207431e-19              219                0
     0.0079167653    5.5842156e-05    -0.0031266205     0.0016561433    0.00017196515      0.002310002    9.1093825e-31   -1.6021766e-19    -9.156439e-20    3.8207431e-19              309                0
    -0.0089447144    5.4508266e-05      0.011214981   -0.00022884189    0.00019993626   -0.00060471566    9.1093825e-31   -1.6021766e-19    -9.156439e-20    3.8207431e-19              329                0
     0.0075763925    9.5699586e-05     -0.014063373    -0.0028862313    -0.0001840436     0.0013573678    9.1093825e-31   -1.6021766e-19    -9.156439e-20    3.8207431e-19              349                0
     0.0090392428    5.9315247e-05     0.0079555409     -0.001012434    0.00024930565     0.0016580642    9.1093825e-31   -1.6021766e-19    -9.156439e-20    3.8207431e-19              369                0
    -0.0051018842    6.5013376e-07     -0.010844184    -0.0033660957    -0.0046695201    -0.0031879111    9.1093825e-31   -1.6021766e-19    -9.156439e-20    3.8207431e-19             1993                1
     0.0023480852    7.6890836e-05   -6.1498315e-05    0.00053931761    -0.0048174616    -0.0010244945    9.1093825e-31   -1.6021766e-19    -9.156439e-20    3.8207431e-19             2360                1
    -0.0021959464    5.2333282e-05     0.0071958946     0.0020352746     0.0028847717    0.00015985838    9.1093825e-31   -1.6021766e-19    -9.156439e-20    3.8207431e-19              632                0
   -0.00019014355    4.4994045e-05    -0.0075289155    -9.192594e-05     -0.010751681   -0.00026143665    9.1093825e-31   -1.6021766e-19    -9.156439e-20    3.8207431e-19             2330                1
    -0.0055059837    6.8780369e-05     -0.014257824     3.939986e-05    -0.0068151378   -0.00063064159    9.1093825e-31   -1.6021766e-19    -9.156439e-20    3.8207431e-19             2354                1
    -0.0030097398    5.6528675e-05     -0.010402108    0.00089756399    -0.0079437867     0.0011526343    9.1093825e-31   -1.6021766e-19    -9.156439e-20    3.8207431e-19             2311                1
    -0.0006612094    4.8311027e-05    -0.0080739437    0.00097315491     -0.010008143   -0.00050682388    9.1093825e-31   -1.6021766e-19    -9.156439e-20    3.8207431e-19             2326                1
     0.0073153479     4.553641e-05    0.00086394284    -0.0015389106     0.0014845993   -0.00085127447    9.1093825e-31   -1.6021766e-19    -9.156439e-20    3.8207431e-19              476                0
    -0.0049115838    4.5945526e-05     -0.012761568     0.0013431815    -0.0016864947    -0.0016451235    9.1093825e-31   -1.6021766e-19    -9.156439e-20    3.8207431e-19              549                0
   -0.00099964719      6.84392e-05      0.010192801     0.0026244887     0.0013091303     0.0007161476    9.1093825e-31   -1.6021766e-19    -9.156439e-20    3.8207431e-19              569                0
   -0.00096859218    5.5284585e-05    -0.0084797069   -0.00027856551    -0.0089452378    0.00017194709    9.1093825e-31   -1.6021766e-19    -9.156439e-20    3.8207431e-19             2325                1
     0.0010665249    8.7834866e-05     0.0059813117     0.0036910435      0.010500383    -0.0017576888    9.1093825e-31   -1.6021766e-19    -9.156439e-20    3.8207431e-19             2223                1
     0.0094964579    8.4423518e-05      -0.01448346   -9.2241571e-05   -2.1927379e-05     0.0020946017    9.1093825e-31   -1.6021766e-19    -9.156439e-20    3.8207431e-19              922                0
    -0.0011925735    3.2506741e-05     -0.012414057    -0.0023384916    -0.0029290775   -0.00037867654    9.1093825e-31   -1.6021766e-19    -9.156439e-20    3.8207431e-19              649                0
    -0.0078064287    5.0272276e-05     0.0038744304     0.0011803515    0.00089731545    0.00098700402    9.1093825e-31   -1.6021766e-19    -9.156439e-20    3.8207431e-19              934                0
   -9.8659373e-05    9.0875124e-05     0.0036927329     0.0022168921    -0.0056080804     0.0035270054    9.1093825e-31   -1.6021766e-19    -9.156439e-20    3.8207431e-19             2411                1
   -0.00091641763    4.9397269e-05     -0.005894864     0.0037916177    -0.0082102073    -0.0027039042    9.1093825e-31   -1.6021766e-19    -9.156439e-20    3.8207431e-19             2307                1
     0.0023444237    8.9805953e-06      0.013344057    0.00038424696    -0.0040238989    0.00070795504    9.1093825e-31   -1.6021766e-19    -9.156439e-20    3.8207431e-19             2061                1
    0.00099052524    8.2275947e-05     0.0059941728    -0.0073700836    -0.0022552775     0.0023302094    9.1093825e-31   -1.6021766e-19    -9.156439e-20    3.8207431e-19             2362                1
    0.00024632213    3.3000666e-05      0.012449618     0.0055588624     0.0079553099   -0.00034414695    9.1093825e-31   -1.6021766e-19    -9.156439e-20    3.8207431e-19             2347                1
    -0.0001015709    6.7820634e-05     0.0034834307     0.0013427229     0.0080043003    -0.0028442412    9.1093825e-31   -1.6021766e-19    -9.156439e-20    3.8207431e-19             2172                1
     0.0054124012    3.7535585e-05     0.0020538378    0.00057446916       0.00198362     0.0025735111    9.1093825e-31   -1.6021766e-19    -9.156439e-20    3.8207431e-19               20                0
     0.0075680283    6.7069172e-06    -0.0099859172    0.00042370384    -0.0010988271   -0.00089817477    9.1093825e-31   -1.6021766e-19    -9.156439e-20    3.8207431e-19              786                0
    -0.0088968929    9.8440505e-05    -0.0045652897   -0.00061657943    0.00048660516    0.00089881592    9.1093825e-31   -1.6021766e-19    -9.156439e-20    3.8207431e-19              849                0
     0.0078609921    4.1574926e-06     0.0028269365    -0.0010972545    0.00023713984    1.7408129e-05    9.1093825e-31   -1.6021766e-19    -9.156439e-20    3.8207431e-19              869                0
     0.0086407559    8.4527506e-05     0.0039870595    -0.0007150186     0.0011114012    -0.0011704434    9.1093825e-31   -1.6021766e-19    -9.156439e-20    3.8207431e-19               36                0
     0.0047501759    7.3927949e-05    -0.0034154197     0.0050155059    -0.0050808149     0.0039064954    9.1093825e-31   -1.6021766e-19    -9.156439e-20    3.8207431e-19             2336                1
     0.0020831968    5.8843252e-06      0.010706314     0.0049774311     -0.003140938   -8.1891165e-05    9.1093825e-31   -1.6021766e-19    -9.156439e-20    3.8207431e-19             2188                1
   -4.8291175e-05    9.3327079e-05     0.0038086604     0.0027579558      0.009991629      0.006251066    9.1093825e-31   -1.6021766e-19    -9.156439e-20    3.8207431e-19             2192                1
     0.0060313358    6.1253239e-05      0.011928727   -0.00067328627    0.00017051701     0.0020717322    9.1093825e-31   -1.6021766e-19    -9.156439e-20    3.8207431e-19              280                0
    -0.0047547943    2.8523005e-05    -0.0082040401    -0.0014539999    -0.0010966478     0.0017513938    9.1093825e-31   -1.6021766e-19    -9.156439e-20    3.8207431e-19              591                0
    -0.0093368301    8.8496345e-05     0.0025701008    0.00080962601    0.00081333169    0.00012279976    9.1093825e-31   -1.6021766e-19    -9.156439e-20    3.8207431e-19               44                0
     0.0033875492    6.5560336e-05     0.0091127139     0.0035644665      0.010319875    -0.0028300646    9.1093825e-31   -1.6021766e-19    -9.156439e-20    3.8207431e-19             2302                1
       0.00189022    5.9694354e-05     -0.012542181   -0.00079561514    -0.0079676881      0.003982509    9.1093825e-31   -1.6021766e-19    -9.156439e-20    3.8207431e-19             2320                1
     0.0028548101    4.1587082e-05      0.009935895    0.00036354258     0.0014364268   -0.00023644068    9.1093825e-31   -1.6021766e-19    -9.156439e-20    3.8207431e-19              177                0
   -0.00050423766    7.9574122e-05    -0.0024942944     0.0023580384      0.006070544     0.0022428492    9.1093825e-31   -1.6021766e-19    -9.156439e-20    3.8207431e-19             2142                1
     0.0019035446     3.721644e-05      0.010606213    0.00087597815     0.0061060665     0.0011598105    9.1093825e-31   -1.6021766e-19    -9.156439e-20    3.8207431e-19             2249                1
     -0.001165246    2.6517482e-05     0.0066499724     0.0025731146     0.0067049717    0.00069938583    9.1093825e-31   -1.6021766e-19    -9.156439e-20    3.8207431e-19             2355                1
    -0.0083294762    4.1780906e-05     0.0036400666    0.00097221945    0.00034936212    -0.0031899572    9.1093825e-31   -1.6021766e-19    -9.156439e-20    3.8207431e-19              184                0
    -0.0018543873    7.0359587e-05     0.0039709345    -0.0013975374     0.0033370776    9.5254596e-05    9.1093825e-31   -1.6021766e-19    -9.156439e-20    3.8207431e-19              699                0
     -0.007651913    3.3559256e-05    -0.0048701703    -0.0028587612   -0.00015454627    0.00034537699    9.1093825e-31   -1.6021766e-19    -9.156439e-20    3.8207431e-19              243                0
     0.0015011822    5.5914719e-05    -0.0050259894      0.003835327    -0.0088714408     0.0046033091    9.1093825e-31   -1.6021766e-19    -9.156439e-20    3.8207431e-19             2341                1
    -0.0086251246    4.3931224e-05     0.0021063606    0.00043695784    0.00034934576   -0.00017250552    9.1093825e-31   -1.6021766e-19    -9.156439e-20    3.8207431e-19              264                0
     0.0050905985     5.288333e-05    0.00028647954     0.0002311352      0.001887336    -0.0012747911    9.1093825e-31   -1.6021766e-19    -9.156439e-20    3.8207431e-19              284                0
    7.7183911e-05    5.6068387e-05    -0.0013144845    0.00038254194    -0.0073637394   -0.00036252302    9.1093825e-31   -1.6021766e-19    -9.156439e-20    3.8207431e-19             2332                1
     0.0013519197    8.2655875e-05     0.0024711278     0.0026521783     0.0087045031     0.0011156029    9.1093825e-31   -1.6021766e-19    -9.156439e-20    3.8207431e-19             2178                1
    -0.0016460588    4.1122712e-05      0.010659847    -0.0048985071     0.0072677499    -0.0011829133    9.1093825e-31   -1.6021766e-19    -9.156439e-20    3.8207431e-19             2287                1
    -0.0013481672    8.8891238e-06     -0.014202622     -0.003478975     -0.011217467    -0.0037735139    9.1093825e-31   -1.6021766e-19    -9.156439e-20    3.8207431e-19             2255                1
   -0.00098939077    4.2851923e-05    -0.0021049113    -7.217512e-05     0.0022342608    0.00019072852    9.1093825e-31   -1.6021766e-19    -9.156439e-20    3.8207431e-19              384                0
    -0.0030084716    2.6264641e-18       -0.0103238    -0.0014404427     -0.011463095     0.0026544617    9.1093825e-31   -1.6021766e-19    -9.156439e-20    3.8207431e-19             2251                1
    -0.0024597817    8.7176057e-05    -0.0021688554     0.0034237825    -0.0039803255    -0.0023657789    9.1093825e-31   -1.6021766e-19    -9.156439e-20    3.8207431e-19             2372                1
    -0.0092210015    6.0329472e-05   -0.00044690556    1.9073497e-05    0.00021576548    0.00067072758    9.1093825e-31   -1.6021766e-19    -9.156439e-20    3.8207431e-19              444                0
    -0.0059355283    2.0456164e-05    -0.0019662094    0.00021049047     0.0014585031    -0.0010525979    9.1093825e-31   -1.6021766e-19    -9.156439e-20    3.8207431e-19              464                0
    -0.0034175231    4.0215193e-05    -0.0099095665    0.00042027954      -0.01097848   -0.00018931452    9.1093825e-31   -1.6021766e-19    -9.156439e-20    3.8207431e-19             2327                1
     0.0055441405    4.3836139e-05     0.0092755053     0.0015739372     0.0016114947       0.00170843    9.1093825e-31   -1.6021766e-19    -9.156439e-20    3.8207431e-19             1322                1
     0.0050423956    5.1245606e-05     0.0071849073    -0.0016204426     0.0081147347     -0.003569593    9.1093825e-31   -1.6021766e-19    -9.156439e-20    3.8207431e-19             2304                1
     0.0014488478     2.260411e-05    -0.0089401891   -0.00067711546     -0.010443817   -0.00022229485    9.1093825e-31   -1.6021766e-19    -9.156439e-20    3.8207431e-19             2275                1
     0.0084268777    3.9826093e-05      -0.00386534   -0.00065633893    0.00056509348    0.00088338956    9.1093825e-31   -1.6021766e-19    -9.156439e-20    3.8207431e-19              564                0
    -0.0024960283     8.099727e-05    -0.0021382372    -0.0053635985    -0.0051444978     0.0028985899    9.1093825e-31   -1.6021766e-19    -9.156439e-20    3.8207431e-19             2371                1
    -0.0040993784    7.9661579e-05    -0.0096694967      0.003651388    -0.0047455416     0.0017516321    9.1093825e-31   -1.6021766e-19    -9.156439e-20    3.8207431e-19             2310                1
     0.0041621113    6.0156919e-05      -0.00873789     0.0010285761    -0.0068802466    -0.0017883986    9.1093825e-31   -1.6021766e-19    -9.156439e-20    3.8207431e-19             2298                1
     0.0051368005    7.1495037e-05    0.00017926963       0.00722017     0.0062926272   -0.00073037518    9.1093825e-31   -1.6021766e-19    -9.156439e-20    3.8207431e-19             2184                1
    -0.0068359771    7.0477501e-05     0.0008224973    0.00022803555     0.0017715852   -8.7664383e-05    9.1093825e-31   -1.6021766e-19    -9.156439e-20    3.8207431e-19              664                0
    -0.0076959832    1.3998207e-05     -0.014884497    0.00079051807     -0.001705386    0.00073598354    9.1093825e-31   -1.6021766e-19    -9.156439e-20    3.8207431e-19              684                0
     0.0033962626    4.2782336e-05     0.0047333776   -0.00020979329     0.0029445018    -0.0018752689    9.1093825e-31   -1.6021766e-19    -9.156439e-20    3.8207431e-19              704                0
    -0.0026829005    8.9036315e-05     -0.014307386     -0.001468587    -0.0025959508    0.00011460917    9.1093825e-31   -1.6021766e-19    -9.156439e-20    3.8207431e-19              494                0
    -0.0066108429    6.1672508e-05     0.0094140451     0.0010435239     0.0012888929     0.0016272665    9.1093825e-31   -1.6021766e-19    -9.156439e-20    3.8207431e-19              871                0
    -0.0040889988    5.8819842e-05     -0.012640213    0.00024839427    8.7881039e-05   -0.00032656285    9.1093825e-31   -1.6021766e-19    -9.156439e-20    3.8207431e-19             2176                1
    -0.0066701602    8.3683866e-05     -0.010920938    0.00098854571    -0.0010757371     0.0009993742    9.1093825e-31   -1.6021766e-19    -9.156439e-20    3.8207431e-19              125                0
    -0.0050918106    5.5443434e-05      0.013373286    0.00095771847    4.0837978e-05    0.00043363526    9.1093825e-31   -1.6021766e-19    -9.156439e-20    3.8207431e-19              804                0
     0.0040178671    2.7379565e-05      -0.01272263     0.0003574694    -0.0026858924    -0.0025089982    9.1093825e-31   -1.6021766e-19    -9.156439e-20    3.8207431e-19              266                0
    9.4587034e-05    9.2271992e-05     -0.011886231    0.00032274961    -0.0019696716     0.0031144873    9.1093825e-31   -1.6021766e-19    -9.156439e-20    3.8207431e-19              483                0
     0.0015147172    8.0243524e-05     -0.005125978    -0.0039261584     -0.005920324   -0.00054065889    9.1093825e-31   -1.6021766e-19    -9.156439e-20    3.8207431e-19             2370                1
    -0.0027678029    9.4757284e-05    -0.0089265425     0.0011529403   -0.00057234865     0.0011440833    9.1093825e-31   -1.6021766e-19    -9.156439e-20    3.8207431e-19              360                0
    -0.0040190979    1.7309594e-05    -0.0096848086     0.0048187394    -0.0088375034    -0.0011429987    9.1093825e-31   -1.6021766e-19    -9.156439e-20    3.8207431e-19             2224                1
    0.00045703986    7.8926394e-05    -0.0075573013     0.0042074621    -0.0038329051    0.00049206306    9.1093825e-31   -1.6021766e-19    -9.156439e-20    3.8207431e-19             2215                1
     0.0011782313    5.6042558e-05    -0.0067333523   -0.00055660337    -0.0091314185   -6.2788647e-05    9.1093825e-31   -1.6021766e-19    -9.156439e-20    3.8207431e-19             2337                1
    0.00054031477    6.9372458e-05     -0.011868153    3.5726876e-05    -0.0020968455    0.00023086429    9.1093825e-31   -1.6021766e-19    -9.156439e-20    3.8207431e-19              958                0
   -0.00070626941    6.2592822e-05    -0.0059079374     0.0008983537     -0.010037195     -0.002341856    9.1093825e-31   -1.6021766e-19    -9.156439e-20    3.8207431e-19             2368                1
    -0.0067827078    6.4340464e-05       0.01224399    0.00033643658    0.00029003018    0.00066826504    9.1093825e-31   -1.6021766e-19    -9.156439e-20    3.8207431e-19              988                0
     0.0074991188    7.8380202e-07     0.0086915875    -0.0013756193    0.00012916727   -0.00062349671    9.1093825e-31   -1.6021766e-19    -9.156439e-20    3.8207431e-19              867                0
    -0.0015628177    3.4379056e-05     -0.012475681    -0.0086997738    -0.0089706872    -0.0062441123    9.1093825e-31   -1.6021766e-19    -9.156439e-20    3.8207431e-19             2233                1
    -0.0028129283     7.216246e-05    -0.0069141365    -0.0029939185    -0.0093834624     0.0010902734    9.1093825e-31   -1.6021766e-19    -9.156439e-20    3.8207431e-19             2379                1
    -0.0015320041    2.1738855e-05     -0.011257929    0.00012437734     0.0055626719   -2.2234346e-05    9.1093825e-31   -1.6021766e-19    -9.156439e-20    3.8207431e-19             2381                1
    0.00043101495    9.2800394e-05    0.00022167065    -0.0013249507    -0.0038327281    -0.0025366445    9.1093825e-31   -1.6021766e-19    -9.156439e-20    3.8207431e-19             2399                1
    -0.0016623156    9.8113655e-05      0.010751951     0.0062098559    -0.0015729306     0.0071409456    9.1093825e-31   -1.6021766e-19    -9.156439e-20    3.8207431e-19             2418                1
     0.0019702686    1.6423128e-05      0.012126438    -0.0017161705     0.0045321281    -0.0012062989    9.1093825e-31   -1.6021766e-19    -9.156439e-20    3.8207431e-19             2324                1
     0.0018531304    9.0764719e-05    -0.0019738476    -0.0013636205    -0.0050793504     0.0025075646    9.1093825e-31   -1.6021766e-19    -9.156439e-20    3.8207431e-19             2401                1
    0.00095645181    5.3751755e-05      0.007859244     0.0053872014     0.0082766209    0.00066928793    9.1093825e-31   -1.6021766e-19    -9.156439e-20    3.8207431e-19             2259                1
    -0.0025588605    2.8733686e-05     0.0061376584     0.0013151061     0.0024605501    0.00040608353    9.1093825e-31   -1.6021766e-19    -9.156439e-20    3.8207431e-19              485                0
     0.0041425927    2.0086411e-05     -0.011651444   -0.00064484129     -0.010827278    -0.0016215122    9.1093825e-31   -1.6021766e-19    -9.156439e-20    3.8207431e-19             2282                1
     0.0033550481    4.2957759e-05   -0.00094667939   -0.00029136002      0.004646345    0.00027664253    9.1093825e-31   -1.6021766e-19    -9.156439e-20    3.8207431e-19             2276                1
     0.0058404123    2.8162963e-06    -0.0049939952    -0.0012919239    -0.0011594046    -0.0021876316    9.1093825e-31   -1.6021766e-19    -9.156439e-20    3.8207431e-19             1641                1
    -0.0031052469    8.7249959e-05    -0.0017182352   -0.00027632847    -0.0071218833    -0.0048055304    9.1093825e-31   -1.6021766e-19    -9.156439e-20    3.8207431e-19             2402                1
     0.0042270594    6.6364187e-06     -0.014782628     0.0011242998     -0.010713678     0.0029978158    9.1093825e-31   -1.6021766e-19    -9.156439e-20    3.8207431e-19             2263                1
    7.9378951e-06    4.6737507e-05      0.013829825     0.0024221854       0.01039945     0.0026412376    9.1093825e-31   -1.6021766e-19    -9.156439e-20    3.8207431e-19             2352                1
    6.7521745e-05    9.2856259e-05    -0.0011217268     0.0015396753     0.0077077397      0.001422414    9.1093825e-31   -1.6021766e-19    -9.156439e-20    3.8207431e-19             2164                1
      0.001203584    4.6555226e-05      0.011419937    -0.0043892483     0.0065012504     0.0017287389    9.1093825e-31   -1.6021766e-19    -9.156439e-20    3.8207431e-19             2240                1
   -0.00037666285    7.3874799e-05    0.00034994486   -0.00098028593      0.006586479    0.00074968772    9.1093825e-31   -1.6021766e-19    -9.156439e-20    3.8207431e-19             2070                1
   -0.00056825159    5.3964297e-05    -0.0082291858     0.0068518254    -0.0064905952   -0.00015941003    9.1093825e-31   -1.6021766e-19    -9.156439e-20    3.8207431e-19             2234                1
    -0.0037934459    6.8658795e-05      0.011573982    -0.0010925367     0.0072300648     0.0013687612    9.1093825e-31   -1.6021766e-19    -9.156439e-20    3.8207431e-19             2221                1
     0.0018048362    5.2835854e-05      0.012167661    0.00080703711     0.0086217932    0.00087576918    9.1093825e-31   -1.6021766e-19    -9.156439e-20    3.8207431e-19             2301                1
     -0.002935969    5.5997862e-05     -0.014473612   -1.2493989e-05    -0.0029835326    -0.0013797464    9.1093825e-31   -1.6021766e-19    -9.156439e-20    3.8207431e-19              422                0
    -0.0017252349    6.0148934e-05      0.010585067    -0.0025631073     0.0090889661    -0.0067372224    9.1093825e-31   -1.6021766e-19    -9.156439e-20    3.8207431e-19             2279                1
      0.001588015    5.7408324e-06      0.010573682     0.0021232173     0.0041863634    -0.0064876936    9.1093825e-31   -1.6021766e-19    -9.156439e-20    3.8207431e-19             2412                1
    -0.0029132711    6.7833862e-05     -0.010511496    0.00087223691    -0.0071015502    0.00071842154    9.1093825e-31   -1.6021766e-19    -9.156439e-20    3.8207431e-19             2331                1
    -0.0042817909    5.6307043e-05      0.010346251    -0.0028738796     0.0012180342     0.0010076856    9.1093825e-31   -1.6021766e-19    -9.156439e-20    3.8207431e-19              687                0
    -0.0014311618    5.9023074e-05     -0.011235983     0.0057621994    -0.0081315013    0.00028408752    9.1093825e-31   -1.6021766e-19    -9.156439e-20    3.8207431e-19             2315                1
   -0.00055245875    3.9594979e-05     -0.008240276       0.00403499    -0.0073603364     0.0022248228    9.1093825e-31   -1.6021766e-19    -9.156439e-20    3.8207431e-19             2230                1
     0.0010804244    7.4976218e-05      0.002798416    0.00024319653    -0.0081770271    -0.0039065918    9.1093825e-31   -1.6021766e-19    -9.156439e-20    3.8207431e-19             2386                1
     0.0053581116    5.1515319e-05     0.0033023795    0.00022276562     0.0020390374    -0.0007040432    9.1093825e-31   -1.6021766e-19    -9.156439e-20    3.8207431e-19              581                0
     0.0010853246    4.8566588e-05    -0.0065665604    -0.0006386438    -0.0080623049     0.0067609209    9.1093825e-31   -1.6021766e-19    -9.156439e-20    3.8207431e-19             2293                1
     0.0012179806    3.5336518e-05      0.011367695    1.4788878e-05     0.0080548981    7.6165037e-05    9.1093825e-31   -1.6021766e-19    -9.156439e-20    3.8207431e-19             2342                1
     0.0013936354    6.4851265e-05     0.0016737126   -9.8996068e-05      0.003520289    -0.0016324238    9.1093825e-31   -1.6021766e-19    -9.156439e-20    3.8207431e-19              641                0
     -0.001010533    8.0954174e-05     0.0060526039        0.0029781      0.010266349   -0.00087223115    9.1093825e-31   -1.6021766e-19    -9.156439e-20    3.8207431e-19             2242                1
     0.0014546914    3.8896484e-05    -0.0089282058    -0.0025514788     -0.010028253   -3.7681944e-05    9.1093825e-31   -1.6021766e-19    -9.156439e-20    3.8207431e-19             2303                1
    -0.0012222299      9.43138e-05      0.005557776    1.0323969e-05       0.01140857    0.00011423723    9.1093825e-31   -1.6021766e-19    -9.156439e-20    3.8207431e-19             2247                1
     -0.006961016    1.3461961e-05     -0.014227454     -0.001808356    -0.0017924672   -0.00014399874    9.1093825e-31   -1.6021766e-19    -9.156439e-20    3.8207431e-19              394                0
     0.0033460406    1.1028304e-05     0.0079698479     0.0011647065    -0.0016743339     0.0029394345    9.1093825e-31   -1.6021766e-19    -9.156439e-20    3.8207431e-19             2165                1
    -0.0067751454    7.3176365e-05     0.0026133296    -0.0004038898     0.0065597557   -4.2507487e-05    9.1093825e-31   -1.6021766e-19    -9.156439e-20    3.8207431e-19             2211                1
     0.0033556141    6.4355612e-05      0.012701274    -0.0024941424       0.01150119    -0.0032781553    9.1093825e-31   -1.6021766e-19    -9.156439e-20    3.8207431e-19             2329                1
   -0.00073985965    7.7929268e-05    -0.0059139822    -0.0068134693    -0.0065179276    -0.0037332163    9.1093825e-31   -1.6021766e-19    -9.156439e-20    3.8207431e-19             2369                1
      0.009386614    6.4176835e-05    -0.0042237807    0.00046839984   -8.2930244e-05      0.001611387    9.1093825e-31   -1.6021766e-19    -9.156439e-20    3.8207431e-19              821                0
     -0.003327878    8.0255413e-05      0.006231836    -0.0059992289    -0.0054990021    -0.0037766234    9.1093825e-31   -1.6021766e-19    -9.156439e-20    3.8207431e-19             2382                1
    -4.341099e-05    8.8298155e-05      0.013825674   -3.2442964e-05     0.0088403421    0.00045763806    9.1093825e-31   -1.6021766e-19    -9.156439e-20    3.8207431e-19             2245                1
    -0.0030437727    1.6475615e-05     -0.010342048    -0.0043313727     -0.010036758     0.0011362736    9.1093825e-31   -1.6021766e-19    -9.156439e-20    3.8207431e-19             2250                1
     0.0016534002    8.4089159e-05     0.0025725774   -0.00094600435    -0.0065734563    -0.0011776238    9.1093825e-31   -1.6021766e-19    -9.156439e-20    3.8207431e-19             2392                1
    0.00016726642     9.096459e-05    -0.0010845647     0.0016081888     0.0076226471     0.0048127496    9.1093825e-31   -1.6021766e-19    -9.156439e-20    3.8207431e-19             2166                1
    -0.0091805747    4.0596797e-06      0.012193311    0.00079746707    -0.0006171228   -0.00012306738    9.1093825e-31   -1.6021766e-19    -9.156439e-20    3.8207431e-19              938                0
     0.0015655728     6.670432e-05     0.0073601617    -0.0037846139      0.008374502     -0.001117524    9.1093825e-31   -1.6021766e-19    -9.156439e-20    3.8207431e-19             2202                1
     0.0040443866     6.826473e-05    -0.0069709513   -0.00067199883    -0.0095230844    0.00023962732    9.1093825e-31   -1.6021766e-19    -9.156439e-20    3.8207431e-19             2373                1
     0.0013292921    8.4173415e-05      0.011347743   -0.00035832362      0.010617435    0.00024528999    9.1093825e-31   -1.6021766e-19    -9.156439e-20    3.8207431e-19             2268                1
   -7.9977071e-05    7.4318981e-05     0.0043432405     0.0017857942    -0.0038262261   -0.00042522405    9.1093825e-31   -1.6021766e-19    -9.156439e-20    3.8207431e-19             2357                1
    -0.0083786063    4.0565151e-06     0.0084977522    0.00072758208    0.00026526654   -0.00013110445    9.1093825e-31   -1.6021766e-19    -9.156439e-20    3.8207431e-19               58                0
     0.0090501588     4.853099e-05     -0.012662185     0.0013702789     0.0016968455    -0.0021553361    9.1093825e-31   -1.6021766e-19    -9.156439e-20    3.8207431e-19             2078                1
   -0.00084767671    6.7406079e-05    -0.0084984973    -0.0044005648    -0.0080725718    -0.0019476739    9.1093825e-31   -1.6021766e-19    -9.156439e-20    3.8207431e-19             2353                1
      0.004112965    5.6033186e-05     0.0011102958    -0.0015585226     0.0022841748    -0.0015087923    9.1093825e-31   -1.6021766e-19    -9.156439e-20    3.8207431e-19              118                0
     0.0025205868    3.6658079e-05      0.012258474     0.0033692392     0.0082975905     0.0039204583    9.1093825e-31   -1.6021766e-19    -9.156439e-20    3.8207431e-19             2343                1
    -0.0094323447    3.1527092e-05    -0.0036380298    0.00052276923    0.00037522899    0.00042816729    9.1093825e-31   -1.6021766e-19    -9.156439e-20    3.8207431e-19              158                0
    0.00093904563    9.3312461e-05     0.0077922028     0.0040637618    -0.0058406671      0.002579876    9.1093825e-31   -1.6021766e-19    -9.156439e-20    3.8207431e-19             2417                1
   -0.00067658484    8.4375897e-05    -0.0026736089     0.0056672161    -0.0012550881     0.0061840867    9.1093825e-31   -1.6021766e-19    -9.156439e-20    3.8207431e-19             2252                1
     0.0016488587     7.632951e-05    -0.0030098797     0.0055851368    -0.0076280655     0.0011121139    9.1093825e-31   -1.6021766e-19    -9.156439e-20    3.8207431e-19             2375                1
   -0.00087259657    8.4589323e-05    -0.0059436886   -0.00060021103    -0.0037669796    -0.0011723026    9.1093825e-31   -1.6021766e-19    -9.156439e-20    3.8207431e-19             2288                1
     0.0068802009    6.0071423e-05     -0.013564056   -0.00047205918    -0.0009720797    0.00094200438    9.1093825e-31   -1.6021766e-19    -9.156439e-20    3.8207431e-19              213                0
     0.0018402324    6.5280915e-06      0.011964724   -0.00046975323     0.0059086494   -6.7771012e-05    9.1093825e-31   -1.6021766e-19    -9.156439e-20    3.8207431e-19             2413                1
    -0.0060724514    9.0121204e-05    -0.0030530959   -0.00059585215    -0.0033002396    0.00019627079    9.1093825e-31   -1.6021766e-19    -9.156439e-20    3.8207431e-19             2376                1
      0.001547294    3.1049933e-06      -0.01292226    -0.0037707929   -0.00019519657     0.0038676704    9.1093825e-31   -1.6021766e-19    -9.156439e-20    3.8207431e-19             2374                1
    -0.0091701439    9.3626833e-05    -0.0043421965    -0.0027762016    0.00051088602    0.00050320855    9.1093825e-31   -1.6021766e-19    -9.156439e-20    3.8207431e-19              723                0
      0.002226132    7.7619981e-05   -5.3100324e-05    -0.0049695214     0.0077479379    -0.0024713017    9.1093825e-31   -1.6021766e-19    -9.156439e-20    3.8207431e-19             2232                1
    -0.0016785213    3.2693501e-05      0.010757126      0.002523816     0.0078850146    -0.0038871462    9.1093825e-31   -1.6021766e-19    -9.156439e-20    3.8207431e-19             2345                1
      0.001972168    1.8963843e-05     -0.012638437     0.0048552132    -0.0094381208    -0.0019071576    9.1093825e-31   -1.6021766e-19    -9.156439e-20    3.8207431e-19             2212                1
     0.0011782993     4.816115e-05      0.013673321    -0.0014668895      0.010664515    -0.0029279403    9.1093825e-31   -1.6021766e-19    -9.156439e-20    3.8207431e-19             2350                1
     0.0058600698    4.0717172e-05     0.0030119687   -0.00043619849     0.0052908775    0.00013816571    9.1093825e-31   -1.6021766e-19    -9.156439e-20    3.8207431e-19             2271                1
   -2.2639522e-05    8.8095338e-05      0.003805133   -7.8772217e-05    -0.0054799924    0.00066754443    9.1093825e-31   -1.6021766e-19    -9.156439e-20    3.8207431e-19             2398                1
    -0.0089274328      1.91404e-06      0.013753678     0.0013365751   -0.00026230098   -0.00050242693    9.1093825e-31   -1.6021766e-19    -9.156439e-20    3.8207431e-19              503                0
   -0.00081256608    5.9872116e-05    -0.0028019163    -0.0010238612    -0.0088855801    -0.0014334274    9.1093825e-31   -1.6021766e-19    -9.156439e-20    3.8207431e-19             2358                1
    -0.0088864947    8.7097898e-05    -0.0012486634    0.00077270874     0.0008386469    -0.0017875087    9.1093825e-31   -1.6021766e-19    -9.156439e-20    3.8207431e-19              518                0
    -0.0016949461    5.7480825e-05     -0.011141499     0.0027689983    -0.0081486655    -0.0023696411    9.1093825e-31   -1.6021766e-19    -9.156439e-20    3.8207431e-19             2312                1
     0.0032880679    6.0731309e-05     0.0079434067   -0.00073497498     0.0021555226   -0.00054174499    9.1093825e-31   -1.6021766e-19    -9.156439e-20    3.8207431e-19              903                0
    -0.0085006226     3.796571e-05      0.010155522     0.0009977232     0.0004323457    0.00071636168    9.1093825e-31   -1.6021766e-19    -9.156439e-20    3.8207431e-19              578                0
     0.0024169544     6.599402e-05    -0.0092908321     0.0042956802    -0.0081332801    -0.0028462261    9.1093825e-31   -1.6021766e-19    -9.156439e-20    3.8207431e-19             2348                1
     0.0082400264    2.9869432e-05     0.0096055213     0.0017317465     0.0003980578    0.00014752225    9.1093825e-31   -1.6021766e-19    -9.156439e-20    3.8207431e-19              618                0
    0.00074680877    9.5524294e-05    -0.0040410436    0.00088935898      0.005583541     0.0013170253    9.1093825e-31   -1.6021766e-19    -9.156439e-20    3.8207431e-19             2072                1
    -0.0073360982    1.1627885e-05    -0.0089668287     0.0022019835   -0.00054949429   -0.00017591017    9.1093825e-31   -1.6021766e-19    -9.156439e-20    3.8207431e-19              725                0
   -2.4547428e-05    9.7183678e-05     0.0042898152   -0.00013910714    -0.0046860636    -3.916003e-05    9.1093825e-31   -1.6021766e-19    -9.156439e-20    3.8207431e-19             2421                1
   -0.00081804802    4.7865415e-05    -0.0081617022    -0.0062361485    -0.0086665014    -0.0058697471    9.1093825e-31   -1.6021766e-19    -9.156439e-20    3.8207431e-19             2296                1
    -0.0042794468    1.4884188e-05     -0.012195559   -0.00065718865    -0.0088641765     0.0014304832    9.1093825e-31   -1.6021766e-19    -9.156439e-20    3.8207431e-19             2208                1
    -0.0032741588    7.8806581e-05     0.0061524161    0.00058233715      0.011426583   -0.00030044772    9.1093825e-31   -1.6021766e-19    -9.156439e-20    3.8207431e-19             2297                1
     -0.003978217    4.7252823e-05      0.011606297   -0.00040674498     0.0092258686     0.0024110896    9.1093825e-31   -1.6021766e-19    -9.156439e-20    3.8207431e-19             2333                1
    -0.0007115319    1.7822798e-05    -0.0083737141    0.00059058546     -0.013244982    0.00023246974    9.1093825e-31   -1.6021766e-19    -9.156439e-20    3.8207431e-19             2314                1
    0.00046586047    8.5654865e-05    0.00026578308     0.0020172708    -0.0086994404    -0.0049049836    9.1093825e-31   -1.6021766e-19    -9.156439e-20    3.8207431e-19             2409                1
     0.0015702811    8.6468826e-05     0.0024788217    6.3726671e-05    -0.0071326722     -0.003744883    9.1093825e-31   -1.6021766e-19    -9.156439e-20    3.8207431e-19             2403                1
    -0.0066737626    3.0105839e-05     0.0050747632   -0.00044932376     0.0013441885     0.0010693691    9.1093825e-31   -1.6021766e-19    -9.156439e-20    3.8207431e-19              573                0
     0.0066255732    8.9731191e-05     -0.011503853   -0.00013823378   -0.00056680758    0.00042318486    9.1093825e-31   -1.6021766e-19    -9.156439e-20    3.8207431e-19              274                0
     0.0009188219    8.7929351e-05     0.0026559802    -0.0047505996     0.0034763627     0.0037607856    9.1093825e-31   -1.6021766e-19    -9.156439e-20    3.8207431e-19             2162                1
    -0.0010626721    8.2072664e-05      0.006085596   -2.7140757e-05    -0.0050451229     1.564336e-05    9.1093825e-31   -1.6021766e-19    -9.156439e-20    3.8207431e-19             2384                1
     0.0010623791      9.53743e-05     0.0059662922     0.0023975277    -0.0056931819    -0.0076612048    9.1093825e-31   -1.6021766e-19    -9.156439e-20    3.8207431e-19             2420                1
     -0.006030181    6.4692889e-05    -0.0026540328     0.0063759382     0.0045377198    0.00064035779    9.1093825e-31   -1.6021766e-19    -9.156439e-20    3.8207431e-19             2177                1
    0.00040316678    5.6494842e-05    -0.0087615466     0.0039552278    -0.0086787017     0.0058068023    9.1093825e-31   -1.6021766e-19    -9.156439e-20    3.8207431e-19             2321                1
     0.0015674838    9.6051277e-05     0.0024831565    -0.0014227866    -0.0020376984    -0.0014401368    9.1093825e-31   -1.6021766e-19    -9.156439e-20    3.8207431e-19             2404                1
    -0.0063122283    2.7879261e-05     0.0053949226   -0.00083218393      0.001481639    -0.0027876552    9.1093825e-31   -1.6021766e-19    -9.156439e-20    3.8207431e-19              985                0
   -0.00097694062    6.6850524e-05     0.0056027547     0.0008511648     0.0082875779   -0.00031169149    9.1093825e-31   -1.6021766e-19    -9.156439e-20    3.8207431e-19             2185                1
     0.0076400638    7.2166666e-05    0.00067807036   -0.00055609405    0.00095731311       0.00120687    9.1093825e-31   -1.6021766e-19    -9.156439e-20    3.8207431e-19              614                0
    -0.0027285742    8.2709128e-05     0.0069988375   -0.00036934443       0.01253146     0.0012665105    9.1093825e-31   -1.6021766e-19    -9.156439e-20    3.8207431e-19             2305                1
   -0.00075954403    5.3510477e-05    -0.0083874846     0.0034871583    0.00081312197    0.00039494917    9.1093825e-31   -1.6021766e-19    -9.156439e-20    3.8207431e-19             2204                1
    9.2465445e-05    5.1130803e-05     -0.013345645    -7.898613e-05    -0.0032077401    0.00029511328    9.1093825e-31   -1.6021766e-19    -9.156439e-20    3.8207431e-19               79                0
     0.0047589038    5.8501089e-05    -0.0035886313    -0.0022694764     0.0056059184    0.00087579823    9.1093825e-31   -1.6021766e-19    -9.156439e-20    3.8207431e-19             2289                1
     0.0010794211    7.3529714e-07    -0.0092892889    -0.0050935228     0.0036773931     0.0015904247    9.1093825e-31   -1.6021766e-19    -9.156439e-20    3.8207431e-19             2426                1
     0.0081744725    2.8466475e-05     -0.013370095   -0.00014871015    0.00032094371    0.00082558347    9.1093825e-31   -1.6021766e-19    -9.156439e-20    3.8207431e-19             1982                1
     0.0010891735    8.9599322e-05     0.0060254643    -0.0043669525    -0.0040241098     -0.000954427    9.1093825e-31   -1.6021766e-19    -9.156439e-20    3.8207431e-19             2394                1
   -0.00074911851    4.4608325e-05     0.0068509341      0.010489389     0.0071305949   -0.00074216345    9.1093825e-31   -1.6021766e-19    -9.156439e-20    3.8207431e-19             2209                1
    0.00040090136    7.6582481e-05    -0.0037918764    0.00054191495    -0.0078815268    0.00061750808    9.1093825e-31   -1.6021766e-19    -9.156439e-20    3.8207431e-19             2377                1
    0.00039946829    7.8443401e-05     -0.003793759    0.00011617566    -0.0073291534    5.7794754e-05    9.1093825e-31   -1.6021766e-19    -9.156439e-20    3.8207431e-19             2378                1
    -0.0015319897    7.2387297e-06     -0.011261569    0.00012837508     0.0011235807    -0.0011329119    9.1093825e-31   -1.6021766e-19    -9.156439e-20    3.8207431e-19             2380                1
    -0.0012769164    1.8445802e-05     -0.014241745      0.001812344      0.010652677    -0.0007304406    9.1093825e-31   -1.6021766e-19    -9.156439e-20    3.8207431e-19             2405                1
    0.00080288248    9.8781849e-05     0.0011427435    0.00078915647    -0.0061624236    -0.0047684652    9.1093825e-31   -1.6021766e-19    -9.156439e-20    3.8207431e-19             2422                1
     0.0013819537     9.869683e-05      0.011448656     0.0014810427    -0.0065436587    -0.0031664777    9.1093825e-31   -1.6021766e-19    -9.156439e-20    3.8207431e-19             2423                1
     0.0032337313    1.6582784e-06      0.014054675    2.9163339e-06     0.0084083593   -0.00051407766    9.1093825e-31   -1.6021766e-19    -9.156439e-20    3.8207431e-19             2424                1
    -0.0024085066    9.9480807e-05     -0.002083987    0.00031953907    -0.0052444725   -0.00030432368    9.1093825e-31   -1.6021766e-19    -9.156439e-20    3.8207431e-19             2427                1
