%  ASCII export : 
%
%  Momentum is normalized to the product of particle's mass and speed of light.
%  All other quantities are in SI units.
%
%            posX             posY             posZ             momX             momY             momZ             mass           charge     macro-charge             time       particleID         sourceID

     0.0010729996    6.6948007e-05    -0.0094472812      0.002488242     0.0083107101     0.0062357658    9.1093825e-31   -1.6021766e-19    -9.156439e-20    5.2275163e-19             2908                1
    -0.0053113927    4.0330228e-06      0.013686965    -0.0011045841     -0.011373849    0.00064848195    9.1093825e-31   -1.6021766e-19    -9.156439e-20    5.2275163e-19             3027                1
      0.001907985    9.8797202e-05      0.010479866    0.00071857532    -0.0012868738     0.0024759541    9.1093825e-31   -1.6021766e-19    -9.156439e-20    5.2275163e-19             3188                1
    -0.0029099958    9.5758463e-05     -0.010419643     0.0037020377    -0.0070200851    -0.0073630754    9.1093825e-31   -1.6021766e-19    -9.156439e-20    5.2275163e-19             3198                1
     0.0024169665    6.8774127e-05    -0.0091906842     0.0033227985      0.012030524     0.0015922355    9.1093825e-31   -1.6021766e-19    -9.156439e-20    5.2275163e-19             3092                1
     0.0027214882    2.0533211e-05      0.012291256    -0.0018207264     -0.012424764    0.00094568194    9.1093825e-31   -1.6021766e-19    -9.156439e-20    5.2275163e-19             3073                1
     0.0012915032    3.1536903e-05      0.011361208     0.0022650671     -0.010464088     0.0010063578    9.1093825e-31   -1.6021766e-19    -9.156439e-20    5.2275163e-19             3039                1
   -0.00063904939    3.4170709e-05     -0.012228599    0.00042415742     0.0029331751    -0.0011822139    9.1093825e-31   -1.6021766e-19    -9.156439e-20    5.2275163e-19               55                0
    -0.0010245846    1.9214733e-05     0.0058692587     0.0031153329     0.0067997836     0.0045033176    9.1093825e-31   -1.6021766e-19    -9.156439e-20    5.2275163e-19             3160                1
    -0.0010521484    5.1462834e-05     0.0060752393     -0.002719627    -0.0078139435     0.0014389968    9.1093825e-31   -1.6021766e-19    -9.156439e-20    5.2275163e-19             3054                1
     0.0044053611    2.9740138e-05      0.005249199   -0.00054197281     -0.002706015   -0.00038253076    9.1093825e-31   -1.6021766e-19    -9.156439e-20    5.2275163e-19              154                0
     0.0066332323    7.3422081e-05     -0.013287964     0.0014425494     0.0016372653     0.0013954721    9.1093825e-31   -1.6021766e-19    -9.156439e-20    5.2275163e-19              488                0
    -0.0025121281    3.9950344e-05     -0.014794772    -0.0012336553     0.0030199541    0.00063785585    9.1093825e-31   -1.6021766e-19    -9.156439e-20    5.2275163e-19               27                0
   -0.00057845435    7.9531448e-05    -0.0081538502    -0.0080680372      0.010716337   -0.00032972041    9.1093825e-31   -1.6021766e-19    -9.156439e-20    5.2275163e-19             3017                1
     0.0013420928     9.049158e-05     -0.013125673   -0.00091533753     0.0093889497    -0.0057856236    9.1093825e-31   -1.6021766e-19    -9.156439e-20    5.2275163e-19             2865                1
     -0.001499816    8.1201266e-05     -0.008381336     0.0005818425      0.010124336     0.0025999316    9.1093825e-31   -1.6021766e-19    -9.156439e-20    5.2275163e-19             2978                1
     0.0032145437    6.0253828e-05      0.014069168   -0.00075202034    -0.0091769584   -5.1206283e-05    9.1093825e-31   -1.6021766e-19    -9.156439e-20    5.2275163e-19             3120                1
    -0.0014837402    8.2359504e-05    -0.0085082818   -0.00048793119      0.013076324   -0.00074919011    9.1093825e-31   -1.6021766e-19    -9.156439e-20    5.2275163e-19             3078                1
     0.0088430941    2.7176389e-08    0.00018166468     0.0020917878   -0.00057497638    0.00017326364    9.1093825e-31   -1.6021766e-19    -9.156439e-20    5.2275163e-19              386                0
     0.0010343444    5.8856613e-06     0.0077947751     0.0051886966     0.0029079155    -0.0060513881    9.1093825e-31   -1.6021766e-19    -9.156439e-20    5.2275163e-19             3174                1
      0.001122499    7.5797638e-05      0.013659508   -0.00038962869    -0.0075808275    -0.0040669772    9.1093825e-31   -1.6021766e-19    -9.156439e-20    5.2275163e-19             3138                1
   -0.00052748976    4.6584697e-05    -0.0082689663   -0.00052496622     0.0073104962   -0.00064384739    9.1093825e-31   -1.6021766e-19    -9.156439e-20    5.2275163e-19             2970                1
    -0.0051499545     5.923957e-05     0.0089272847     0.0014523617    -0.0019891122   -0.00043801634    9.1093825e-31   -1.6021766e-19    -9.156439e-20    5.2275163e-19              355                0
     0.0076250345    1.8783974e-05     -0.011855258   -0.00081293983    0.00065388036    0.00070920866    9.1093825e-31   -1.6021766e-19    -9.156439e-20    5.2275163e-19              451                0
     0.0012453391    2.8167411e-18      0.011464811      0.002092215     -0.010579174     0.0045750253    9.1093825e-31   -1.6021766e-19    -9.156439e-20    5.2275163e-19             2936                1
    -0.0064277463    2.3830589e-05     -0.001976866   -0.00014446858   -0.00091357791    0.00093338214    9.1093825e-31   -1.6021766e-19    -9.156439e-20    5.2275163e-19               32                0
    -0.0015226476    3.1189709e-05    -0.0066262768     0.0031974518       0.00839906     0.0023887851    9.1093825e-31   -1.6021766e-19    -9.156439e-20    5.2275163e-19             3130                1
     0.0081699966    2.2011915e-05    0.00060299836    -0.0016469837   -0.00073557696   -0.00062168809    9.1093825e-31   -1.6021766e-19    -9.156439e-20    5.2275163e-19              455                0
     0.0013511233    1.4184769e-05     0.0024038663    6.5264685e-05     0.0037742066    -0.0014772874    9.1093825e-31   -1.6021766e-19    -9.156439e-20    5.2275163e-19             3140                1
    0.00087860133    1.4269444e-05     0.0060303402    5.4561309e-07     -0.010588411    3.4224428e-05    9.1093825e-31   -1.6021766e-19    -9.156439e-20    5.2275163e-19             2987                1
   -0.00095020852    6.8366107e-06     0.0058634304   -0.00031521049     -0.011730455    -3.383166e-05    9.1093825e-31   -1.6021766e-19    -9.156439e-20    5.2275163e-19             3019                1
   -0.00096218777    4.5810934e-06     0.0060302676     0.0044876118     0.0025105637     0.0060980669    9.1093825e-31   -1.6021766e-19    -9.156439e-20    5.2275163e-19             3177                1
     0.0019273363    2.9619921e-05      0.012110435   -0.00071435259    -0.0035544662    -2.123677e-05    9.1093825e-31   -1.6021766e-19    -9.156439e-20    5.2275163e-19             2645                1
     0.0029937665    3.4047283e-05    -0.0044167018    -0.0011043568     0.0089867683    0.00053810561    9.1093825e-31   -1.6021766e-19    -9.156439e-20    5.2275163e-19             3132                1
     0.0031482591    5.9166232e-05      0.014063217    -0.0025652838    -0.0065085934     -0.005036796    9.1093825e-31   -1.6021766e-19    -9.156439e-20    5.2275163e-19             3036                1
     0.0010908181    1.0284553e-05     0.0057509234     0.0019721109     0.0072812187     0.0035783451    9.1093825e-31   -1.6021766e-19    -9.156439e-20    5.2275163e-19             3186                1
    1.7209912e-05    3.4866262e-05    -0.0013788997    0.00032743183      0.010664156    -6.411608e-05    9.1093825e-31   -1.6021766e-19    -9.156439e-20    5.2275163e-19             3143                1
    -0.0031472933    1.3365348e-05     -0.001770285   -0.00081672834    -0.0055976119    0.00074364943    9.1093825e-31   -1.6021766e-19    -9.156439e-20    5.2275163e-19             2842                1
     0.0011108278    2.0473179e-05     0.0058635389     0.0008262195    -0.0093113249   -0.00054027844    9.1093825e-31   -1.6021766e-19    -9.156439e-20    5.2275163e-19             2911                1
    -0.0064672921    1.8773317e-05     0.0038386248     0.0030635723    -0.0017833514    -0.0015913227    9.1093825e-31   -1.6021766e-19    -9.156439e-20    5.2275163e-19              695                0
    -0.0010196023    9.8526252e-06     0.0060985647     0.0043716272      0.002565447    -0.0022265988    9.1093825e-31   -1.6021766e-19    -9.156439e-20    5.2275163e-19             3150                1
     0.0002944002    6.0323706e-05    -0.0088329436    -0.0042552305     0.0086739063   -0.00065500231    9.1093825e-31   -1.6021766e-19    -9.156439e-20    5.2275163e-19             2983                1
     0.0066972352    7.1268136e-05    -0.0075142435     0.0022644312     0.0010368538     0.0016486821    9.1093825e-31   -1.6021766e-19    -9.156439e-20    5.2275163e-19                4                0
     0.0010295648    3.7957216e-06     0.0078029204     0.0025063583     0.0017356067    -0.0014798709    9.1093825e-31   -1.6021766e-19    -9.156439e-20    5.2275163e-19             3175                1
    -0.0015887044    3.8913819e-05     -0.012427697   -0.00015260352     0.0064731394    -0.0021394396    9.1093825e-31   -1.6021766e-19    -9.156439e-20    5.2275163e-19             2877                1
     0.0011590358    6.4734129e-05       0.01350508     0.0049248915    -0.0063225753    -0.0038982984    9.1093825e-31   -1.6021766e-19    -9.156439e-20    5.2275163e-19             3030                1
     0.0016554246    2.5865654e-06     -0.012844844     0.0061174445    -0.0005658865       0.00314546    9.1093825e-31   -1.6021766e-19    -9.156439e-20    5.2275163e-19             2798                1
    -0.0015233437    6.2939129e-05    -0.0066508409    -0.0035842152     0.0072887801    -0.0035080989    9.1093825e-31   -1.6021766e-19    -9.156439e-20    5.2275163e-19             2931                1
     0.0043454473    8.0491132e-05     -0.014753795     0.0012708759     0.0086452812   -0.00060687528    9.1093825e-31   -1.6021766e-19    -9.156439e-20    5.2275163e-19             2953                1
   -0.00054314354    7.1309332e-05    -0.0082938364     -0.001779724     0.0092997728    -0.0026326913    9.1093825e-31   -1.6021766e-19    -9.156439e-20    5.2275163e-19             2971                1
    -0.0040672906    5.8539503e-05    -0.0096814735   -0.00026585869     0.0080843195     0.0009809708    9.1093825e-31   -1.6021766e-19    -9.156439e-20    5.2275163e-19             3007                1
     0.0060617416    2.9593684e-05      0.004867801     -0.001082599     -0.001836228    0.00066448271    9.1093825e-31   -1.6021766e-19    -9.156439e-20    5.2275163e-19              751                0
    -0.0010009159    7.6895267e-05    -0.0059225159    -0.0063292845     0.0085655106     0.0013219053    9.1093825e-31   -1.6021766e-19    -9.156439e-20    5.2275163e-19             2959                1
     0.0015383903    4.9566872e-05    -0.0051450743     0.0051016342     0.0059094266   -0.00083097065    9.1093825e-31   -1.6021766e-19    -9.156439e-20    5.2275163e-19             2949                1
    -0.0008597608     1.004893e-05    -0.0028803411    3.4454872e-05     0.0021737863   -0.00031378932    9.1093825e-31   -1.6021766e-19    -9.156439e-20    5.2275163e-19             2996                1
    -0.0074445414    5.7246583e-05    -0.0072115366    -0.0011810813    0.00026022297    -0.0026722695    9.1093825e-31   -1.6021766e-19    -9.156439e-20    5.2275163e-19              532                0
   -0.00084910297    2.1322416e-05    -0.0027722812    -0.0059223538     0.0039506317     0.0043602008    9.1093825e-31   -1.6021766e-19    -9.156439e-20    5.2275163e-19             3058                1
    -0.0021390184    1.2918013e-05      0.006283991     0.0019204933      0.005611219    0.00021433448    9.1093825e-31   -1.6021766e-19    -9.156439e-20    5.2275163e-19             3167                1
    -5.609744e-05    3.6946058e-06     0.0038986036     0.0037170579     0.0031246084    0.00033240227    9.1093825e-31   -1.6021766e-19    -9.156439e-20    5.2275163e-19             3191                1
   -6.7941321e-05    1.3166932e-05      0.013795328    0.00093518436     -0.013362821    -0.0026190444    9.1093825e-31   -1.6021766e-19    -9.156439e-20    5.2275163e-19             3074                1
   -3.5282697e-05    5.2510222e-06     0.0034185459     0.0080615766     -0.010035961     0.0019037994    9.1093825e-31   -1.6021766e-19    -9.156439e-20    5.2275163e-19             2958                1
     0.0012013071    3.2925611e-05     -0.006920503     0.0087510031     0.0063784076    -0.0046634595    9.1093825e-31   -1.6021766e-19    -9.156439e-20    5.2275163e-19             3031                1
    -0.0012438449     5.233554e-06     0.0055118669     0.0060013458     0.0022919995    -0.0018399307    9.1093825e-31   -1.6021766e-19    -9.156439e-20    5.2275163e-19             3170                1
     0.0020468964    9.4077106e-05      0.010655722    -0.0012404424    2.3832341e-05     -0.001279061    9.1093825e-31   -1.6021766e-19    -9.156439e-20    5.2275163e-19             2471                1
     0.0047626495     2.541381e-06    -0.0033312547    -0.0015537892      0.001113501     0.0034770202    9.1093825e-31   -1.6021766e-19    -9.156439e-20    5.2275163e-19             2961                1
   -0.00091850496    4.6301466e-05    -0.0058782808   -2.3545268e-05     0.0062098107     0.0047025587    9.1093825e-31   -1.6021766e-19    -9.156439e-20    5.2275163e-19             2960                1
    -0.0021344468     9.255125e-05     0.0063590184    -0.0025100615    0.00025708639     0.0014004327    9.1093825e-31   -1.6021766e-19    -9.156439e-20    5.2275163e-19             2665                1
     0.0015165352    5.7447487e-05    -0.0052468986    -0.0015974775     0.0087446626    -0.0043914826    9.1093825e-31   -1.6021766e-19    -9.156439e-20    5.2275163e-19             3053                1
    -0.0014743704    8.3707077e-05    -0.0066018221   -6.5619453e-05    -0.0051079434    0.00075070496    9.1093825e-31   -1.6021766e-19    -9.156439e-20    5.2275163e-19             3162                1
    -0.0082830302    7.1591719e-05      0.014698564    5.9088608e-05     0.0003354681      0.001215648    9.1093825e-31   -1.6021766e-19    -9.156439e-20    5.2275163e-19              719                0
    -0.0090968227    2.7541068e-05     0.0024604527   -0.00066618592   -0.00075462577     0.0014008154    9.1093825e-31   -1.6021766e-19    -9.156439e-20    5.2275163e-19              874                0
    -0.0011363664    8.8488537e-07    -0.0039632106      0.005956627     0.0030554656      0.002830754    9.1093825e-31   -1.6021766e-19    -9.156439e-20    5.2275163e-19             3202                1
    -0.0024682921    9.5785676e-05    -0.0020389766     -0.002069494     0.0018730019      0.001569015    9.1093825e-31   -1.6021766e-19    -9.156439e-20    5.2275163e-19             2616                1
    -0.0041775969    6.5994333e-05     0.0059869667      0.001562292    -0.0026340673    -0.0007820251    9.1093825e-31   -1.6021766e-19    -9.156439e-20    5.2275163e-19              628                0
    -0.0031183786    4.4730219e-05     -0.010327061    -0.0072866296     0.0082268994     0.0025678053    9.1093825e-31   -1.6021766e-19    -9.156439e-20    5.2275163e-19             3086                1
   -0.00072926597    6.6386626e-19    -0.0026183266    -0.0039773029    -0.0062129274    -0.0022603024    9.1093825e-31   -1.6021766e-19    -9.156439e-20    5.2275163e-19             2894                1
   -0.00084402139    6.6956869e-05    -0.0084792664    8.9089721e-05     0.0098276874    0.00020749449    9.1093825e-31   -1.6021766e-19    -9.156439e-20    5.2275163e-19             3024                1
     0.0024135932    6.4124717e-05      -0.00930655    -0.0037929686      0.011774059     0.0025723805    9.1093825e-31   -1.6021766e-19    -9.156439e-20    5.2275163e-19             3100                1
     0.0072579687    7.7615303e-05     0.0060431613   -0.00060730008    -0.0012649455     0.0019555753    9.1093825e-31   -1.6021766e-19    -9.156439e-20    5.2275163e-19              828                0
     0.0079598548    7.3685413e-05     0.0085728467     0.0012385236     0.0021937077   -0.00072586013    9.1093825e-31   -1.6021766e-19    -9.156439e-20    5.2275163e-19             2734                1
    -0.0017266538    9.0497939e-05      0.010872967   -0.00058096368     -0.004378668     -0.001406842    9.1093825e-31   -1.6021766e-19    -9.156439e-20    5.2275163e-19             3157                1
   -0.00085266383    5.3139316e-05    -0.0083579589    -0.0051022102     0.0090812771   -0.00086682994    9.1093825e-31   -1.6021766e-19    -9.156439e-20    5.2275163e-19             3061                1
     0.0053527327    2.2369552e-05     0.0064115943     0.0011256867    -0.0024581871   -0.00040027784    9.1093825e-31   -1.6021766e-19    -9.156439e-20    5.2275163e-19              580                0
    -0.0032344623    2.9422608e-05     0.0064491858     -0.003416298     -0.012130066     0.0040108482    9.1093825e-31   -1.6021766e-19    -9.156439e-20    5.2275163e-19             3102                1
     0.0082700606    6.7635236e-05     -0.012569071    -0.0022207173     0.0010677731     0.0022226169    9.1093825e-31   -1.6021766e-19    -9.156439e-20    5.2275163e-19              586                0
    -0.0022939972    4.7118403e-05     0.0029094333    0.00074508908     0.0084033376   -0.00043905462    9.1093825e-31   -1.6021766e-19    -9.156439e-20    5.2275163e-19             3117                1
    -0.0050011557    5.3862117e-05    -0.0052420422     0.0010151742    0.00021494014    -0.0009472036    9.1093825e-31   -1.6021766e-19    -9.156439e-20    5.2275163e-19              660                0
   -0.00056894869    3.5836154e-05    -0.0081872316     0.0039610392     0.0072379308    -0.0033227562    9.1093825e-31   -1.6021766e-19    -9.156439e-20    5.2275163e-19             3071                1
    -0.0077398331    3.2376938e-05      0.011064617    0.00060796289    -0.0006343032     0.0015232631    9.1093825e-31   -1.6021766e-19    -9.156439e-20    5.2275163e-19              652                0
    -0.0022757186    1.1265444e-05     0.0029003082     0.0026779238     0.0021091809    -0.0071333144    9.1093825e-31   -1.6021766e-19    -9.156439e-20    5.2275163e-19             3125                1
    -0.0011514111    5.5590506e-05     0.0059463102    -0.0051697735    -0.0066201887    -0.0078616496    9.1093825e-31   -1.6021766e-19    -9.156439e-20    5.2275163e-19             2855                1
     0.0023931114    5.9273461e-05    -0.0092026712   -2.4148729e-05      0.010701941   -9.1697832e-05    9.1093825e-31   -1.6021766e-19    -9.156439e-20    5.2275163e-19             3093                1
    -0.0036909517    4.2021875e-05      0.011591923     0.0038789008     -0.010259705     0.0014200056    9.1093825e-31   -1.6021766e-19    -9.156439e-20    5.2275163e-19             3091                1
    -0.0031270988      3.32881e-06   -1.7442633e-05    -0.0029715321    -0.0023160409    -0.0029522737    9.1093825e-31   -1.6021766e-19    -9.156439e-20    5.2275163e-19              303                0
     0.0017993005    4.5600947e-05      0.012117543   -0.00076009432    -0.0069847051    -0.0086259004    9.1093825e-31   -1.6021766e-19    -9.156439e-20    5.2275163e-19             2937                1
     0.0011412974    4.8126425e-05    -0.0064972378     0.0019695482     0.0087439781    -0.0013287995    9.1093825e-31   -1.6021766e-19    -9.156439e-20    5.2275163e-19             3081                1
     0.0028814774    1.2614131e-05    -0.0056391675    -0.0017023293   -9.0376843e-06    1.1441542e-05    9.1093825e-31   -1.6021766e-19    -9.156439e-20    5.2275163e-19              860                0
     0.0019295795    9.7963792e-05     -0.012693219     0.0023627318    -0.0068292473   -0.00052618555    9.1093825e-31   -1.6021766e-19    -9.156439e-20    5.2275163e-19             3201                1
    -0.0033002384    2.3183931e-05     -0.012591507   -0.00088527467     0.0026093344    -0.0015395269    9.1093825e-31   -1.6021766e-19    -9.156439e-20    5.2275163e-19              900                0
    -0.0064701964    2.1604481e-05    -0.0088523515    0.00090057822    0.00098735455    -0.0013279777    9.1093825e-31   -1.6021766e-19    -9.156439e-20    5.2275163e-19              132                0
     0.0013828195     5.119538e-05     -0.012981113    -0.0003581428     0.0075766877     0.0032220744    9.1093825e-31   -1.6021766e-19    -9.156439e-20    5.2275163e-19             2939                1
     -0.007247969    8.7693596e-05    -0.0026399093     0.0006069825    0.00014308369    0.00067801483    9.1093825e-31   -1.6021766e-19    -9.156439e-20    5.2275163e-19             1012                1
     0.0010873121    7.8924177e-06      0.005744237   -0.00055739837     0.0055548339    -0.0012462477    9.1093825e-31   -1.6021766e-19    -9.156439e-20    5.2275163e-19             3187                1
     0.0077329869    4.7199163e-05      -0.01309178     0.0023904028     0.0010727854     -0.001699962    9.1093825e-31   -1.6021766e-19    -9.156439e-20    5.2275163e-19              311                0
    0.00075223023    1.9191772e-05      0.001075729     -0.003408961     0.0050196885    -0.0035994884    9.1093825e-31   -1.6021766e-19    -9.156439e-20    5.2275163e-19             3136                1
     0.0024014851    4.3401295e-05    -0.0076745162      -0.00759396     0.0075515769     0.0044945623    9.1093825e-31   -1.6021766e-19    -9.156439e-20    5.2275163e-19             3044                1
    -0.0028285796    8.9289926e-05    -0.0068202224     0.0023673975      0.011644096     0.0037270146    9.1093825e-31   -1.6021766e-19    -9.156439e-20    5.2275163e-19             3028                1
    -0.0012469575    1.2105377e-05     0.0066252695     0.0012091709     -0.011889169       0.00130232    9.1093825e-31   -1.6021766e-19    -9.156439e-20    5.2275163e-19             3032                1
    -0.0072883763    7.1136245e-05    -0.0014259964     0.0023410947    -0.0021626884    -0.0005533247    9.1093825e-31   -1.6021766e-19    -9.156439e-20    5.2275163e-19             2944                1
    -0.0062041306    6.8943482e-06     0.0028723546     6.868419e-06    -0.0018433188   -0.00011805751    9.1093825e-31   -1.6021766e-19    -9.156439e-20    5.2275163e-19              677                0
     0.0016746871     9.488497e-05     -0.012984836     0.0010875446      0.009997624    0.00080296572    9.1093825e-31   -1.6021766e-19    -9.156439e-20    5.2275163e-19             2890                1
    -0.0084486743    9.0866008e-05    -0.0047997413    0.00032137148    0.00039102201   -0.00011255141    9.1093825e-31   -1.6021766e-19    -9.156439e-20    5.2275163e-19              210                0
     0.0033806649    4.3766948e-05      0.012656434   -1.4502323e-05    -0.0093247434     0.0011585201    9.1093825e-31   -1.6021766e-19    -9.156439e-20    5.2275163e-19             3077                1
     0.0078964299    5.7865123e-05     0.0085157966   -0.00030189173   -0.00075003767       0.00126226    9.1093825e-31   -1.6021766e-19    -9.156439e-20    5.2275163e-19              254                0
     0.0058516827    5.4128337e-05     0.0044041439   -0.00060500327    -0.0021227873   -0.00087993382    9.1093825e-31   -1.6021766e-19    -9.156439e-20    5.2275163e-19              270                0
    0.00079735665    2.8723651e-05     0.0097289244   -0.00048807269      -0.00938222     5.203125e-05    9.1093825e-31   -1.6021766e-19    -9.156439e-20    5.2275163e-19             2962                1
     0.0010599628    4.2685722e-05    -0.0066246255     -0.002668614     0.0052847704     -0.006921655    9.1093825e-31   -1.6021766e-19    -9.156439e-20    5.2275163e-19             2893                1
     0.0014634653    9.3861992e-05    -0.0088930093    0.00025903591    -0.0039933119    0.00068777689    9.1093825e-31   -1.6021766e-19    -9.156439e-20    5.2275163e-19             3189                1
    -0.0018708846    3.3133138e-06     0.0018431769     0.0005393576     0.0034724507     0.0012110166    9.1093825e-31   -1.6021766e-19    -9.156439e-20    5.2275163e-19             3194                1
    -0.0076238802    8.8477813e-05     -0.012231431    -0.0011668185     0.0015366155    -0.0012036858    9.1093825e-31   -1.6021766e-19    -9.156439e-20    5.2275163e-19              673                0
     0.0014474039     7.031954e-05     -0.013021084     0.0013486948     0.0091598835    -0.0046081855    9.1093825e-31   -1.6021766e-19    -9.156439e-20    5.2275163e-19             2963                1
      0.008543618    7.2333687e-06      0.010211064    0.00027336407   -0.00051722518   -9.2278562e-05    9.1093825e-31   -1.6021766e-19    -9.156439e-20    5.2275163e-19              410                0
     -0.002910411    9.9110373e-05     -0.010417242     0.0030026399    -0.0013770706    -0.0033213629    9.1093825e-31   -1.6021766e-19    -9.156439e-20    5.2275163e-19             3199                1
     0.0017719128    3.0036026e-18      0.012168967    -0.0052719335     -0.010754661   -0.00047731408    9.1093825e-31   -1.6021766e-19    -9.156439e-20    5.2275163e-19             2954                1
     0.0024790072    1.1439004e-05   -0.00012438736      0.004010858    -0.0071546263    -0.0018318587    9.1093825e-31   -1.6021766e-19    -9.156439e-20    5.2275163e-19             2915                1
    0.00029869578    2.1715034e-05      0.012324728    0.00079991546     -0.011602778    -0.0077446201    9.1093825e-31   -1.6021766e-19    -9.156439e-20    5.2275163e-19             3050                1
    -0.0031421105    1.2559249e-05    -0.0018155049     0.0041185571     0.0043465709       0.00224828    9.1093825e-31   -1.6021766e-19    -9.156439e-20    5.2275163e-19             3144                1
    -0.0094022471    9.3711154e-05     -0.006626701    0.00039384619     0.0001282843     0.0004147671    9.1093825e-31   -1.6021766e-19    -9.156439e-20    5.2275163e-19              192                0
     0.0012712757    3.6464062e-05      0.011350497    9.1453163e-05    -0.0099380463   -0.00014585079    9.1093825e-31   -1.6021766e-19    -9.156439e-20    5.2275163e-19             3040                1
    -0.0024227579    5.9054848e-05    -0.0021029387    -0.0012346909      0.011006866    0.00042166881    9.1093825e-31   -1.6021766e-19    -9.156439e-20    5.2275163e-19             3107                1
    -0.0007566986     9.830558e-05     -0.008414329   -0.00093520421      0.013829378    8.8616616e-05    9.1093825e-31   -1.6021766e-19    -9.156439e-20    5.2275163e-19             3045                1
     0.0035662509    1.8985118e-05     0.0034558773       0.00120371    -0.0030121375     0.0021995374    9.1093825e-31   -1.6021766e-19    -9.156439e-20    5.2275163e-19              991                0
    0.00036423336     9.239564e-05    -0.0087638507    -0.0004710099      0.011104153    -0.0009777979    9.1093825e-31   -1.6021766e-19    -9.156439e-20    5.2275163e-19             2972                1
    -0.0091243377    1.6074049e-05    -0.0019693316     0.0011718774   -0.00031743545   -0.00095277699    9.1093825e-31   -1.6021766e-19    -9.156439e-20    5.2275163e-19              212                0
     0.0084461421    8.4444391e-06     0.0015300347    0.00023275946   -0.00070234708   -0.00082992594    9.1093825e-31   -1.6021766e-19    -9.156439e-20    5.2275163e-19              525                0
     0.0093051577    7.8986113e-06    -0.0092486152     0.0011430371    0.00020155915    -0.0014044009    9.1093825e-31   -1.6021766e-19    -9.156439e-20    5.2275163e-19              690                0
    -0.0042476673    9.9501929e-05     -0.012193286      0.000561903     0.0093659358    0.00023337136    9.1093825e-31   -1.6021766e-19    -9.156439e-20    5.2275163e-19             2885                1
     0.0017630524     3.251779e-05      0.011389822     0.0064190454      -0.01115244     0.0018995721    9.1093825e-31   -1.6021766e-19    -9.156439e-20    5.2275163e-19             3075                1
    -0.0086719114      3.77574e-05    -0.0011663649    0.00090374547   -0.00062585098    0.00099271222    9.1093825e-31   -1.6021766e-19    -9.156439e-20    5.2275163e-19              750                0
   -0.00087312231    5.9972637e-05    -0.0084239906      0.005427192     0.0097036669      0.002830182    9.1093825e-31   -1.6021766e-19    -9.156439e-20    5.2275163e-19             3051                1
     0.0015506435    4.6624373e-06    -0.0048966845     0.0019418882    -0.0046123485    0.00046595055    9.1093825e-31   -1.6021766e-19    -9.156439e-20    5.2275163e-19             2914                1
   -0.00067318138    2.3213432e-05     0.0068707573      0.003350286     0.0074944221    -0.0013817924    9.1093825e-31   -1.6021766e-19    -9.156439e-20    5.2275163e-19             3153                1
     0.0034090572     8.477622e-05      0.012689247     0.0022097114    -0.0036394671     0.0022816928    9.1093825e-31   -1.6021766e-19    -9.156439e-20    5.2275163e-19             2934                1
    -0.0057151513    5.0724178e-05     0.0058841691    -0.0011381316    -0.0018993575     0.0010293802    9.1093825e-31   -1.6021766e-19    -9.156439e-20    5.2275163e-19              220                0
    -0.0028911016    3.9819737e-05    -0.0056109275    -0.0026343937     0.0065187993    0.00031316947    9.1093825e-31   -1.6021766e-19    -9.156439e-20    5.2275163e-19             3034                1
      0.006229321    4.0118328e-05    -0.0085179992    -0.0027158249     0.0011251766   -0.00053942477    9.1093825e-31   -1.6021766e-19    -9.156439e-20    5.2275163e-19              931                0
    -0.0030971291    4.8028152e-05    -0.0019045089      0.001471673     0.0079609444    -0.0034529141    9.1093825e-31   -1.6021766e-19    -9.156439e-20    5.2275163e-19             3096                1
     0.0014352711    2.8416386e-18      0.011545313     -0.001417338     -0.010743758      0.001194726    9.1093825e-31   -1.6021766e-19    -9.156439e-20    5.2275163e-19             2941                1
     0.0022787745    6.1203587e-05    -0.0091327094    -0.0003448597     0.0098813232   -0.00015004068    9.1093825e-31   -1.6021766e-19    -9.156439e-20    5.2275163e-19             3067                1
     0.0056071728    7.9928395e-05      0.011488732      0.004478056    -0.0048713842     0.0016918414    9.1093825e-31   -1.6021766e-19    -9.156439e-20    5.2275163e-19             3112                1
   -0.00027704344    2.8959408e-05     -0.002800901     0.0027505162     0.0069401297   -0.00072468497    9.1093825e-31   -1.6021766e-19    -9.156439e-20    5.2275163e-19             3121                1
     0.0058719702    1.2388186e-05    -0.0030914873    -0.0010939194   -0.00054145872    -0.0022774953    9.1093825e-31   -1.6021766e-19    -9.156439e-20    5.2275163e-19              256                0
    -0.0010161081      1.70628e-06     0.0058500548    0.00051881251     -0.001033815     -0.003751368    9.1093825e-31   -1.6021766e-19    -9.156439e-20    5.2275163e-19             3108                1
     -0.002965502    5.9607832e-05     -0.010317044     0.0024066803     0.0095106438    -0.0014972148    9.1093825e-31   -1.6021766e-19    -9.156439e-20    5.2275163e-19             3068                1
    -0.0024965475    4.1555533e-05    -0.0020728919    0.00025262168     0.0077870502   -2.6937341e-05    9.1093825e-31   -1.6021766e-19    -9.156439e-20    5.2275163e-19             3105                1
     0.0014046925    9.0674628e-05    -0.0088626128    0.00079397782      0.012224869    0.00025772577    9.1093825e-31   -1.6021766e-19    -9.156439e-20    5.2275163e-19             3025                1
    -0.0092862081    7.2618233e-05     0.0021135262    -0.0022409987    6.3886131e-05    -0.0018363253    9.1093825e-31   -1.6021766e-19    -9.156439e-20    5.2275163e-19              978                0
   -0.00070519204    3.2272765e-06      0.006886445    -0.0078003258     0.0005344415     0.0040855752    9.1093825e-31   -1.6021766e-19    -9.156439e-20    5.2275163e-19             3154                1
     0.0093490891    3.0246698e-05    0.00090566755     0.0014163631   -0.00062784477   -0.00017841104    9.1093825e-31   -1.6021766e-19    -9.156439e-20    5.2275163e-19              637                0
   -0.00079961738    5.6517161e-05      0.005873302     0.0015662914    -0.0065016351     0.0013558137    9.1093825e-31   -1.6021766e-19    -9.156439e-20    5.2275163e-19             2841                1
     0.0012173012    1.5204164e-05      0.011349312    9.6020776e-05    -0.0095265564    -0.0036483279    9.1093825e-31   -1.6021766e-19    -9.156439e-20    5.2275163e-19             2935                1
     0.0046836319    7.5632204e-05     0.0022173435   -0.00068887073    -0.0020967769     0.0011533834    9.1093825e-31   -1.6021766e-19    -9.156439e-20    5.2275163e-19              229                0
     0.0011312647    8.6375447e-05      0.013560272     0.0034451212    -0.0046577794    1.2975442e-05    9.1093825e-31   -1.6021766e-19    -9.156439e-20    5.2275163e-19             3131                1
    -0.0085209524     4.012624e-05    -0.0014795675    0.00080291787   -0.00062536512   -0.00040299041    9.1093825e-31   -1.6021766e-19    -9.156439e-20    5.2275163e-19              894                0
     0.0076016625    8.8522589e-05     0.0054176808     -0.001006556   -0.00095847488     0.0030266624    9.1093825e-31   -1.6021766e-19    -9.156439e-20    5.2275163e-19              219                0
      0.007986838    3.4052806e-05    -0.0030291898     0.0016678992   -0.00063986034     0.0023101487    9.1093825e-31   -1.6021766e-19    -9.156439e-20    5.2275163e-19              309                0
    -0.0089544794    6.2525949e-05      0.011189478   -0.00023384248   -6.8738555e-05   -0.00060472701    9.1093825e-31   -1.6021766e-19    -9.156439e-20    5.2275163e-19              329                0
     0.0021424438    6.4187363e-05     -0.014609091     0.0021970305     0.0083168754   -0.00098860275    9.1093825e-31   -1.6021766e-19    -9.156439e-20    5.2275163e-19             2997                1
     0.0089966487     6.128104e-05     0.0080254683    -0.0010079021   -0.00032111103     0.0016580753    9.1093825e-31   -1.6021766e-19    -9.156439e-20    5.2275163e-19              369                0
     0.0028148014    1.8389281e-05    -0.0071372157    -0.0006423681   -0.00031319007     -0.003736936    9.1093825e-31   -1.6021766e-19    -9.156439e-20    5.2275163e-19             2430                1
     0.0014495747    2.7326232e-05      0.011379108   -0.00015464387    -0.0087863244   -0.00031024407    9.1093825e-31   -1.6021766e-19    -9.156439e-20    5.2275163e-19             2942                1
    -0.0021104445    8.4444808e-05     0.0072026001      0.002020976    -0.0025772457    0.00015925523    9.1093825e-31   -1.6021766e-19    -9.156439e-20    5.2275163e-19              632                0
    -0.0008086664    3.7151309e-05    -0.0083577903    -0.0065801512     0.0071699196     0.0062150918    9.1093825e-31   -1.6021766e-19    -9.156439e-20    5.2275163e-19             3046                1
     0.0012471704    6.3282801e-05      0.011334501    -0.0079121208    -0.0077079446      0.001004174    9.1093825e-31   -1.6021766e-19    -9.156439e-20    5.2275163e-19             3090                1
      0.001699217     3.280431e-06     0.0074358252    -0.0011463688     -0.010563004     0.0045407647    9.1093825e-31   -1.6021766e-19    -9.156439e-20    5.2275163e-19             2916                1
   -0.00070491544    6.7843917e-05    -0.0058829533    -0.0026390126      0.010286371    -0.0030714176    9.1093825e-31   -1.6021766e-19    -9.156439e-20    5.2275163e-19             3059                1
      0.007250723    5.3501219e-05    0.00082802074    -0.0015251042   -0.00073176034   -0.00085186935    9.1093825e-31   -1.6021766e-19    -9.156439e-20    5.2275163e-19              476                0
    -0.0048554055    4.6660218e-05     -0.012830948     0.0013223565     0.0025182795    -0.0016439252    9.1093825e-31   -1.6021766e-19    -9.156439e-20    5.2275163e-19              549                0
   -0.00088911038    9.5468415e-05      0.010223065     0.0026181466    -0.0020909014    0.00071707682    9.1093825e-31   -1.6021766e-19    -9.156439e-20    5.2275163e-19              569                0
     0.0010652551     8.442848e-05    -0.0095564565     8.041699e-05      0.011246261     0.0027848184    9.1093825e-31   -1.6021766e-19    -9.156439e-20    5.2275163e-19             3016                1
   -0.00029995799    2.1554722e-05    -0.0028144959    -0.0016167912     0.0055330722    -0.0033171703    9.1093825e-31   -1.6021766e-19    -9.156439e-20    5.2275163e-19             3122                1
     0.0094926506    9.7673248e-05     -0.014395122   -8.7938126e-05    0.00070379378       0.00209467    9.1093825e-31   -1.6021766e-19    -9.156439e-20    5.2275163e-19              922                0
     0.0013668136    5.6879948e-05      0.011467552    -0.0015437134    -0.0083823558     0.0039352966    9.1093825e-31   -1.6021766e-19    -9.156439e-20    5.2275163e-19             3087                1
    -0.0077568945    4.7879545e-05     0.0039160517     0.0011686226    -0.0010500937    0.00098709913    9.1093825e-31   -1.6021766e-19    -9.156439e-20    5.2275163e-19              934                0
   -0.00094415765    1.2666505e-05    -0.0028621147   -0.00078021031     0.0062996349    -0.0035293321    9.1093825e-31   -1.6021766e-19    -9.156439e-20    5.2275163e-19             3165                1
   -2.0535992e-05    1.2477425e-05     0.0036626928     0.0026633912     0.0019066028    -0.0045392667    9.1093825e-31   -1.6021766e-19    -9.156439e-20    5.2275163e-19             3119                1
    -0.0017376454    5.1756109e-05      0.010664026    -0.0028878518    -0.0069436459    -0.0012015519    9.1093825e-31   -1.6021766e-19    -9.156439e-20    5.2275163e-19             2925                1
     0.0017147458    4.7379832e-05      0.011363939    0.00039477492    -0.0093097817    -0.0013317373    9.1093825e-31   -1.6021766e-19    -9.156439e-20    5.2275163e-19             3076                1
     0.0004774713    6.0434581e-05    -0.0087919859    -0.0013884507     0.0083483765     0.0051003243    9.1093825e-31   -1.6021766e-19    -9.156439e-20    5.2275163e-19             2957                1
    -0.0020683084    6.3728389e-06      0.006408779    0.00013893234     0.0017266979    6.8347355e-05    9.1093825e-31   -1.6021766e-19    -9.156439e-20    5.2275163e-19             3155                1
     0.0054370514    2.4673633e-05     0.0021623517    0.00059565902    -0.0021847012      0.002573817    9.1093825e-31   -1.6021766e-19    -9.156439e-20    5.2275163e-19               20                0
     0.0020589181    7.8452758e-05      0.014613295   -0.00092564669    -0.0046827178     0.0034276657    9.1093825e-31   -1.6021766e-19    -9.156439e-20    5.2275163e-19             3062                1
     0.0015825601    2.3191798e-05     0.0073513011    -0.0017666804     0.0077516446    -0.0015929715    9.1093825e-31   -1.6021766e-19    -9.156439e-20    5.2275163e-19             3158                1
    -0.0037104476    7.2620547e-05     -0.014366014   -3.9749255e-05      0.010087393    1.9625411e-06    9.1093825e-31   -1.6021766e-19    -9.156439e-20    5.2275163e-19             3069                1
   -0.00097784097    4.5349479e-05    -0.0058187605    -0.0030937151     0.0087159555     0.0016175855    9.1093825e-31   -1.6021766e-19    -9.156439e-20    5.2275163e-19             3094                1
     0.0015215577    6.1296174e-05     0.0024625601    6.0141676e-05   -0.00070328254    0.00037330069    9.1093825e-31   -1.6021766e-19    -9.156439e-20    5.2275163e-19             2808                1
     0.0048536714    3.6657357e-06    -0.0033449596    0.00088212913     0.0022589122     0.0028387078    9.1093825e-31   -1.6021766e-19    -9.156439e-20    5.2275163e-19             3169                1
     0.0034094455    5.1932017e-05    -0.0076064938    0.00010578508   -0.00050115876   -0.00027434982    9.1093825e-31   -1.6021766e-19    -9.156439e-20    5.2275163e-19             2921                1
      0.006003351    7.6257515e-05      0.012016126   -0.00065471936   -0.00072768697     0.0020718966    9.1093825e-31   -1.6021766e-19    -9.156439e-20    5.2275163e-19              280                0
     0.0017364187    4.9891802e-05     0.0068449378   -0.00079937314    -0.0067617921    -0.0045979526    9.1093825e-31   -1.6021766e-19    -9.156439e-20    5.2275163e-19             2853                1
   -0.00062396907    4.9873528e-05     -0.007789941    -0.0013949299     0.0065090242    -0.0016733619    9.1093825e-31   -1.6021766e-19    -9.156439e-20    5.2275163e-19             2901                1
     0.0013589641     5.953417e-05    -0.0033514895     0.0012783807     0.0050740624    0.00093030505    9.1093825e-31   -1.6021766e-19    -9.156439e-20    5.2275163e-19             2923                1
    -0.0018431842    8.4400699e-06      0.001982488   -0.00011565966     0.0025761651     0.0019934496    9.1093825e-31   -1.6021766e-19    -9.156439e-20    5.2275163e-19             3145                1
     0.0028705359    7.0932059e-05     0.0099259662    0.00038065034    -0.0018724798   -0.00023592648    9.1093825e-31   -1.6021766e-19    -9.156439e-20    5.2275163e-19              177                0
     0.0014638357    6.7721936e-05    -0.0087442929      0.002867013     0.0089604901    -0.0024138554    9.1093825e-31   -1.6021766e-19    -9.156439e-20    5.2275163e-19             2965                1
     0.0010116858    9.7616889e-05     0.0028157614    -0.0020464209    0.00011490837     0.0013691714    9.1093825e-31   -1.6021766e-19    -9.156439e-20    5.2275163e-19             2577                1
     0.0014164327    3.5663772e-05      0.011402776    -0.0022977132    -0.0086515881   -0.00060176861    9.1093825e-31   -1.6021766e-19    -9.156439e-20    5.2275163e-19             2976                1
    -0.0082886396    2.7804512e-05     0.0035055375    0.00096370536    -0.0010183885    -0.0031896438    9.1093825e-31   -1.6021766e-19    -9.156439e-20    5.2275163e-19              184                0
    -0.0019135929    7.5376425e-05     0.0039748698    -0.0014100411     -0.003166476    9.4873925e-05    9.1093825e-31   -1.6021766e-19    -9.156439e-20    5.2275163e-19              699                0
      -0.00777276    3.7269065e-06    -0.0048555899    -0.0028725779   -0.00054152566    0.00034549762    9.1093825e-31   -1.6021766e-19    -9.156439e-20    5.2275163e-19              243                0
     0.0016477943    5.1184652e-05      0.012087006     0.0015760197    -0.0083203958    0.00083068636    9.1093825e-31   -1.6021766e-19    -9.156439e-20    5.2275163e-19             3056                1
    -0.0086068241     3.586067e-05     0.0020990861    0.00043034859   -0.00064415962   -0.00017240531    9.1093825e-31   -1.6021766e-19    -9.156439e-20    5.2275163e-19              264                0
     0.0051007578    3.2065214e-05    0.00023270663    0.00025261426    -0.0019898836    -0.0012746534    9.1093825e-31   -1.6021766e-19    -9.156439e-20    5.2275163e-19              284                0
    0.00040180804    1.7628841e-05    0.00019364548    -0.0002696662     0.0041884976    0.00093384593    9.1093825e-31   -1.6021766e-19    -9.156439e-20    5.2275163e-19             3126                1
      0.001768067    3.0496882e-05     0.0069562639    0.00056462461    -0.0085383095    -9.819452e-05    9.1093825e-31   -1.6021766e-19    -9.156439e-20    5.2275163e-19             2899                1
    -0.0012593362    6.9437551e-06     0.0055207605    -0.0014500751     0.0031154011     0.0024377475    9.1093825e-31   -1.6021766e-19    -9.156439e-20    5.2275163e-19             3171                1
    -0.0013557761    9.2668786e-05    -0.0085089821    0.00050564308       0.01181341    -0.0011696076    9.1093825e-31   -1.6021766e-19    -9.156439e-20    5.2275163e-19             3013                1
   -0.00099256425    1.1441315e-05    -0.0020968523   -7.8948447e-05    -0.0017717843     0.0001900752    9.1093825e-31   -1.6021766e-19    -9.156439e-20    5.2275163e-19              384                0
    0.00040289335    6.5193228e-05    -0.0038057081   -0.00037409802      0.011169564     0.0018903217    9.1093825e-31   -1.6021766e-19    -9.156439e-20    5.2275163e-19             3097                1
     0.0015288775    1.8111981e-05     0.0024287249   -0.00030822717     0.0032204192     0.0022546879    9.1093825e-31   -1.6021766e-19    -9.156439e-20    5.2275163e-19             3115                1
    -0.0092202891    5.3598145e-05   -0.00041861756    1.4136117e-05   -0.00036955459    0.00067075907    9.1093825e-31   -1.6021766e-19    -9.156439e-20    5.2275163e-19              444                0
    -0.0059270207    9.7599195e-06     -0.002010606     0.0001912994   -0.00086436659    -0.0010530808    9.1093825e-31   -1.6021766e-19    -9.156439e-20    5.2275163e-19              464                0
     0.0022505485    3.7904516e-05   -0.00011748766     -0.001867851     0.0076234294    -0.0017431919    9.1093825e-31   -1.6021766e-19    -9.156439e-20    5.2275163e-19             3116                1
     0.0056110262    8.0971782e-05     0.0093475608     0.0015955825   -0.00096634967     0.0017078676    9.1093825e-31   -1.6021766e-19    -9.156439e-20    5.2275163e-19             1322                1
    -0.0024686926     1.650444e-06    0.00075673388    0.00028470761    -0.0093380269    0.00033595954    9.1093825e-31   -1.6021766e-19    -9.156439e-20    5.2275163e-19             2998                1
    -0.0020574839    8.0856698e-06     0.0064187367     0.0039093341     0.0023225257      0.003536429    9.1093825e-31   -1.6021766e-19    -9.156439e-20    5.2275163e-19             3156                1
     0.0083993198    4.6001373e-05    -0.0038280857   -0.00065022119    0.00013786815    0.00088328117    9.1093825e-31   -1.6021766e-19    -9.156439e-20    5.2275163e-19              564                0
   -2.7367199e-05    2.5331097e-05     0.0042647114   -0.00013590042     0.0055323639    9.6118471e-05    9.1093825e-31   -1.6021766e-19    -9.156439e-20    5.2275163e-19             3133                1
     0.0014592239    5.2990366e-05      0.011388063     0.0038311402    -0.0075453492    -0.0033267555    9.1093825e-31   -1.6021766e-19    -9.156439e-20    5.2275163e-19             3008                1
     0.0015469788    5.6182795e-05     -0.005211975     0.0017451429     0.0085915187   -0.00055723882    9.1093825e-31   -1.6021766e-19    -9.156439e-20    5.2275163e-19             3052                1
     0.0018073715    7.1579758e-05      0.012234521     0.0043590153    -0.0056367945     0.0037879474    9.1093825e-31   -1.6021766e-19    -9.156439e-20    5.2275163e-19             3009                1
    -0.0068266802     7.947244e-05    0.00081877114    0.00021212366   -0.00086761569   -8.8496476e-05    9.1093825e-31   -1.6021766e-19    -9.156439e-20    5.2275163e-19              664                0
    -0.0015762195    3.5965255e-05      -0.01126631      0.001806768     0.0083533535    -0.0039443416    9.1093825e-31   -1.6021766e-19    -9.156439e-20    5.2275163e-19             3118                1
     0.0033878421    5.2700005e-05     0.0046542287   -0.00019025974    -0.0027923377    -0.0018755713    9.1093825e-31   -1.6021766e-19    -9.156439e-20    5.2275163e-19              704                0
     0.0011922927    1.4572351e-05      0.011468329    -0.0010972749     -0.010363184     0.0038730782    9.1093825e-31   -1.6021766e-19    -9.156439e-20    5.2275163e-19             2977                1
    -0.0065672761    9.4176386e-05     0.0094826752     0.0010246158   -0.00065057172     0.0016268173    9.1093825e-31   -1.6021766e-19    -9.156439e-20    5.2275163e-19              871                0
   -0.00086930319    2.2711069e-05    -0.0028954933     0.0045598242     0.0042219702    -0.0016620647    9.1093825e-31   -1.6021766e-19    -9.156439e-20    5.2275163e-19             3065                1
    -0.0066288766    6.8608126e-05     -0.010878788    0.00097104785     0.0011539918    0.00099942519    9.1093825e-31   -1.6021766e-19    -9.156439e-20    5.2275163e-19              125                0
    -0.0050518736    9.0071007e-05      0.013391619     0.0009362977   -2.8537361e-05    0.00043361576    9.1093825e-31   -1.6021766e-19    -9.156439e-20    5.2275163e-19              804                0
   -0.00084295491    9.5456155e-05    -0.0028017117   -0.00025376692      0.010508671     0.0012700227    9.1093825e-31   -1.6021766e-19    -9.156439e-20    5.2275163e-19             3022                1
   -0.00039658294    4.8971375e-05    0.00030891097    -0.0036347483     0.0054200343    -0.0033336554    9.1093825e-31   -1.6021766e-19    -9.156439e-20    5.2275163e-19             3055                1
     0.0030697456    8.8909183e-06    -0.0043930807   -0.00022271743     0.0051216721     0.0012591598    9.1093825e-31   -1.6021766e-19    -9.156439e-20    5.2275163e-19             3172                1
     0.0041399286    6.3826315e-05     -0.011668414     0.0012060072     0.0095235128    0.00028446119    9.1093825e-31   -1.6021766e-19    -9.156439e-20    5.2275163e-19             3066                1
    0.00028834937    2.8311015e-05      0.000168477    -0.0019300296     0.0074344617    9.4870164e-05    9.1093825e-31   -1.6021766e-19    -9.156439e-20    5.2275163e-19             3135                1
     0.0012512128    9.1428461e-05      0.011455821     0.0001950983    -0.0018203321     0.0015547351    9.1093825e-31   -1.6021766e-19    -9.156439e-20    5.2275163e-19             2668                1
     -0.001376766    5.0367224e-05     -0.008490094    -0.0013880305     0.0079916418    0.00052466238    9.1093825e-31   -1.6021766e-19    -9.156439e-20    5.2275163e-19             3014                1
    0.00054190506    6.7251036e-05     -0.011858395    3.9388648e-05     0.0034082318    0.00023340246    9.1093825e-31   -1.6021766e-19    -9.156439e-20    5.2275163e-19              958                0
     0.0040416475    1.8475392e-05    -0.0068950071     0.0021478643     0.0049212081     0.0070470343    9.1093825e-31   -1.6021766e-19    -9.156439e-20    5.2275163e-19             3110                1
    -0.0067688935      8.62409e-05      0.012272192    0.00031937982   -0.00029843493    0.00066826155    9.1093825e-31   -1.6021766e-19    -9.156439e-20    5.2275163e-19              988                0
    -0.0016601766     5.951025e-05      0.010500344   -0.00045330424     -0.010056654    -0.0040269471    9.1093825e-31   -1.6021766e-19    -9.156439e-20    5.2275163e-19             3128                1
    -0.0011933267    8.8138506e-05     -0.012515948    -0.0017408838    -0.0090050772    -0.0010316689    9.1093825e-31   -1.6021766e-19    -9.156439e-20    5.2275163e-19             3190                1
     0.0014799808    2.5338173e-05      0.011399571     0.0028373608    -0.0094791492   -0.00085891114    9.1093825e-31   -1.6021766e-19    -9.156439e-20    5.2275163e-19             2975                1
     0.0041961451    3.0766023e-05    -0.0087711345    0.00064259488     -0.001179675    -0.0014298968    9.1093825e-31   -1.6021766e-19    -9.156439e-20    5.2275163e-19             2858                1
    -0.0016360345    9.1651935e-05       -0.0125269    0.00038354855    -0.0019642985     0.0017793287    9.1093825e-31   -1.6021766e-19    -9.156439e-20    5.2275163e-19             3151                1
    -0.0014005916    1.8036368e-05      0.011053191     0.0062027322     -0.004273463     0.0071464349    9.1093825e-31   -1.6021766e-19    -9.156439e-20    5.2275163e-19             2418                1
    0.00040461187    9.4283321e-05    -0.0087301247    -0.0034614154      0.013173216    0.00057410088    9.1093825e-31   -1.6021766e-19    -9.156439e-20    5.2275163e-19             3037                1
     0.0015444736    8.6616667e-05     -0.012953743    -0.0066292305      0.010239614    0.00075193431    9.1093825e-31   -1.6021766e-19    -9.156439e-20    5.2275163e-19             2950                1
    -0.0029995712    8.3867038e-05     -0.010466287     0.0023271753      0.010120524    -0.0027534326    9.1093825e-31   -1.6021766e-19    -9.156439e-20    5.2275163e-19             2968                1
    -0.0025037474    2.7639893e-05     0.0061547705     0.0012994596    -0.0033544605    0.00040789528    9.1093825e-31   -1.6021766e-19    -9.156439e-20    5.2275163e-19              485                0
      0.001370322    4.4307897e-05      0.011511845   -0.00098656875    -0.0081943162    0.00081871857    9.1093825e-31   -1.6021766e-19    -9.156439e-20    5.2275163e-19             2992                1
    0.00058930612    9.6665746e-05      0.009557128    0.00098187511     0.0021417083    -0.0024146913    9.1093825e-31   -1.6021766e-19    -9.156439e-20    5.2275163e-19             2898                1
   -0.00051373156    5.7537814e-05    -0.0026152788      0.002671706    0.00088545273    -0.0018048014    9.1093825e-31   -1.6021766e-19    -9.156439e-20    5.2275163e-19             2718                1
     -0.001618001    4.7694444e-05     -0.011228992     0.0057901288     0.0086153848    -0.0020432104    9.1093825e-31   -1.6021766e-19    -9.156439e-20    5.2275163e-19             3080                1
    -0.0012495484    3.3018187e-05    -0.0085117733     0.0022739412     0.0061102598     0.0006027791    9.1093825e-31   -1.6021766e-19    -9.156439e-20    5.2275163e-19             2951                1
    -0.0015540278    9.3803937e-05     -0.011210267    -0.0035241109   -0.00043205832    0.00081183144    9.1093825e-31   -1.6021766e-19    -9.156439e-20    5.2275163e-19             3137                1
    -0.0010608592    1.9132876e-06     0.0061112586    0.00024807669     0.0026951742   -8.6882565e-06    9.1093825e-31   -1.6021766e-19    -9.156439e-20    5.2275163e-19             3195                1
   -6.4160107e-05    1.7753235e-05     0.0043239566    -0.0014497109     0.0064896466    -0.0019927796    9.1093825e-31   -1.6021766e-19    -9.156439e-20    5.2275163e-19             3161                1
   -0.00093929557    1.1443971e-05     0.0060349479     0.0014333007     0.0070290058    -0.0015527718    9.1093825e-31   -1.6021766e-19    -9.156439e-20    5.2275163e-19             3182                1
      0.001035018    3.5852885e-05    -0.0092530763     0.0029918121     0.0070437617    -0.0035905815    9.1093825e-31   -1.6021766e-19    -9.156439e-20    5.2275163e-19             3041                1
     0.0012639544     5.649685e-05    -0.0092808921    -0.0014610916      0.010168415      0.001145254    9.1093825e-31   -1.6021766e-19    -9.156439e-20    5.2275163e-19             3088                1
    -0.0025728322    7.1747409e-06    -0.0019213974   -0.00091567385    -0.0066219885     0.0062920302    9.1093825e-31   -1.6021766e-19    -9.156439e-20    5.2275163e-19             2946                1
    -0.0029368864    4.6234047e-05     -0.014531844    -3.022228e-05     0.0029508839        -0.001379    9.1093825e-31   -1.6021766e-19    -9.156439e-20    5.2275163e-19              422                0
     0.0016343782    2.7251312e-05     0.0026414914     0.0010033174     0.0029122154    -0.0011438333    9.1093825e-31   -1.6021766e-19    -9.156439e-20    5.2275163e-19             3084                1
   -0.00097314455    8.0609034e-06     0.0060150493    -0.0020226764     0.0045782272    -0.0029447714    9.1093825e-31   -1.6021766e-19    -9.156439e-20    5.2275163e-19             3178                1
    -0.0024980768    3.2154967e-05    -0.0020726866    1.0467151e-05     0.0063032852    4.1993953e-06    9.1093825e-31   -1.6021766e-19    -9.156439e-20    5.2275163e-19             3104                1
     -0.004403478     8.865304e-05      0.010388783    -0.0028950404    -0.0012552151     0.0010077627    9.1093825e-31   -1.6021766e-19    -9.156439e-20    5.2275163e-19              687                0
   -0.00089222955    2.2420811e-05    -0.0081138797    -0.0030172665     0.0060537737     0.0040813447    9.1093825e-31   -1.6021766e-19    -9.156439e-20    5.2275163e-19             3111                1
     0.0017233886    7.3613592e-05    -0.0031196522     0.0028734659     0.0096384007     0.0011267416    9.1093825e-31   -1.6021766e-19    -9.156439e-20    5.2275163e-19             3047                1
     0.0074716769    7.6457196e-05     0.0086939968   -0.00025430808     0.0018745842    0.00042125725    9.1093825e-31   -1.6021766e-19    -9.156439e-20    5.2275163e-19             2677                1
     0.0053679468    4.2951924e-05     0.0032726638    0.00024410427    -0.0023212247   -0.00070361205    9.1093825e-31   -1.6021766e-19    -9.156439e-20    5.2275163e-19              581                0
    0.00042906721     4.392719e-05    -0.0037222498     0.0030290049     0.0092317499     0.0020933272    9.1093825e-31   -1.6021766e-19    -9.156439e-20    5.2275163e-19             3109                1
    -0.0039592441    9.0466301e-06      0.011611091     0.0007356102     0.0052660014    0.00068753387    9.1093825e-31   -1.6021766e-19    -9.156439e-20    5.2275163e-19             3180                1
     0.0013896499    6.2928033e-05     0.0016047702   -8.9551897e-05    -0.0027985428    -0.0016340257    9.1093825e-31   -1.6021766e-19    -9.156439e-20    5.2275163e-19              641                0
    -0.0016283555    9.1401613e-05     -0.012408542    -0.0021471954     0.0099281715    0.00080189406    9.1093825e-31   -1.6021766e-19    -9.156439e-20    5.2275163e-19             2897                1
    6.3267078e-05    2.3553561e-05    -0.0059210416     -0.002657329     0.0048553995    9.5429086e-06    9.1093825e-31   -1.6021766e-19    -9.156439e-20    5.2275163e-19             2993                1
     0.0011517466    6.1680272e-05      0.013743881    -0.0036338412    -0.0074516414     0.0039846874    9.1093825e-31   -1.6021766e-19    -9.156439e-20    5.2275163e-19             3085                1
     0.0017819104     4.704712e-05     0.0074096415     0.0044223489    -0.0076040141     0.0027690087    9.1093825e-31   -1.6021766e-19    -9.156439e-20    5.2275163e-19             2917                1
    5.2741048e-05    4.6006026e-05    -0.0058920234    -0.0035661648     0.0067843273     0.0025186094    9.1093825e-31   -1.6021766e-19    -9.156439e-20    5.2275163e-19             2994                1
   -0.00099787652      5.68299e-05    -0.0058537228    -0.0002169857     0.0073876041    0.00012795474    9.1093825e-31   -1.6021766e-19    -9.156439e-20    5.2275163e-19             2981                1
    7.3671421e-05    9.1685426e-05    -0.0010999633     0.0035913535      0.010588093     0.0023437159    9.1093825e-31   -1.6021766e-19    -9.156439e-20    5.2275163e-19             3042                1
     0.0020856855    3.7041551e-05      0.014593155     0.0021102147    -0.0093882019     0.0011496204    9.1093825e-31   -1.6021766e-19    -9.156439e-20    5.2275163e-19             3063                1
     0.0094064781    5.0900231e-05    -0.0041558198    0.00047395864   -0.00029691978     0.0016114174    9.1093825e-31   -1.6021766e-19    -9.156439e-20    5.2275163e-19              821                0
     3.219043e-05    3.2527503e-05    -0.0074638915     0.0019195417     -0.002081455    -0.0016304331    9.1093825e-31   -1.6021766e-19    -9.156439e-20    5.2275163e-19             2974                1
    0.00086016976    1.3195894e-05     0.0026444281   -0.00061113719       0.00135338    0.00092836894    9.1093825e-31   -1.6021766e-19    -9.156439e-20    5.2275163e-19             3098                1
    -0.0012680673    6.9196285e-05      -0.01417183     0.0018104645      0.008868238     0.0038627915    9.1093825e-31   -1.6021766e-19    -9.156439e-20    5.2275163e-19             2979                1
    -0.0010930701    7.1596725e-05     -0.012522818     0.0025214273     0.0096603371    -0.0023502833    9.1093825e-31   -1.6021766e-19    -9.156439e-20    5.2275163e-19             2989                1
    0.00045687205    6.6414206e-05    0.00020015157    -0.0043459348     0.0065295361    -0.0024018439    9.1093825e-31   -1.6021766e-19    -9.156439e-20    5.2275163e-19             3026                1
    -0.0051300055    5.6843339e-05     -0.010837668    -0.0030961733    0.00039901334    0.00044298649    9.1093825e-31   -1.6021766e-19    -9.156439e-20    5.2275163e-19             2846                1
     0.0017094226    4.4309745e-05    -0.0030926142     0.0013582377     0.0064449743     0.0040598088    9.1093825e-31   -1.6021766e-19    -9.156439e-20    5.2275163e-19             3048                1
   -0.00091945846    2.7784004e-05     0.0055681574     0.0046386202    -0.0087796263    -0.0010102551    9.1093825e-31   -1.6021766e-19    -9.156439e-20    5.2275163e-19             2913                1
     0.0010982221    5.5344157e-05     -0.006822844     -0.003164354      0.010791338    0.00095702114    9.1093825e-31   -1.6021766e-19    -9.156439e-20    5.2275163e-19             3103                1
      0.007540605    7.5467015e-06     -0.014048012   -4.4076274e-05    -0.0020496014   -2.7685435e-05    9.1093825e-31   -1.6021766e-19    -9.156439e-20    5.2275163e-19             2627                1
    -0.0083480906    2.3383725e-06     0.0084922248    0.00072011276   -0.00068152067   -0.00013097121    9.1093825e-31   -1.6021766e-19    -9.156439e-20    5.2275163e-19               58                0
   -5.8954083e-05    6.2783788e-06     0.0039007138      0.001312462     0.0052994476     0.0021085124    9.1093825e-31   -1.6021766e-19    -9.156439e-20    5.2275163e-19             3192                1
     -0.000490251     5.941814e-05     0.0094019715   -0.00045349004     -0.010019501    0.00049500878    9.1093825e-31   -1.6021766e-19    -9.156439e-20    5.2275163e-19             3127                1
     0.0040476471    3.2696764e-05     0.0010466463    -0.0015373378    -0.0026002021    -0.0015082697    9.1093825e-31   -1.6021766e-19    -9.156439e-20    5.2275163e-19              118                0
    -0.0035740065    5.5993627e-05     -0.010009877    -0.0039545572     0.0085429503      0.001158381    9.1093825e-31   -1.6021766e-19    -9.156439e-20    5.2275163e-19             3033                1
    -0.0094103701    3.6213252e-05    -0.0036199731    0.00051914394    9.2139264e-05    0.00042811959    9.1093825e-31   -1.6021766e-19    -9.156439e-20    5.2275163e-19              158                0
     0.0047824294    4.4136948e-05    -0.0035830084     0.0019520769     -0.002533996   -0.00022612941    9.1093825e-31   -1.6021766e-19    -9.156439e-20    5.2275163e-19             2664                1
      0.001063635    7.3490432e-05     -0.009606584   -6.6953573e-05      0.010261496     -0.001779359    9.1093825e-31   -1.6021766e-19    -9.156439e-20    5.2275163e-19             3015                1
     0.0040930044    3.2947995e-05    -0.0086484235    -0.0038461138     0.0057195276     0.0036208089    9.1093825e-31   -1.6021766e-19    -9.156439e-20    5.2275163e-19             3012                1
    0.00029338975    5.1991559e-05    -0.0087977471     -0.005675396     0.0071498705     0.0015406857    9.1093825e-31   -1.6021766e-19    -9.156439e-20    5.2275163e-19             2907                1
     0.0068606418    6.8990295e-05     -0.013524325   -0.00045604527     0.0017582424    0.00094274909    9.1093825e-31   -1.6021766e-19    -9.156439e-20    5.2275163e-19              213                0
    -0.0016049865    7.2328214e-05     -0.012451425    0.00095712877    -0.0060647363     0.0021568413    9.1093825e-31   -1.6021766e-19    -9.156439e-20    5.2275163e-19             3139                1
   -6.3677762e-05    8.4978965e-05      0.013789879    0.00011543554    -0.0064754859   -0.00012006687    9.1093825e-31   -1.6021766e-19    -9.156439e-20    5.2275163e-19             3159                1
    0.00018090346    3.8117985e-05    -0.0010474946    8.7416607e-05    -0.0054257941    0.00024089935    9.1093825e-31   -1.6021766e-19    -9.156439e-20    5.2275163e-19             3023                1
    -0.0015906208    8.6284279e-05     -0.012358841      0.004298917    -0.0069368198    -0.0017656597    9.1093825e-31   -1.6021766e-19    -9.156439e-20    5.2275163e-19             3173                1
     0.0026860638    5.6430363e-05      0.012210435     0.0012949876     -0.010222103       0.00302459    9.1093825e-31   -1.6021766e-19    -9.156439e-20    5.2275163e-19             3124                1
     0.0034468852     6.132479e-05      0.012687524    -0.0016161529    -0.0081885252   -0.00042205947    9.1093825e-31   -1.6021766e-19    -9.156439e-20    5.2275163e-19             3106                1
     0.0018372574    3.8752123e-07      0.012195473   -0.00030549432      -0.01070292     0.0015359572    9.1093825e-31   -1.6021766e-19    -9.156439e-20    5.2275163e-19             2955                1
   -0.00094729976    5.0897084e-05    -0.0058493768      0.001191167     0.0095050158     -0.002676466    9.1093825e-31   -1.6021766e-19    -9.156439e-20    5.2275163e-19             3095                1
     -0.001185875    2.1385975e-05     0.0061558234   -2.1969247e-05     -0.012189116     0.0041396767    9.1093825e-31   -1.6021766e-19    -9.156439e-20    5.2275163e-19             3083                1
     0.0017844242    2.4555068e-06      0.007408075    0.00031813065     0.0040451963    -0.0062342519    9.1093825e-31   -1.6021766e-19    -9.156439e-20    5.2275163e-19             3197                1
    -0.0026567797    4.0625739e-05     0.0068935957    0.00016311958    -0.0089911055    -0.0017419893    9.1093825e-31   -1.6021766e-19    -9.156439e-20    5.2275163e-19             3049                1
    -0.0016884118    5.4097571e-05     -0.011112028    -0.0038505981     0.0093888734     0.0022405314    9.1093825e-31   -1.6021766e-19    -9.156439e-20    5.2275163e-19             3079                1
     0.0030336573    9.0337453e-05      0.014331723    -0.0032146599    -0.0060048448    -0.0016024824    9.1093825e-31   -1.6021766e-19    -9.156439e-20    5.2275163e-19             3176                1
     0.0016248935    1.4456269e-05      0.010388292    -0.0018867282     -0.010170548    0.00022375549    9.1093825e-31   -1.6021766e-19    -9.156439e-20    5.2275163e-19             2956                1
      0.003257507    8.2983162e-05     0.0079205576   -0.00071618066    -0.0024108519   -0.00054135034    9.1093825e-31   -1.6021766e-19    -9.156439e-20    5.2275163e-19              903                0
     -0.008458727    5.1290761e-05      0.010185735    0.00098984502   -0.00016918789    0.00071630115    9.1093825e-31   -1.6021766e-19    -9.156439e-20    5.2275163e-19              578                0
     0.0013115568    7.0740942e-05    -0.0033121104    -0.0044140043      0.010387942    -0.0041863606    9.1093825e-31   -1.6021766e-19    -9.156439e-20    5.2275163e-19             3072                1
     0.0083132619    3.7525875e-05     0.0096117444      0.001740362    -0.0004167287     0.0001475376    9.1093825e-31   -1.6021766e-19    -9.156439e-20    5.2275163e-19              618                0
    0.00011897644    4.8834416e-05     -0.011847798   -0.00016286336     0.0083742496    9.7767945e-05    9.1093825e-31   -1.6021766e-19    -9.156439e-20    5.2275163e-19             3064                1
    0.00095827482    5.2523403e-05      0.007902367   -0.00040734277    -0.0074335467    0.00030558321    9.1093825e-31   -1.6021766e-19    -9.156439e-20    5.2275163e-19             2927                1
     0.0015527641     3.996965e-06     0.0024695699      0.001431628     0.0025116715    0.00079656986    9.1093825e-31   -1.6021766e-19    -9.156439e-20    5.2275163e-19             3179                1
    -0.0024020912    1.7175635e-05    -0.0022513734   -0.00094566168     0.0038167068   -0.00088242209    9.1093825e-31   -1.6021766e-19    -9.156439e-20    5.2275163e-19             3099                1
   -0.00057699508    6.0973241e-05    -0.0081418259    -0.0003289743     0.0095568998   -0.00080434297    9.1093825e-31   -1.6021766e-19    -9.156439e-20    5.2275163e-19             3035                1
    -0.0033204928    1.1746508e-05     0.0062727151    0.00042211881      0.004196641     0.0002848329    9.1093825e-31   -1.6021766e-19    -9.156439e-20    5.2275163e-19             3163                1
    -0.0014844945     3.717986e-05    -0.0080256425     0.0005374226     0.0095615638   -0.00090590608    9.1093825e-31   -1.6021766e-19    -9.156439e-20    5.2275163e-19             3129                1
    -0.0018992369    2.4035466e-05     0.0018322649     0.0032377255     0.0046880003     0.0040119421    9.1093825e-31   -1.6021766e-19    -9.156439e-20    5.2275163e-19             3123                1
   -3.1098301e-05    2.5756501e-05     0.0035248103     0.0011839395    -0.0083963387    -0.0028040742    9.1093825e-31   -1.6021766e-19    -9.156439e-20    5.2275163e-19             2933                1
    -0.0018419161    6.5942677e-06     0.0018400382    -0.0029982307     0.0031258508     0.0032257722    9.1093825e-31   -1.6021766e-19    -9.156439e-20    5.2275163e-19             3166                1
    -0.0066930866    2.7631284e-05      0.005119855   -0.00046651575    -0.0016850363     0.0010697386    9.1093825e-31   -1.6021766e-19    -9.156439e-20    5.2275163e-19              573                0
    -0.0012689648    8.8698442e-05    -0.0085713351   -0.00026490423    -0.0066095926     0.0014806536    9.1093825e-31   -1.6021766e-19    -9.156439e-20    5.2275163e-19             3181                1
   -0.00015386716    7.2964329e-05      0.013831051     0.0030225739    -0.0068572708    -0.0034535939    9.1093825e-31   -1.6021766e-19    -9.156439e-20    5.2275163e-19             3113                1
     0.0018999091    8.1951825e-05     -0.012646615     -0.001429147     0.0087837381    0.00046437059    9.1093825e-31   -1.6021766e-19    -9.156439e-20    5.2275163e-19             2870                1
   -0.00019711499    5.0980547e-05      0.013836619    -0.0047785221     -0.010820228    -0.0024439357    9.1093825e-31   -1.6021766e-19    -9.156439e-20    5.2275163e-19             3114                1
     0.0013449985     6.133131e-05    -0.0089608002   -0.00022261073      0.010215463    0.00059920666    9.1093825e-31   -1.6021766e-19    -9.156439e-20    5.2275163e-19             3070                1
     0.0011259816     6.311015e-05    -0.0064748949    1.0952986e-05       0.01065359     0.0015315067    9.1093825e-31   -1.6021766e-19    -9.156439e-20    5.2275163e-19             3082                1
   -0.00099931343    1.7058801e-06     0.0059336149     0.0036924314     0.0024018446    -0.0041648797    9.1093825e-31   -1.6021766e-19    -9.156439e-20    5.2275163e-19             3196                1
    -0.0063477303    2.6591946e-05     0.0052773478   -0.00085069414    -0.0018419879    -0.0027872261    9.1093825e-31   -1.6021766e-19    -9.156439e-20    5.2275163e-19              985                0
    -0.0042503588    9.4542593e-05     -0.012184678     0.0001575744    -0.0017926766     0.0096566705    9.1093825e-31   -1.6021766e-19    -9.156439e-20    5.2275163e-19             3164                1
     0.0076168566    6.5751054e-05    0.00072896411   -0.00054341072   -0.00091756752     0.0012068397    9.1093825e-31   -1.6021766e-19    -9.156439e-20    5.2275163e-19              614                0
     0.0018075344     9.861026e-05       0.01052955    -0.0012931738     0.0017293377     -0.001225512    9.1093825e-31   -1.6021766e-19    -9.156439e-20    5.2275163e-19             2697                1
   -0.00061256386    9.3803697e-05    -0.0083707459     0.0034833588      0.003340882     0.0003986003    9.1093825e-31   -1.6021766e-19    -9.156439e-20    5.2275163e-19             2204                1
    8.9149369e-05    3.0496483e-05     -0.013333256   -7.8325662e-05     0.0031463341    0.00029498906    9.1093825e-31   -1.6021766e-19    -9.156439e-20    5.2275163e-19               79                0
    -0.0010272912    1.4887082e-05    -0.0059058317    -0.0026337106     0.0039621545    -0.0041578957    9.1093825e-31   -1.6021766e-19    -9.156439e-20    5.2275163e-19             2982                1
     0.0014507901    2.7802213e-05      0.011369848   -6.5670378e-05    -0.0087543568   -0.00098815712    9.1093825e-31   -1.6021766e-19    -9.156439e-20    5.2275163e-19             2943                1
     0.0081683388    6.7375004e-05     -0.013335261   -0.00014125046     0.0017276764    0.00082659099    9.1093825e-31   -1.6021766e-19    -9.156439e-20    5.2275163e-19             1982                1
    -0.0018444003    2.5605334e-05     0.0019752271   -0.00045548964     0.0073940088   -4.3135766e-05    9.1093825e-31   -1.6021766e-19    -9.156439e-20    5.2275163e-19             3146                1
    -0.0028144219     8.743632e-06    -0.0056781042    -0.0003583825     0.0063837529    -0.0010268729    9.1093825e-31   -1.6021766e-19    -9.156439e-20    5.2275163e-19             3183                1
   -0.00076813309    1.7698341e-05     -0.002873484     0.0080136592     0.0028366758    0.00028391118    9.1093825e-31   -1.6021766e-19    -9.156439e-20    5.2275163e-19             2995                1
    -0.0012673265    1.3803624e-05     0.0061677485   -0.00020023742     0.0038057943    0.00055494817    9.1093825e-31   -1.6021766e-19    -9.156439e-20    5.2275163e-19             3152                1
    -0.0013884584    4.8777743e-05     -0.011099589   -0.00049017795     0.0078558708     0.0029963136    9.1093825e-31   -1.6021766e-19    -9.156439e-20    5.2275163e-19             2990                1
    -0.0017264871    3.9025545e-05      0.010613265    -0.0014618573     -0.008823378    -0.0039825859    9.1093825e-31   -1.6021766e-19    -9.156439e-20    5.2275163e-19             2999                1
      0.001144539    6.8714588e-05     -0.006868646    -0.0015635142     0.0087440861    -0.0050158892    9.1093825e-31   -1.6021766e-19    -9.156439e-20    5.2275163e-19             2980                1
     0.0048031844    3.6923298e-05    -0.0034660869     0.0017498111     0.0063273562    -0.0071925018    9.1093825e-31   -1.6021766e-19    -9.156439e-20    5.2275163e-19             3089                1
     0.0017519074    1.1397531e-05    -0.0020204266     0.0014780267     0.0042899381     -0.001916423    9.1093825e-31   -1.6021766e-19    -9.156439e-20    5.2275163e-19             3147                1
   -0.00047115347    6.8067689e-05    -0.0082306936     0.0024339997     0.0097746998    -0.0019066596    9.1093825e-31   -1.6021766e-19    -9.156439e-20    5.2275163e-19             3018                1
    -0.0033815661    9.6629818e-05    -0.0098765464     0.0028573596      0.011629228     0.0027941156    9.1093825e-31   -1.6021766e-19    -9.156439e-20    5.2275163e-19             3000                1
     0.0019128582    8.9393441e-05     -0.012475796     0.0059779882    -0.0019822372     0.0070263832    9.1093825e-31   -1.6021766e-19    -9.156439e-20    5.2275163e-19             3141                1
       0.00342835    4.5783039e-05     0.0091044391     0.0013865735     -0.010015267     0.0028959929    9.1093825e-31   -1.6021766e-19    -9.156439e-20    5.2275163e-19             3101                1
    -0.0011245121      4.18827e-05     0.0058079227    -0.0015450591     -0.008553532    -0.0025249969    9.1093825e-31   -1.6021766e-19    -9.156439e-20    5.2275163e-19             3029                1
     -0.003570602    2.3639001e-05    -0.0012820649   -0.00099877443     0.0033438562    -0.0031001896    9.1093825e-31   -1.6021766e-19    -9.156439e-20    5.2275163e-19             3057                1
    -0.0035513542    2.7026052e-05     -0.009936762    -0.0018390586      0.005396151    0.00053488521    9.1093825e-31   -1.6021766e-19    -9.156439e-20    5.2275163e-19             2969                1
      0.001464112    5.0539449e-05    -0.0089079421   -0.00039835845     0.0085344659    -0.0020329137    9.1093825e-31   -1.6021766e-19    -9.156439e-20    5.2275163e-19             3038                1
   -3.5016747e-05    2.8241322e-05     0.0042637461     -0.001932869     0.0062161875   -0.00013078794    9.1093825e-31   -1.6021766e-19    -9.156439e-20    5.2275163e-19             3134                1
    -0.0015672605    8.4204075e-05      -0.01248077    0.00046164729      0.012090366    -0.0012083269    9.1093825e-31   -1.6021766e-19    -9.156439e-20    5.2275163e-19             3060                1
     0.0010726969    5.0844941e-05      0.013591512    -0.0074127708    -0.0070805186    -0.0024210755    9.1093825e-31   -1.6021766e-19    -9.156439e-20    5.2275163e-19             3001                1
    -0.0033846763    7.8704084e-05    -0.0099066161      0.001929859      0.009799608   -0.00066432072    9.1093825e-31   -1.6021766e-19    -9.156439e-20    5.2275163e-19             2985                1
     0.0018245982    1.6499074e-05      0.010477009   -0.00015522121     -0.010502284    -0.0026092229    9.1093825e-31   -1.6021766e-19    -9.156439e-20    5.2275163e-19             2986                1
    -0.0028881247    9.7692027e-05     -0.005765229    0.00024367189    -0.0057227854   -0.00054481253    9.1093825e-31   -1.6021766e-19    -9.156439e-20    5.2275163e-19             3200                1
   -0.00090198877    4.5405879e-05    -0.0083935373     3.947498e-05      0.006810701     0.0047615711    9.1093825e-31   -1.6021766e-19    -9.156439e-20    5.2275163e-19             2929                1
      0.001874286    8.4868392e-05     -0.012471223    -0.0017737922    -0.0031755115     0.0002782408    9.1093825e-31   -1.6021766e-19    -9.156439e-20    5.2275163e-19             3142                1
     0.0049134884    1.7126424e-05     0.0071758204    -0.0073554781     -0.008943812     0.0011233332    9.1093825e-31   -1.6021766e-19    -9.156439e-20    5.2275163e-19             2947                1
     0.0013890254     5.021851e-05    -0.0051543331    -0.0060743727     0.0059732287    -0.0015236159    9.1093825e-31   -1.6021766e-19    -9.156439e-20    5.2275163e-19             2948                1
    -0.0039333515    3.4260217e-06      0.011660092   -0.00092526188     -0.011278708     0.0039244904    9.1093825e-31   -1.6021766e-19    -9.156439e-20    5.2275163e-19             3002                1
    -0.0038496747    7.7029094e-05      0.011643971     0.0064851483    -0.0047744755     0.0024836247    9.1093825e-31   -1.6021766e-19    -9.156439e-20    5.2275163e-19             3003                1
    0.00055099447    1.8042158e-05    0.00029521636    -0.0020917824      0.008704613   -0.00060336519    9.1093825e-31   -1.6021766e-19    -9.156439e-20    5.2275163e-19             3168                1
     0.0011566353    8.9607078e-05    -0.0095871538    0.00017412659    -0.0084045371    7.4678312e-05    9.1093825e-31   -1.6021766e-19    -9.156439e-20    5.2275163e-19             3193                1
     0.0024880166    5.4211967e-05     -0.007715174     0.0018046394     0.0087276148    8.0649654e-05    9.1093825e-31   -1.6021766e-19    -9.156439e-20    5.2275163e-19             3043                1
   -0.00038572826    8.9646623e-05    -0.0082473075   -0.00099302654    -0.0021036163   -0.00088653114    9.1093825e-31   -1.6021766e-19    -9.156439e-20    5.2275163e-19             3148                1
   -0.00037529002      8.20942e-05    -0.0082530761     0.0023019591    -0.0044862153    -0.0027094041    9.1093825e-31   -1.6021766e-19    -9.156439e-20    5.2275163e-19             3149                1
      0.001214651    6.5778472e-06      0.011389233    -0.0060719056     0.0042786454    0.00089972228    9.1093825e-31   -1.6021766e-19    -9.156439e-20    5.2275163e-19             3184                1
     0.0014209445     9.328236e-05    -0.0086227879    -0.0011996407    -0.0043993155      0.001188735    9.1093825e-31   -1.6021766e-19    -9.156439e-20    5.2275163e-19             3185                1
     0.0012976237    7.2478474e-07     0.0024398349     0.0014945962     0.0073212655    0.00092759478    9.1093825e-31   -1.6021766e-19    -9.156439e-20    5.2275163e-19             3203                1
   -0.00098864781    3.0431525e-07     0.0055837827     0.0010141005     0.0030739086    0.00086912815    9.1093825e-31   -1.6021766e-19    -9.156439e-20    5.2275163e-19             3204                1
