%  ASCII export : 
%
%  Momentum is normalized to the product of particle's mass and speed of light.
%  All other quantities are in SI units.
%
%            posX             posY             posZ             momX             momY             momZ             mass           charge     macro-charge             time       particleID         sourceID

      0.002359835    3.9327493e-05    -0.0091569237    -0.0023403463    -0.0075234151     0.0032645413    9.1093825e-31   -1.6021766e-19    -9.156439e-20    5.8186257e-19             3300                1
   -0.00053065718    3.5370097e-06    -0.0082785934     0.0012444794     0.0022591301   -0.00069146085    9.1093825e-31   -1.6021766e-19    -9.156439e-20    5.8186257e-19             3566                1
     0.0019207632    9.9066034e-05      0.010523767    0.00072395138     0.0039374856     0.0024808226    9.1093825e-31   -1.6021766e-19    -9.156439e-20    5.8186257e-19             3188                1
     0.0013550444    6.9006252e-05     0.0023831506    0.00053099263     -0.006861364   -0.00059683213    9.1093825e-31   -1.6021766e-19    -9.156439e-20    5.8186257e-19             3460                1
    -0.0024893617    8.0610276e-05    -0.0020076602    -0.0011020619    -0.0042448374     0.0018031151    9.1093825e-31   -1.6021766e-19    -9.156439e-20    5.8186257e-19             3253                1
    -0.0012186924    7.3322262e-05     0.0060628522    -0.0021431574    -0.0078678755     0.0028778117    9.1093825e-31   -1.6021766e-19    -9.156439e-20    5.8186257e-19             3516                1
     0.0011124755    2.1396092e-05    -0.0068151462     0.0035430612      0.004671921    -0.0036738135    9.1093825e-31   -1.6021766e-19    -9.156439e-20    5.8186257e-19             3505                1
   -0.00063155161     2.872348e-05     -0.012249557    0.00042195746    -0.0031962891    -0.0011816493    9.1093825e-31   -1.6021766e-19    -9.156439e-20    5.8186257e-19               55                0
    -0.0012171149    5.8602556e-05    -0.0085148923      0.001337928    -0.0068957633    -0.0010701529    9.1093825e-31   -1.6021766e-19    -9.156439e-20    5.8186257e-19             3421                1
    -0.0042042984    3.4308257e-05     -0.012192491     0.0010123601     0.0071332972   -0.00080184935    9.1093825e-31   -1.6021766e-19    -9.156439e-20    5.8186257e-19             3478                1
     0.0043958426    3.4939319e-05      0.005242398   -0.00053216063     0.0015783432   -0.00038423107    9.1093825e-31   -1.6021766e-19    -9.156439e-20    5.8186257e-19              154                0
     0.0066588707    7.2310169e-05     -0.013263241     0.0014509019    -0.0011283444     0.0013949887    9.1093825e-31   -1.6021766e-19    -9.156439e-20    5.8186257e-19              488                0
    -0.0025340489    2.5815161e-05     -0.014783477    -0.0012410759    -0.0020560659     0.0006374357    9.1093825e-31   -1.6021766e-19    -9.156439e-20    5.8186257e-19               27                0
   -0.00051162473    7.0163034e-05    -0.0026310452    -0.0033976838    -0.0067017549    0.00036402378    9.1093825e-31   -1.6021766e-19    -9.156439e-20    5.8186257e-19             3436                1
     0.0012262645    8.8286761e-05      0.011321079    -0.0044725202    -0.0022404324   -0.00045971756    9.1093825e-31   -1.6021766e-19    -9.156439e-20    5.8186257e-19             3499                1
    -0.0016615874    8.9900634e-05      0.010587629     0.0014844231    -0.0035702351     0.0011208844    9.1093825e-31   -1.6021766e-19    -9.156439e-20    5.8186257e-19             3539                1
    -0.0022661779    8.9873181e-05     0.0029249284     0.0019489249    -0.0019620033     0.0014666198    9.1093825e-31   -1.6021766e-19    -9.156439e-20    5.8186257e-19             3354                1
    -0.0025044824    1.6544302e-05    0.00074318843    0.00024102577     -0.014071995     0.0022892032    9.1093825e-31   -1.6021766e-19    -9.156439e-20    5.8186257e-19             3444                1
     0.0011243719    7.1993118e-06    -0.0065442924    -0.0040569436     0.0071147806    -0.0020435255    9.1093825e-31   -1.6021766e-19    -9.156439e-20    5.8186257e-19             3591                1
    0.00040957908    9.6853337e-06    -0.0037192379    -0.0010005869     0.0078047328     0.0015364136    9.1093825e-31   -1.6021766e-19    -9.156439e-20    5.8186257e-19             3581                1
     0.0048068762    4.6256395e-05    -0.0035231267   -0.00097596052    -0.0077607986   -0.00018347576    9.1093825e-31   -1.6021766e-19    -9.156439e-20    5.8186257e-19             3403                1
    -0.0024736586    4.6878089e-05     -0.002070437     0.0018174896    -0.0077020759     0.0002280702    9.1093825e-31   -1.6021766e-19    -9.156439e-20    5.8186257e-19             3362                1
    -0.0051243193    5.1755902e-05     0.0089195184     0.0014419418     0.0020060183   -0.00043800109    9.1093825e-31   -1.6021766e-19    -9.156439e-20    5.8186257e-19              355                0
     0.0076106726    1.3546602e-05     -0.011842688   -0.00080675259    -0.0012592803    0.00070961181    9.1093825e-31   -1.6021766e-19    -9.156439e-20    5.8186257e-19              451                0
     0.0011070262    9.5561336e-05      0.011405255    -0.0060714218     0.0092425877    0.00092317944    9.1093825e-31   -1.6021766e-19    -9.156439e-20    5.8186257e-19             3184                1
    -0.0064303568    3.5375866e-05    -0.0019603244   -0.00015017796   -0.00081496342     0.0009333234    9.1093825e-31   -1.6021766e-19    -9.156439e-20    5.8186257e-19               32                0
   -0.00091582764    2.2749136e-06    -0.0059020342    0.00025472132     -0.012340559    -0.0049002343    9.1093825e-31   -1.6021766e-19    -9.156439e-20    5.8186257e-19             3381                1
     0.0081408359    2.5339014e-05     0.0005919793    -0.0016440658    -0.0001430355   -0.00062187243    9.1093825e-31   -1.6021766e-19    -9.156439e-20    5.8186257e-19              455                0
     0.0010814575    8.8291621e-05     0.0057261097    0.00010134735    -0.0025862686   -0.00062499027    9.1093825e-31   -1.6021766e-19    -9.156439e-20    5.8186257e-19             3457                1
    0.00043908588    7.4546429e-06    -0.0037586438    -0.0023919514     0.0059275036    -0.0035014704    9.1093825e-31   -1.6021766e-19    -9.156439e-20    5.8186257e-19             3583                1
    -0.0018443428    7.0269511e-05     0.0020068304    0.00013055697    -0.0093033714     -0.001017988    9.1093825e-31   -1.6021766e-19    -9.156439e-20    5.8186257e-19             3518                1
    -0.0014644196    1.6235141e-05    -0.0084088873     0.0073519079     0.0076192291   -0.00022777462    9.1093825e-31   -1.6021766e-19    -9.156439e-20    5.8186257e-19             3548                1
    1.8811057e-05    3.3143384e-05    -0.0013792549   -6.8677546e-06    -0.0086507536    6.6471271e-06    9.1093825e-31   -1.6021766e-19    -9.156439e-20    5.8186257e-19             3344                1
    -0.0016100388    1.9587898e-05     -0.011244838     -0.002215063    -0.0086233336   -0.00031856229    9.1093825e-31   -1.6021766e-19    -9.156439e-20    5.8186257e-19             3364                1
     0.0013904811    4.9905237e-05     -0.012982248    0.00095180509    -0.0052275439    -0.0022088983    9.1093825e-31   -1.6021766e-19    -9.156439e-20    5.8186257e-19             3385                1
    0.00075239252    3.3806908e-05     0.0010459067     0.0042149243     -0.010616792    0.00065847731    9.1093825e-31   -1.6021766e-19    -9.156439e-20    5.8186257e-19             3426                1
    0.00040929153    9.3557592e-06    -0.0037240838    -0.0012426043     0.0075264424     -0.002542567    9.1093825e-31   -1.6021766e-19    -9.156439e-20    5.8186257e-19             3582                1
     0.0024246685    1.3796095e-05    -0.0091863135    -0.0014760889     0.0033365423     5.043164e-06    9.1093825e-31   -1.6021766e-19    -9.156439e-20    5.8186257e-19             3510                1
   -0.00091996987     9.164973e-05       0.00560073    0.00062352134    -0.0086661186    0.00038521705    9.1093825e-31   -1.6021766e-19    -9.156439e-20    5.8186257e-19             3592                1
    -0.0064130691    2.4222738e-05     0.0038104141     0.0030558505    0.00068173592    -0.0015922902    9.1093825e-31   -1.6021766e-19    -9.156439e-20    5.8186257e-19              695                0
   -0.00097244466    8.4605301e-05     0.0055962852    0.00030129927    -0.0067489021    -0.0003819665    9.1093825e-31   -1.6021766e-19    -9.156439e-20    5.8186257e-19             3542                1
    -0.0028905328    3.5964353e-05     -0.010262716     0.0047765113    -0.0072765788     0.0044237366    9.1093825e-31   -1.6021766e-19    -9.156439e-20    5.8186257e-19             3315                1
     0.0067374553    8.6954911e-05    -0.0074850228     0.0022728238    -0.0010516671     0.0016487051    9.1093825e-31   -1.6021766e-19    -9.156439e-20    5.8186257e-19                4                0
     0.0010739784    8.6784647e-05     0.0077768569      0.002509878     0.0078012762    -0.0014595749    9.1093825e-31   -1.6021766e-19    -9.156439e-20    5.8186257e-19             3175                1
    -0.0015914864    9.6055308e-05     -0.012465762   -0.00015756194    0.00051819714    -0.0021538972    9.1093825e-31   -1.6021766e-19    -9.156439e-20    5.8186257e-19             2877                1
     0.0021934384    6.4338747e-05   -0.00011447614    -0.0040094815    -0.0057955296     0.0012485473    9.1093825e-31   -1.6021766e-19    -9.156439e-20    5.8186257e-19             3376                1
     0.0014980976    3.6682017e-05    -0.0052539348    -0.0042206268    -0.0086675137    -0.0029460059    9.1093825e-31   -1.6021766e-19    -9.156439e-20    5.8186257e-19             3327                1
     0.0012297421    9.5349096e-05      0.011456076     0.0020631205    -0.0077926079   -0.00055888254    9.1093825e-31   -1.6021766e-19    -9.156439e-20    5.8186257e-19             3595                1
     0.0017916757    7.1119997e-05      0.010422163     -0.001394731     -0.004801766     0.0035694274    9.1093825e-31   -1.6021766e-19    -9.156439e-20    5.8186257e-19             3465                1
   -0.00099403353    5.3340813e-05     -0.005870271     0.0014597655    -0.0072702398     0.0032286665    9.1093825e-31   -1.6021766e-19    -9.156439e-20    5.8186257e-19             3267                1
    -0.0014871098    9.4499273e-06    -0.0066360873     0.0038561339     -0.010617516     0.0022454958    9.1093825e-31   -1.6021766e-19    -9.156439e-20    5.8186257e-19             3325                1
     0.0060426323    3.6478141e-05     0.0048795678    -0.0010735223     0.0011904688    0.00066379452    9.1093825e-31   -1.6021766e-19    -9.156439e-20    5.8186257e-19              751                0
      0.002481472    8.9766836e-05   -4.2332769e-05   -0.00027292204     0.0035554576     0.0053395084    9.1093825e-31   -1.6021766e-19    -9.156439e-20    5.8186257e-19             3254                1
     0.0034944033    9.2833776e-05     0.0091590751     0.0058440301    -0.0013479769     0.0051966007    9.1093825e-31   -1.6021766e-19    -9.156439e-20    5.8186257e-19             3482                1
   -0.00085918902    9.6066324e-05    -0.0028857691    3.0394032e-05     0.0014731977   -0.00031467417    9.1093825e-31   -1.6021766e-19    -9.156439e-20    5.8186257e-19             2996                1
    -0.0074655195    6.1035087e-05    -0.0072588883    -0.0011863806    -0.0012487638    -0.0026717472    9.1093825e-31   -1.6021766e-19    -9.156439e-20    5.8186257e-19              532                0
     0.0011393873    4.5860328e-05    -0.0096202428    -0.0027966609     0.0057091401    -0.0049666604    9.1093825e-31   -1.6021766e-19    -9.156439e-20    5.8186257e-19             3446                1
     0.0020642886    4.5763951e-05      0.014660175     0.0023415466     0.0090193599     0.0013711003    9.1093825e-31   -1.6021766e-19    -9.156439e-20    5.8186257e-19             3450                1
   -0.00010068874    6.2059502e-05     0.0033917362      -0.00408311     -0.010942436    0.00049413141    9.1093825e-31   -1.6021766e-19    -9.156439e-20    5.8186257e-19             3506                1
     0.0013775158    8.5440493e-05      0.011416411     0.0043623447    -0.0026029737     0.0012750295    9.1093825e-31   -1.6021766e-19    -9.156439e-20    5.8186257e-19             3491                1
   -0.00084476202    4.1703315e-05    -0.0028130168   -9.8277691e-05     -0.006804158   -0.00067627075    9.1093825e-31   -1.6021766e-19    -9.156439e-20    5.8186257e-19             3216                1
     0.0010545276    9.4420348e-06    -0.0092800111   -0.00051913672     -0.011527931    0.00026409741    9.1093825e-31   -1.6021766e-19    -9.156439e-20    5.8186257e-19             3407                1
     0.0012691398    9.4640294e-05      0.011293691     0.0056318324    -0.0023632927   -0.00073676161    9.1093825e-31   -1.6021766e-19    -9.156439e-20    5.8186257e-19             3549                1
     0.0015340188    1.3759715e-05     -0.013018871     0.0030459852     0.0046848143     0.0010310306    9.1093825e-31   -1.6021766e-19    -9.156439e-20    5.8186257e-19             3521                1
     0.0047352407    5.3219486e-05    -0.0032695881    -0.0015409855    0.00031080973     0.0034766102    9.1093825e-31   -1.6021766e-19    -9.156439e-20    5.8186257e-19             2961                1
    -0.0017912657    5.4570097e-05      0.010606866    -0.0031281949      0.007525627    -0.0044093756    9.1093825e-31   -1.6021766e-19    -9.156439e-20    5.8186257e-19             3379                1
    0.00057522207    3.4011886e-05    0.00025032283     0.0037927285    -0.0090228906     -0.003896289    9.1093825e-31   -1.6021766e-19    -9.156439e-20    5.8186257e-19             3392                1
     0.0015071031    1.2643215e-05     -0.013026918    -0.0051927385     0.0043436876    -0.0014326376    9.1093825e-31   -1.6021766e-19    -9.156439e-20    5.8186257e-19             3522                1
    -0.0040700622    3.1455711e-06    -0.0096911602     0.0024945056     0.0031884064    0.00033175523    9.1093825e-31   -1.6021766e-19    -9.156439e-20    5.8186257e-19             3588                1
    -0.0082819955    7.1954652e-05      0.014720107    5.7485962e-05     0.0008528693      0.001215841    9.1093825e-31   -1.6021766e-19    -9.156439e-20    5.8186257e-19              719                0
    -0.0091086421    2.2590995e-05     0.0024852741   -0.00066676032   -0.00029993398     0.0014006476    9.1093825e-31   -1.6021766e-19    -9.156439e-20    5.8186257e-19              874                0
    -0.0010308693    9.1312955e-05    -0.0039129271      0.005951263     0.0013440225     0.0028280767    9.1093825e-31   -1.6021766e-19    -9.156439e-20    5.8186257e-19             3202                1
   -0.00084675464    4.9507962e-05    -0.0085014859    0.00074955693      0.010714822     0.0015498116    9.1093825e-31   -1.6021766e-19    -9.156439e-20    5.8186257e-19             3492                1
     -0.004149999    7.1401701e-05     0.0059730918     0.0015521465     0.0019997028   -0.00078305678    9.1093825e-31   -1.6021766e-19    -9.156439e-20    5.8186257e-19              628                0
     0.0015216683    1.3820089e-05     -0.012951322    0.00082283525     0.0054118368   -0.00086713885    9.1093825e-31   -1.6021766e-19    -9.156439e-20    5.8186257e-19             3532                1
     0.0033707796    9.8901255e-05      0.012677963   -0.00023310508    -0.0021694612    7.0296255e-06    9.1093825e-31   -1.6021766e-19    -9.156439e-20    5.8186257e-19             3597                1
   -0.00092107215    8.7460881e-05     0.0060443031    0.00049526535     -0.002039918     0.0032639015    9.1093825e-31   -1.6021766e-19    -9.156439e-20    5.8186257e-19             3433                1
     0.0014532858    9.3114933e-05      0.011369979    0.00028243678      0.010133028   -0.00053651445    9.1093825e-31   -1.6021766e-19    -9.156439e-20    5.8186257e-19             3279                1
     0.0072472678    7.9633457e-05     0.0060778116   -0.00060025958    0.00093480834     0.0019553197    9.1093825e-31   -1.6021766e-19    -9.156439e-20    5.8186257e-19              828                0
     0.0011097691    5.8713489e-05      0.005784669   -6.1392617e-05    -0.0057528606   -0.00020907445    9.1093825e-31   -1.6021766e-19    -9.156439e-20    5.8186257e-19             3428                1
    -0.0017370379    3.1928492e-05       0.01084802   -0.00058779761    0.00073260418    -0.0014133401    9.1093825e-31   -1.6021766e-19    -9.156439e-20    5.8186257e-19             3157                1
     0.0017315911     9.485615e-05      0.011295171     0.0011469746      0.010651664    -0.0047480888    9.1093825e-31   -1.6021766e-19    -9.156439e-20    5.8186257e-19             3331                1
     0.0053727776    1.9664536e-05     0.0064044814     0.0011356539     0.0013917679   -0.00040170806    9.1093825e-31   -1.6021766e-19    -9.156439e-20    5.8186257e-19              580                0
     0.0014806659    4.3614824e-07    -0.0088821352      0.002108959    7.8054276e-05    -0.0015236866    9.1093825e-31   -1.6021766e-19    -9.156439e-20    5.8186257e-19             3551                1
     0.0082307588    7.4022391e-05     -0.012529688    -0.0022165829   -0.00021904518      0.002222229    9.1093825e-31   -1.6021766e-19    -9.156439e-20    5.8186257e-19              586                0
     -0.001389437    9.2071887e-06    -0.0084731523   -0.00042290048     -0.010583019      0.001163828    9.1093825e-31   -1.6021766e-19    -9.156439e-20    5.8186257e-19             3352                1
    -0.0049832477    7.2564617e-05    -0.0052588107     0.0010069403    -0.0017826541      -0.00094611    9.1093825e-31   -1.6021766e-19    -9.156439e-20    5.8186257e-19              660                0
    -0.0021431851    9.8790653e-05     0.0063663307    0.00096050691    0.00021723275   -0.00030041713    9.1093825e-31   -1.6021766e-19    -9.156439e-20    5.8186257e-19             3394                1
    -0.0077291168    2.6218511e-05      0.011091613    0.00060231978    0.00089920143     0.0015234019    9.1093825e-31   -1.6021766e-19    -9.156439e-20    5.8186257e-19              652                0
     0.0018383119    1.7175589e-05     -0.012459996    -0.0033190351     0.0061381203     0.0023536128    9.1093825e-31   -1.6021766e-19    -9.156439e-20    5.8186257e-19             3530                1
    -0.0012430699    4.9649871e-06     0.0058068233    -0.0051728953   -0.00078905013    -0.0078765741    9.1093825e-31   -1.6021766e-19    -9.156439e-20    5.8186257e-19             2855                1
     0.0018555681    8.7191998e-05      0.012216975     0.0010146266    -0.0014272796     0.0011619247    9.1093825e-31   -1.6021766e-19    -9.156439e-20    5.8186257e-19             3472                1
   -6.7967252e-05    8.2064951e-05     0.0034810577    -0.0023845406    -0.0075301798    0.00036395923    9.1093825e-31   -1.6021766e-19    -9.156439e-20    5.8186257e-19             3536                1
   -5.6946101e-06    6.2814506e-05     0.0039089699   -0.00033731372     -0.010894809     0.0014771116    9.1093825e-31   -1.6021766e-19    -9.156439e-20    5.8186257e-19             3511                1
    -0.0031113208    4.1750773e-05    -0.0019444397    -0.0017773591    -0.0077334205      -0.00173505    9.1093825e-31   -1.6021766e-19    -9.156439e-20    5.8186257e-19             3348                1
    -0.0010243716    2.9876555e-05    -0.0058031222    -0.0019788691    -0.0093581164     0.0038992087    9.1093825e-31   -1.6021766e-19    -9.156439e-20    5.8186257e-19             3338                1
     0.0028513672    2.7774249e-05    -0.0056389407    -0.0016962833    -0.0029350016    1.4442087e-05    9.1093825e-31   -1.6021766e-19    -9.156439e-20    5.8186257e-19              860                0
   -5.4105971e-05    7.1422517e-05     0.0039276243    -0.0015319956    -0.0057370588    0.00048653662    9.1093825e-31   -1.6021766e-19    -9.156439e-20    5.8186257e-19             3454                1
     -0.003316005    1.7574908e-05     -0.012618798   -0.00089465751    -0.0026289918    -0.0015394887    9.1093825e-31   -1.6021766e-19    -9.156439e-20    5.8186257e-19              900                0
    -0.0064543174    2.8188335e-05    -0.0088758804    0.00089225773    -0.0016483666    -0.0013273754    9.1093825e-31   -1.6021766e-19    -9.156439e-20    5.8186257e-19              132                0
    -0.0014673849    5.4150169e-05    -0.0065655583     0.0030916126    -0.0074767321     0.0040986445    9.1093825e-31   -1.6021766e-19    -9.156439e-20    5.8186257e-19             3383                1
     0.0010258834     4.316929e-05    -0.0066882432    -0.0013172976    -0.0087864008    -0.0008563071    9.1093825e-31   -1.6021766e-19    -9.156439e-20    5.8186257e-19             3405                1
     0.0018373936    9.8253244e-05      0.011333046     0.0078235827    -0.0058703455    0.00027883801    9.1093825e-31   -1.6021766e-19    -9.156439e-20    5.8186257e-19             3601                1
     0.0077753998    4.7566999e-05     -0.013121909     0.0023960611   -0.00067249278    -0.0017001972    9.1093825e-31   -1.6021766e-19    -9.156439e-20    5.8186257e-19              311                0
     0.0013142194    5.3082964e-05      0.002505302    0.00026665884    -0.0076344246     0.0070301699    9.1093825e-31   -1.6021766e-19    -9.156439e-20    5.8186257e-19             3424                1
     0.0019165213    7.9900055e-05      0.012121898   -0.00055745523      0.010044627    0.00099889084    9.1093825e-31   -1.6021766e-19    -9.156439e-20    5.8186257e-19             3361                1
     0.0013627093    8.2765255e-05      0.011477437     0.0032335999    -0.0061005158     0.0012886426    9.1093825e-31   -1.6021766e-19    -9.156439e-20    5.8186257e-19             3537                1
     0.0011046093    5.1337856e-06    -0.0069022141     -0.001422392     0.0027743177      0.002545268    9.1093825e-31   -1.6021766e-19    -9.156439e-20    5.8186257e-19             3560                1
     -0.007246885     5.487055e-05    -0.0014358235       0.00234227       -0.0019058   -0.00055368931    9.1093825e-31   -1.6021766e-19    -9.156439e-20    5.8186257e-19             2944                1
    -0.0062040729    1.4570782e-05      0.002870251   -7.2066263e-07     0.0004878178   -0.00011916393    9.1093825e-31   -1.6021766e-19    -9.156439e-20    5.8186257e-19              677                0
    0.00037829336    4.4284727e-05    -0.0086867642     -0.001441013     -0.007386175     0.0025160871    9.1093825e-31   -1.6021766e-19    -9.156439e-20    5.8186257e-19             3217                1
     0.0018354511    2.9498951e-05      0.012284897    -0.0020678602     0.0058680749     0.0016113101    9.1093825e-31   -1.6021766e-19    -9.156439e-20    5.8186257e-19             3432                1
     0.0014678291    1.4447163e-05     -0.013036455    2.5240932e-05     0.0040666657   -0.00044786339    9.1093825e-31   -1.6021766e-19    -9.156439e-20    5.8186257e-19             3500                1
     0.0078911288    5.6872064e-05     0.0085381651   -0.00029648255    0.00088054611     0.0012623331    9.1093825e-31   -1.6021766e-19    -9.156439e-20    5.8186257e-19              254                0
     0.0058410382    5.9094698e-05     0.0043885354   -0.00059616554    0.00094096962   -0.00088119967    9.1093825e-31   -1.6021766e-19    -9.156439e-20    5.8186257e-19              270                0
    -0.0010011412    3.3890883e-05    -0.0059413756    0.00099355064    -0.0085470024     -0.001431509    9.1093825e-31   -1.6021766e-19    -9.156439e-20    5.8186257e-19             3268                1
    -0.0018958315    5.1900828e-05     0.0019691018    -0.0047936114    -0.0067234295   -0.00058322324    9.1093825e-31   -1.6021766e-19    -9.156439e-20    5.8186257e-19             3402                1
     0.0014680238    8.0095742e-07    -0.0088807121    0.00026063598    -0.0092961546    0.00071244175    9.1093825e-31   -1.6021766e-19    -9.156439e-20    5.8186257e-19             3189                1
    -0.0013092918    9.3440576e-06    -0.0085857036       0.01035428     0.0013694896    -0.0042354921    9.1093825e-31   -1.6021766e-19    -9.156439e-20    5.8186257e-19             3485                1
     -0.001205546    2.2683886e-05     0.0066451426     0.0038933256     -0.008298222     0.0024623964    9.1093825e-31   -1.6021766e-19    -9.156439e-20    5.8186257e-19             3410                1
      0.002378522     1.370941e-05    -0.0092702899    -0.0016308129    -0.0091776093     0.0019699608    9.1093825e-31   -1.6021766e-19    -9.156439e-20    5.8186257e-19             3283                1
     0.0085485009    2.5125369e-06      0.010209429    0.00027682711    0.00038600696   -9.2319235e-05    9.1093825e-31   -1.6021766e-19    -9.156439e-20    5.8186257e-19              410                0
    -0.0028571994    3.8785543e-05     -0.010476004     0.0029960549    -0.0067006079    -0.0033063069    9.1093825e-31   -1.6021766e-19    -9.156439e-20    5.8186257e-19             3199                1
    -0.0010184497     9.265745e-05     0.0059236055    -0.0029110445    -0.0012710501     0.0013868463    9.1093825e-31   -1.6021766e-19    -9.156439e-20    5.8186257e-19             3422                1
    -0.0030221594    1.0985049e-05     -0.010466322    -0.0016312081    -0.0085346922     0.0002743451    9.1093825e-31   -1.6021766e-19    -9.156439e-20    5.8186257e-19             3247                1
     0.0011483603    7.8150828e-05      0.013522198    -0.0048593525      0.010976886     0.0047244318    9.1093825e-31   -1.6021766e-19    -9.156439e-20    5.8186257e-19             3399                1
     0.0016326654    7.8420373e-05     0.0025985136    -0.0021648579    -0.0051098266    -0.0048713228    9.1093825e-31   -1.6021766e-19    -9.156439e-20    5.8186257e-19             3458                1
    -0.0093952874     9.655139e-05    -0.0066193505    0.00039186294   -0.00031166957    0.00041479489    9.1093825e-31   -1.6021766e-19    -9.156439e-20    5.8186257e-19              192                0
    -0.0031514007    6.4793625e-05    -0.0017635464   -0.00012323853     0.0015186312    0.00030529013    9.1093825e-31   -1.6021766e-19    -9.156439e-20    5.8186257e-19             3282                1
      -0.00331869     7.401286e-05     0.0062694959   -0.00094603049    -0.0067361854    -0.0017285076    9.1093825e-31   -1.6021766e-19    -9.156439e-20    5.8186257e-19             3496                1
     0.0018399796     6.951757e-05      0.012203638     -0.002074016    -0.0049266792    -0.0014823393    9.1093825e-31   -1.6021766e-19    -9.156439e-20    5.8186257e-19             3473                1
     0.0035876515    2.9674809e-05     0.0034948245     0.0012119639      0.001046599     0.0021967613    9.1093825e-31   -1.6021766e-19    -9.156439e-20    5.8186257e-19              991                0
   -1.5749485e-05    6.0094033e-05      0.013771685     0.0058378889      0.010120628    -0.0021239207    9.1093825e-31   -1.6021766e-19    -9.156439e-20    5.8186257e-19             3425                1
    -0.0091035794    1.6656677e-05    -0.0019862163     0.0011709161   -0.00029127026   -0.00095278327    9.1093825e-31   -1.6021766e-19    -9.156439e-20    5.8186257e-19              212                0
     0.0084502874    9.4573206e-06     0.0015153252    0.00023499881   -9.0624344e-05   -0.00083009532    9.1093825e-31   -1.6021766e-19    -9.156439e-20    5.8186257e-19              525                0
     0.0093254317    8.4630465e-06     -0.009273502     0.0011451276   -0.00040734204    -0.0014043553    9.1093825e-31   -1.6021766e-19    -9.156439e-20    5.8186257e-19              690                0
    -0.0016658814    8.8251742e-05      0.010491476    5.1954441e-05    -0.0026392215   -4.2536725e-05    9.1093825e-31   -1.6021766e-19    -9.156439e-20    5.8186257e-19             3507                1
    -0.0034217958    2.5790375e-06    -0.0098639987     0.0046490636     0.0029143607   -1.8280794e-05    9.1093825e-31   -1.6021766e-19    -9.156439e-20    5.8186257e-19             3593                1
     -0.008655902    3.5540263e-05    -0.0011487751    0.00090320001    -0.0004876059    0.00099265785    9.1093825e-31   -1.6021766e-19    -9.156439e-20    5.8186257e-19              750                0
     0.0013598838    9.0149326e-05      0.011486616     0.0021769416    -0.0033376885     0.0047233989    9.1093825e-31   -1.6021766e-19    -9.156439e-20    5.8186257e-19             3538                1
   -0.00084020826    3.3425007e-05    -0.0029337432    -0.0025395388     -0.011823962    -0.0029006368    9.1093825e-31   -1.6021766e-19    -9.156439e-20    5.8186257e-19             3438                1
      -0.00124383     7.420058e-05     -0.012573745    -0.0039788117     0.0081546102    -0.0055291685    9.1093825e-31   -1.6021766e-19    -9.156439e-20    5.8186257e-19             3413                1
      0.003448376    1.7884488e-05      0.012729708     0.0022224912   -0.00011175442     0.0022770853    9.1093825e-31   -1.6021766e-19    -9.156439e-20    5.8186257e-19             2934                1
     -0.005735402     5.695338e-05      0.005902404    -0.0011480657     0.0016045668     0.0010290294    9.1093825e-31   -1.6021766e-19    -9.156439e-20    5.8186257e-19              220                0
     0.0031559505    8.5424421e-05      0.014045411     0.0024294525      0.011070694     0.0016745128    9.1093825e-31   -1.6021766e-19    -9.156439e-20    5.8186257e-19             3387                1
     0.0061812848    5.0453094e-05    -0.0085275546    -0.0027068937    -0.0016283473   -0.00053896039    9.1093825e-31   -1.6021766e-19    -9.156439e-20    5.8186257e-19              931                0
     -0.001105685    8.6034903e-05     0.0057869474     0.0021438757     0.0075237546   -0.00063622871    9.1093825e-31   -1.6021766e-19    -9.156439e-20    5.8186257e-19             3346                1
     0.0049041989    7.7661331e-05     0.0071869376     0.0011660424    -0.0089068431    -0.0037503082    9.1093825e-31   -1.6021766e-19    -9.156439e-20    5.8186257e-19             3541                1
     0.0020559321    7.7835255e-05      0.014589989    -0.0026187941     0.0093741436    -0.0004890312    9.1093825e-31   -1.6021766e-19    -9.156439e-20    5.8186257e-19             3301                1
     0.0056867856    8.7187584e-07      0.011518703     0.0044951462    -0.0019088271     0.0016848606    9.1093825e-31   -1.6021766e-19    -9.156439e-20    5.8186257e-19             3112                1
    0.00047101683    3.4361474e-05    0.00029916025    -0.0062321252    -0.0089747114    0.00080194126    9.1093825e-31   -1.6021766e-19    -9.156439e-20    5.8186257e-19             3393                1
     0.0058526499    2.8798653e-05     -0.003131838    -0.0010869409    -0.0010761088    -0.0022771987    9.1093825e-31   -1.6021766e-19    -9.156439e-20    5.8186257e-19              256                0
   -0.00073532149    1.4277061e-05    -0.0084097367    9.4946859e-07     0.0033950449    3.1588257e-05    9.1093825e-31   -1.6021766e-19    -9.156439e-20    5.8186257e-19             3517                1
     0.0002730886    9.5627503e-05      0.012282299     0.0030625116    -0.0018941395     0.0027985342    9.1093825e-31   -1.6021766e-19    -9.156439e-20    5.8186257e-19             3553                1
    -0.0010301307    6.9337275e-06    -0.0058003748    -0.0028979178      -0.01129932    0.00081533083    9.1093825e-31   -1.6021766e-19    -9.156439e-20    5.8186257e-19             3345                1
     0.0035012965    8.7519387e-05     0.0091267768     0.0073247924    -0.0024953769    -0.0017450224    9.1093825e-31   -1.6021766e-19    -9.156439e-20    5.8186257e-19             3483                1
    -0.0093259383    8.2153565e-05     0.0020809867    -0.0022442401     0.0004826902    -0.0018362405    9.1093825e-31   -1.6021766e-19    -9.156439e-20    5.8186257e-19              978                0
   -0.00084342196    7.2830284e-05     0.0069589796    -0.0078033819     0.0066392622     0.0041009123    9.1093825e-31   -1.6021766e-19    -9.156439e-20    5.8186257e-19             3154                1
     0.0093741957     2.714525e-05     0.0009025039     0.0014168108   -0.00031555234   -0.00017851338    9.1093825e-31   -1.6021766e-19    -9.156439e-20    5.8186257e-19              637                0
    -0.0007718954    8.6745731e-06     0.0058971536     0.0015640993    -0.0005834878     0.0013412262    9.1093825e-31   -1.6021766e-19    -9.156439e-20    5.8186257e-19             2841                1
    -0.0012112472    9.1711787e-05     0.0060576666   -0.00011141718    -0.0028482603     0.0014599171    9.1093825e-31   -1.6021766e-19    -9.156439e-20    5.8186257e-19             3515                1
      0.004671494    9.3824092e-05     0.0022377761   -0.00067987526    0.00078076124     0.0011520589    9.1093825e-31   -1.6021766e-19    -9.156439e-20    5.8186257e-19              229                0
    -0.0012729197    2.1702757e-05    -0.0085497368   -9.9673212e-05     0.0046342565    0.00037595441    9.1093825e-31   -1.6021766e-19    -9.156439e-20    5.8186257e-19             3497                1
     -0.008506733    3.9062234e-05    -0.0014867109    0.00080193434   -0.00051577785    -0.0004030347    9.1093825e-31   -1.6021766e-19    -9.156439e-20    5.8186257e-19              894                0
     0.0075838743    9.3553739e-05     0.0054713148    -0.0010003485    0.00086847157     0.0030265998    9.1093825e-31   -1.6021766e-19    -9.156439e-20    5.8186257e-19              219                0
     0.0080164121     3.439861e-05    -0.0029882533     0.0016698285   -0.00084004784     0.0023102548    9.1093825e-31   -1.6021766e-19    -9.156439e-20    5.8186257e-19              309                0
    -0.0089586359    6.3060448e-05      0.011178763   -0.00023562412    0.00049472088    -0.0006046432    9.1093825e-31   -1.6021766e-19    -9.156439e-20    5.8186257e-19              329                0
    -0.0016752323    9.7896605e-05      0.010490059    -0.0023706232   -0.00014205919   -0.00040898047    9.1093825e-31   -1.6021766e-19    -9.156439e-20    5.8186257e-19             3508                1
     0.0089788083    6.1051243e-05     0.0080548506    -0.0010056355    0.00034544559     0.0016580793    9.1093825e-31   -1.6021766e-19    -9.156439e-20    5.8186257e-19              369                0
     0.0028034549    1.1402179e-05    -0.0072034122   -0.00063702988    -0.0043115756    -0.0037305274    9.1093825e-31   -1.6021766e-19    -9.156439e-20    5.8186257e-19             2430                1
    -0.0015819822     8.047401e-06     -0.012401795    -0.0050312807     0.0011222627    -0.0033998992    9.1093825e-31   -1.6021766e-19    -9.156439e-20    5.8186257e-19             3439                1
    -0.0020746856    9.3660827e-05      0.007205422     0.0020142039     0.0032361292    0.00016057811    9.1093825e-31   -1.6021766e-19    -9.156439e-20    5.8186257e-19              632                0
   -0.00026230566    2.7462013e-07    -0.0027998427   -0.00053763908     -0.013096704    0.00063610676    9.1093825e-31   -1.6021766e-19    -9.156439e-20    5.8186257e-19             3395                1
   -0.00093522959    8.2974848e-06    -0.0083423574     -0.003078568     -0.011254905     0.0017567927    9.1093825e-31   -1.6021766e-19    -9.156439e-20    5.8186257e-19             3384                1
     0.0018043363    9.4412768e-05      0.012080431    -0.0033485671    -0.0007811762    -0.0023157417    9.1093825e-31   -1.6021766e-19    -9.156439e-20    5.8186257e-19             3512                1
     -0.004080717    3.2318374e-06    -0.0096913921    -0.0082682855     0.0032773444    9.7140983e-05    9.1093825e-31   -1.6021766e-19    -9.156439e-20    5.8186257e-19             3589                1
     0.0072237449    6.7765068e-05    0.00081292837    -0.0015186158    0.00031770539   -0.00085202698    9.1093825e-31   -1.6021766e-19    -9.156439e-20    5.8186257e-19              476                0
    -0.0048320685    4.7835532e-05     -0.012860099     0.0013120465    -0.0017266161    -0.0016451121    9.1093825e-31   -1.6021766e-19    -9.156439e-20    5.8186257e-19              549                0
   -0.00084274088    8.5542328e-05      0.010235786     0.0026153696     0.0034659386    0.00071975327    9.1093825e-31   -1.6021766e-19    -9.156439e-20    5.8186257e-19              569                0
     -0.000403324    3.7176294e-05    -0.0082629547   -0.00099366612     -0.007222265   -0.00086989079    9.1093825e-31   -1.6021766e-19    -9.156439e-20    5.8186257e-19             3148                1
     0.0015608338    8.3535204e-05     0.0073093413   -0.00067020283    -0.0015156915    -0.0032108417    9.1093825e-31   -1.6021766e-19    -9.156439e-20    5.8186257e-19             3416                1
     0.0014928054    1.8983399e-05    -0.0086917197      0.001365041    -0.0092460457     0.0042304876    9.1093825e-31   -1.6021766e-19    -9.156439e-20    5.8186257e-19             3296                1
     0.0017858335    7.6733588e-05       0.01207519     -0.000759174     0.0096551329    0.00037170757    9.1093825e-31   -1.6021766e-19    -9.156439e-20    5.8186257e-19             3351                1
    -0.0077362289    5.1258583e-05     0.0039335401     0.0011635147    0.00043514281    0.00098677399    9.1093825e-31   -1.6021766e-19    -9.156439e-20    5.8186257e-19              934                0
   -0.00064388139    2.2663424e-05     0.0068558869   -0.00010311009    -0.0087980106   -0.00028881559    9.1093825e-31   -1.6021766e-19    -9.156439e-20    5.8186257e-19             3415                1
     0.0015123463    8.3424347e-05      0.011400936    -0.0014204207    -0.0049856859     0.0029916279    9.1093825e-31   -1.6021766e-19    -9.156439e-20    5.8186257e-19             3527                1
     0.0011357149    4.0995692e-06    -0.0065427939     0.0074012065     0.0039842306   -0.00052945735    9.1093825e-31   -1.6021766e-19    -9.156439e-20    5.8186257e-19             3590                1
     0.0016788393    7.5732655e-06     -0.012828909   -0.00024833219   -0.00078818231     0.0001643408    9.1093825e-31   -1.6021766e-19    -9.156439e-20    5.8186257e-19             3329                1
     0.0015118505    5.3455533e-05    -0.0053283009    0.00014401345    -0.0073904544    -0.0046481714    9.1093825e-31   -1.6021766e-19    -9.156439e-20    5.8186257e-19             3319                1
    -0.0020658525    9.7403252e-05     0.0064101745    0.00013105117     0.0074280305    8.6656561e-05    9.1093825e-31   -1.6021766e-19    -9.156439e-20    5.8186257e-19             3155                1
     0.0054476727    3.4321063e-05     0.0022079453    0.00060346705      0.000314501     0.0025721889    9.1093825e-31   -1.6021766e-19    -9.156439e-20    5.8186257e-19               20                0
    -0.0012896794    4.2105938e-05     0.0065906267   -0.00063081045    -0.0084873587    -0.0023512205    9.1093825e-31   -1.6021766e-19    -9.156439e-20    5.8186257e-19             3442                1
    -0.0012206158    2.9495399e-05     -0.012516882    -0.0013461974     0.0030613984    0.00092568877    9.1093825e-31   -1.6021766e-19    -9.156439e-20    5.8186257e-19             3414                1
     0.0013282478    5.5116314e-05    -0.0032915189     0.0018483042    -0.0067334776     0.0020778934    9.1093825e-31   -1.6021766e-19    -9.156439e-20    5.8186257e-19             3273                1
     0.0015658825    4.5103898e-06    -0.0052136942   -0.00020286946     0.0038993559   -0.00031525796    9.1093825e-31   -1.6021766e-19    -9.156439e-20    5.8186257e-19             3585                1
      0.001105446    3.8605067e-06    -0.0094488021   -4.9319471e-05    0.00019398994    -0.0018622582    9.1093825e-31   -1.6021766e-19    -9.156439e-20    5.8186257e-19             3474                1
     0.0048694676    7.4006115e-05    -0.0032945813    0.00089855376     0.0014661659     0.0028376915    9.1093825e-31   -1.6021766e-19    -9.156439e-20    5.8186257e-19             3169                1
      0.003411351    3.6941085e-05    -0.0076113292    0.00011149554    -0.0045037717   -0.00026734083    9.1093825e-31   -1.6021766e-19    -9.156439e-20    5.8186257e-19             2921                1
       0.00599183    6.6411747e-05       0.01205285   -0.00064639532     0.0018270805     0.0020728747    9.1093825e-31   -1.6021766e-19    -9.156439e-20    5.8186257e-19              280                0
     0.0012260036    2.9139571e-06    -0.0069518168    -0.0050193965     -0.013078728    0.00075818313    9.1093825e-31   -1.6021766e-19    -9.156439e-20    5.8186257e-19             3408                1
     0.0013995334    7.3573069e-06    -0.0088198986    -0.0024582662     0.0033981025    -0.0030292969    9.1093825e-31   -1.6021766e-19    -9.156439e-20    5.8186257e-19             3547                1
   -0.00048228132     9.362222e-05     0.0094985282    0.00085963932      0.010263455     0.0077170003    9.1093825e-31   -1.6021766e-19    -9.156439e-20    5.8186257e-19             3355                1
     -0.002649555     7.213444e-05     0.0068974374     0.0015782178     -0.007788924     0.0028744778    9.1093825e-31   -1.6021766e-19    -9.156439e-20    5.8186257e-19             3513                1
     0.0028773546    6.5376873e-05     0.0099217966    0.00038872441     0.0032484569   -0.00023346723    9.1093825e-31   -1.6021766e-19    -9.156439e-20    5.8186257e-19              177                0
    -0.0019883036    9.5067167e-05     0.0064742598     0.0040691807    -0.0047310456    -0.0029610789    9.1093825e-31   -1.6021766e-19    -9.156439e-20    5.8186257e-19             3586                1
     0.0020338374    9.1025373e-05      0.010634956     0.0015469672    -0.0025406124   -0.00070947065    9.1093825e-31   -1.6021766e-19    -9.156439e-20    5.8186257e-19             3524                1
   -0.00098719902    8.4067731e-05     0.0058624549     0.0023112115    -0.0074631143     0.0054061911    9.1093825e-31   -1.6021766e-19    -9.156439e-20    5.8186257e-19             3543                1
    -0.0082715955    2.5471129e-05     0.0034490093      0.000960859   -2.5320351e-05    -0.0031900064    9.1093825e-31   -1.6021766e-19    -9.156439e-20    5.8186257e-19              184                0
    -0.0019386257    9.1280737e-05     0.0039765257    -0.0014157305     0.0017251087     9.240349e-05    9.1093825e-31   -1.6021766e-19    -9.156439e-20    5.8186257e-19              699                0
    -0.0078236796    1.6907807e-06    -0.0048494674    -0.0028747949    -0.0012590208    0.00034595307    9.1093825e-31   -1.6021766e-19    -9.156439e-20    5.8186257e-19              243                0
    -0.0014048712    7.6445438e-05      0.011097227    0.00046728717     -0.010609169     0.0019147819    9.1093825e-31   -1.6021766e-19    -9.156439e-20    5.8186257e-19             3545                1
     -0.008599217    3.6171616e-05     0.0020960288    0.00042834392   -4.9295308e-05   -0.00017254949    9.1093825e-31   -1.6021766e-19    -9.156439e-20    5.8186257e-19              264                0
      0.005105292    4.4378234e-05    0.00021010569    0.00025934834   -0.00044404317    -0.0012759693    9.1093825e-31   -1.6021766e-19    -9.156439e-20    5.8186257e-19              284                0
   -9.3369863e-06     6.394407e-05     0.0043107667     0.0023508454     -0.005484134     0.0054840101    9.1093825e-31   -1.6021766e-19    -9.156439e-20    5.8186257e-19             3420                1
     0.0012855175     8.333537e-05      0.011376297    0.00097331021     0.0096028531     0.0018480534    9.1093825e-31   -1.6021766e-19    -9.156439e-20    5.8186257e-19             3294                1
     0.0040616444    8.7257999e-05    -0.0067929439    -0.0033682277    -0.0044550048    0.00025523774    9.1093825e-31   -1.6021766e-19    -9.156439e-20    5.8186257e-19             3523                1
   -0.00069156091    8.6608401e-05    -0.0028696773    -0.0075497273     -0.004732572   -3.5658461e-05    9.1093825e-31   -1.6021766e-19    -9.156439e-20    5.8186257e-19             3498                1
   -0.00099398231    3.4785178e-05    -0.0020934772   -8.1089871e-05    -0.0016976572    0.00018998317    9.1093825e-31   -1.6021766e-19    -9.156439e-20    5.8186257e-19              384                0
   -0.00092570827    5.7625957e-06    -0.0084467158   -0.00013060156     0.0010153323    0.00032789889    9.1093825e-31   -1.6021766e-19    -9.156439e-20    5.8186257e-19             3514                1
     -0.003581292    6.9331618e-05    -0.0013134914    0.00020814122    -0.0070488183    0.00090646191    9.1093825e-31   -1.6021766e-19    -9.156439e-20    5.8186257e-19             3462                1
    -0.0092200497    5.4438449e-05   -0.00040673168    1.3012785e-05   -0.00018169162    0.00067072292    9.1093825e-31   -1.6021766e-19    -9.156439e-20    5.8186257e-19              444                0
    -0.0059236907    2.5865753e-05    -0.0020292623    0.00018448108   -0.00078078429      -0.00105313    9.1093825e-31   -1.6021766e-19    -9.156439e-20    5.8186257e-19              464                0
      0.002351064    1.0340063e-05    -0.0075924457   -0.00020265207     -0.010885101     0.0047231205    9.1093825e-31   -1.6021766e-19    -9.156439e-20    5.8186257e-19             3373                1
     0.0056393715    8.6245134e-05     0.0093778353     0.0016048448     0.0025834222     0.0017098871    9.1093825e-31   -1.6021766e-19    -9.156439e-20    5.8186257e-19             1322                1
     0.0026826896    9.2801944e-05      0.012212933    -0.0013260012   -0.00025204013    -0.0016257019    9.1093825e-31   -1.6021766e-19    -9.156439e-20    5.8186257e-19             3466                1
     0.0026703738    8.9338893e-05      0.012278195    -0.0019917679     -0.008830199    9.8028235e-05    9.1093825e-31   -1.6021766e-19    -9.156439e-20    5.8186257e-19             3584                1
     0.0083878348    5.5521657e-05    -0.0038124309   -0.00064643915    -0.0001658815     0.0008832824    9.1093825e-31   -1.6021766e-19    -9.156439e-20    5.8186257e-19              564                0
   -0.00093487109    1.3887692e-06    -0.0028929978     0.0019929737     -0.014783683    0.00024971217    9.1093825e-31   -1.6021766e-19    -9.156439e-20    5.8186257e-19             3418                1
     0.0014093404    8.5048028e-05        0.0115779    0.00056138099      0.010417257     0.0023247923    9.1093825e-31   -1.6021766e-19    -9.156439e-20    5.8186257e-19             3365                1
     0.0017414677    1.8762336e-06    -0.0029978002   -8.8762616e-05     0.0062542269   -0.00027250161    9.1093825e-31   -1.6021766e-19    -9.156439e-20    5.8186257e-19             3602                1
      0.001108699    8.1376558e-05     0.0058714566   -0.00019719555    -0.0028273743      0.010887347    9.1093825e-31   -1.6021766e-19    -9.156439e-20    5.8186257e-19             3429                1
    -0.0068229763    9.6071264e-05    0.00081720762    0.00020477618    0.00036762428   -8.8711968e-05    9.1093825e-31   -1.6021766e-19    -9.156439e-20    5.8186257e-19              664                0
    -0.0028979413    1.9816549e-05    -0.0056384387     0.0011372656     -0.010687505    -0.0028231989    9.1093825e-31   -1.6021766e-19    -9.156439e-20    5.8186257e-19             3389                1
     0.0033845429    6.5941989e-05     0.0046209749   -0.00018122717     0.0018651714    -0.0018770713    9.1093825e-31   -1.6021766e-19    -9.156439e-20    5.8186257e-19              704                0
   -0.00092026865    4.1672476e-05    -0.0027195953   -0.00098202983     -0.011107509    0.00076203357    9.1093825e-31   -1.6021766e-19    -9.156439e-20    5.8186257e-19             3448                1
    -0.0065491758    9.9536323e-05     0.0095115118     0.0010167318     0.0021293093     0.0016282472    9.1093825e-31   -1.6021766e-19    -9.156439e-20    5.8186257e-19              871                0
     0.0024080568    1.9769959e-05    -0.0092864623   -0.00049093191     0.0014429669    0.00053007109    9.1093825e-31   -1.6021766e-19    -9.156439e-20    5.8186257e-19             3435                1
    -0.0066117416    6.8193265e-05     -0.010861076    0.00096255529    -0.0016694418    0.00099992857    9.1093825e-31   -1.6021766e-19    -9.156439e-20    5.8186257e-19              125                0
    -0.0050353478    8.1819773e-05      0.013399316    0.00092899386     0.0024381599    0.00043568554    9.1093825e-31   -1.6021766e-19    -9.156439e-20    5.8186257e-19              804                0
   -0.00055380841     1.129749e-05    -0.0081894519     0.0062895883     0.0074773519    -0.0038512568    9.1093825e-31   -1.6021766e-19    -9.156439e-20    5.8186257e-19             3567                1
     0.0011284829    5.9905211e-05      0.013768254     3.837479e-05     0.0089021437   -0.00013451188    9.1093825e-31   -1.6021766e-19    -9.156439e-20    5.8186257e-19             3380                1
     0.0015226653    6.5856082e-05     0.0024579498   -0.00044419745    -0.0076165465    0.00034546736    9.1093825e-31   -1.6021766e-19    -9.156439e-20    5.8186257e-19             3463                1
    -0.0001940158    5.9163936e-05      0.013820448     0.0024181616      -0.00637889   -0.00021124254    9.1093825e-31   -1.6021766e-19    -9.156439e-20    5.8186257e-19             3469                1
     0.0031881894    5.3001258e-05      0.014001566     0.0054723686     0.0080057289    -0.0024712647    9.1093825e-31   -1.6021766e-19    -9.156439e-20    5.8186257e-19             3388                1
     0.0012547093    7.1499555e-05      0.011483393    0.00019898907     0.0030927809     0.0015569294    9.1093825e-31   -1.6021766e-19    -9.156439e-20    5.8186257e-19             2668                1
    -0.0030902387     1.977172e-05    -0.0018977686   -7.2533781e-05    -0.0094991177     0.0020401592    9.1093825e-31   -1.6021766e-19    -9.156439e-20    5.8186257e-19             3349                1
    0.00054262107    7.3524032e-05     -0.011854286    4.1266758e-05     -0.002727472    0.00023194106    9.1093825e-31   -1.6021766e-19    -9.156439e-20    5.8186257e-19              958                0
     0.0010414302    1.4915955e-05    -0.0095790271     0.0033679558      0.004230516    -0.0012575728    9.1093825e-31   -1.6021766e-19    -9.156439e-20    5.8186257e-19             3520                1
     -0.006763292    8.2033002e-05       0.01228404    0.00031290451     0.0016856862    0.00066921825    9.1093825e-31   -1.6021766e-19    -9.156439e-20    5.8186257e-19              988                0
     0.0016598274    8.2084684e-05      0.012116649    0.00030452074       0.01009429     0.0020569931    9.1093825e-31   -1.6021766e-19    -9.156439e-20    5.8186257e-19             3350                1
   -4.9249429e-05     8.271182e-05     0.0042608688     0.0002778538    -0.0029442399   -0.00020302198    9.1093825e-31   -1.6021766e-19    -9.156439e-20    5.8186257e-19             3412                1
   -0.00069765275    1.9577483e-05    -0.0081098992    -0.0066060699    -0.0091628265     0.0028301573    9.1093825e-31   -1.6021766e-19    -9.156439e-20    5.8186257e-19             3258                1
      0.003379164    9.4899449e-05        0.0126766   -0.00027392744     -0.003226897    -0.0015959988    9.1093825e-31   -1.6021766e-19    -9.156439e-20    5.8186257e-19             3564                1
     0.0017409684    2.1305841e-06    -0.0029973348    -0.0017698013     0.0071107531      0.001295078    9.1093825e-31   -1.6021766e-19    -9.156439e-20    5.8186257e-19             3603                1
    -0.0011708565    2.5464598e-05     -0.012555903    -0.0031048574     0.0095591787   -0.00072811445    9.1093825e-31   -1.6021766e-19    -9.156439e-20    5.8186257e-19             3533                1
    0.00085868029    9.6827949e-05     0.0026491017     0.0038492279    -0.0022238705     -0.004785358    9.1093825e-31   -1.6021766e-19    -9.156439e-20    5.8186257e-19             3552                1
   -0.00010242352    8.7953114e-05      0.013793202     0.0048294063    -0.0019281731     0.0039352076    9.1093825e-31   -1.6021766e-19    -9.156439e-20    5.8186257e-19             3502                1
     -0.001538852    4.3795762e-06     -0.012397565     0.0016969376    -0.0082949298     0.0051990664    9.1093825e-31   -1.6021766e-19    -9.156439e-20    5.8186257e-19             3242                1
    -0.0024807882    2.8826165e-05     0.0061619654     0.0012919856         0.002172    0.00040561112    9.1093825e-31   -1.6021766e-19    -9.156439e-20    5.8186257e-19              485                0
    2.8480624e-06    8.6989385e-05     0.0035804175    -0.0053267106    -0.0052693253    -0.0052680313    9.1093825e-31   -1.6021766e-19    -9.156439e-20    5.8186257e-19             3529                1
     0.0048122322    9.6089971e-05     0.0072261412    -0.0055373693     0.0078167776     0.0030694674    9.1093825e-31   -1.6021766e-19    -9.156439e-20    5.8186257e-19             3260                1
   -0.00096407725    3.9920509e-05     0.0060262764    -0.0051445486    -0.0082839243    0.00090093567    9.1093825e-31   -1.6021766e-19    -9.156439e-20    5.8186257e-19             3434                1
     0.0013999536    1.9111756e-06    -0.0086020939   -0.00046570488     0.0048159058    5.2971205e-05    9.1093825e-31   -1.6021766e-19    -9.156439e-20    5.8186257e-19             3599                1
   -7.2045972e-05     6.181372e-05     0.0043061553    0.00068303116    -0.0056762365    9.0641523e-05    9.1093825e-31   -1.6021766e-19    -9.156439e-20    5.8186257e-19             3419                1
    -0.0016164893    3.9229602e-05     -0.011195781    -0.0035290064    -0.0063787233    0.00082594721    9.1093825e-31   -1.6021766e-19    -9.156439e-20    5.8186257e-19             3137                1
     0.0014654583    8.7696004e-05      0.011377134    0.00020932186      -0.00715006    -0.0001117806    9.1093825e-31   -1.6021766e-19    -9.156439e-20    5.8186257e-19             3561                1
   -0.00026420428    3.4197292e-05    -0.0028400635     0.0059302952     -0.010741142    0.00054833526    9.1093825e-31   -1.6021766e-19    -9.156439e-20    5.8186257e-19             3417                1
    -0.0015947093    2.1569635e-05     -0.012437485    9.2848277e-05     0.0027188561   -0.00098502764    9.1093825e-31   -1.6021766e-19    -9.156439e-20    5.8186257e-19             3431                1
   -0.00015086486    7.7511679e-05       0.01377133    -0.0021851531      0.011182515     -0.003296203    9.1093825e-31   -1.6021766e-19    -9.156439e-20    5.8186257e-19             3406                1
    -0.0005762775    4.3552733e-05    -0.0081302449    0.00013723021    -0.0078059286     0.0010531979    9.1093825e-31   -1.6021766e-19    -9.156439e-20    5.8186257e-19             3313                1
     0.0017317624    5.2146104e-05     0.0068118167    0.00022614076     0.0059578414    0.00061387429    9.1093825e-31   -1.6021766e-19    -9.156439e-20    5.8186257e-19             3409                1
     -0.002937489     3.429137e-05     -0.014556298   -3.8493676e-05    -0.0020257651    -0.0013800912    9.1093825e-31   -1.6021766e-19    -9.156439e-20    5.8186257e-19              422                0
    -0.0020983231    7.2462564e-05     0.0062934342     0.0029909301    -0.0048619402     0.0011026926    9.1093825e-31   -1.6021766e-19    -9.156439e-20    5.8186257e-19             3455                1
     0.0014658682    7.2558614e-05      0.011370704     0.0035140242    -0.0045127482    0.00054642954    9.1093825e-31   -1.6021766e-19    -9.156439e-20    5.8186257e-19             3475                1
    -0.0010667094    4.2589294e-05     0.0060596736    0.00056122156     0.0043384363    -0.0025759107    9.1093825e-31   -1.6021766e-19    -9.156439e-20    5.8186257e-19             3396                1
    -0.0044548633    8.5397376e-05      0.010406653    -0.0029044191     0.0028687764     0.0010101208    9.1093825e-31   -1.6021766e-19    -9.156439e-20    5.8186257e-19              687                0
   -0.00096955011    8.5197578e-05     0.0059225489     0.0030878794    -0.0028011708    0.00047111325    9.1093825e-31   -1.6021766e-19    -9.156439e-20    5.8186257e-19             3452                1
    -0.0029684466    2.4884079e-05     -0.010335878     0.0015964231     0.0078304969   -0.00058245676    9.1093825e-31   -1.6021766e-19    -9.156439e-20    5.8186257e-19             3525                1
      0.002999973    5.5284112e-05      0.014307595    0.00027315356      0.010266667    -0.0009716358    9.1093825e-31   -1.6021766e-19    -9.156439e-20    5.8186257e-19             3453                1
     0.0053723464    5.1062179e-05     0.0032601764    0.00025273414    0.00069920474    -0.0007053123    9.1093825e-31   -1.6021766e-19    -9.156439e-20    5.8186257e-19              581                0
    -0.0015608686    1.4835753e-05     -0.011289203    0.00014246885    -0.0097371852    0.00075363275    9.1093825e-31   -1.6021766e-19    -9.156439e-20    5.8186257e-19             3400                1
    -0.0015239707    5.5467835e-06     -0.008323662    -0.0017251127     0.0036196755    0.00021975346    9.1093825e-31   -1.6021766e-19    -9.156439e-20    5.8186257e-19             3565                1
     0.0013880928    8.7885142e-05     0.0015758012   -8.5776883e-05    0.00063326274    -0.0016366257    9.1093825e-31   -1.6021766e-19    -9.156439e-20    5.8186257e-19              641                0
    0.00013826873    1.2744609e-06    -0.0011493943     0.0036535177    -0.0085233385    -0.0030131945    9.1093825e-31   -1.6021766e-19    -9.156439e-20    5.8186257e-19             3226                1
    -0.0028337508    6.3365362e-05    -0.0056779133    -0.0022495897    -0.0073121344     0.0016528824    9.1093825e-31   -1.6021766e-19    -9.156439e-20    5.8186257e-19             3447                1
    -0.0031950497    1.3286472e-05     -0.010269274    0.00060542545     0.0089928992     -0.001888099    9.1093825e-31   -1.6021766e-19    -9.156439e-20    5.8186257e-19             3569                1
     0.0011820589    1.5412215e-05    -0.0065216194   -0.00066797802      0.010116016     0.0022581397    9.1093825e-31   -1.6021766e-19    -9.156439e-20    5.8186257e-19             3568                1
     0.0025137123    1.4445349e-05    -0.0076997206     0.0014175414      0.004821199     0.0033497049    9.1093825e-31   -1.6021766e-19    -9.156439e-20    5.8186257e-19             3534                1
     0.0014310891    9.2208662e-05      0.011571877     0.0050462917      0.010619191     0.0043493235    9.1093825e-31   -1.6021766e-19    -9.156439e-20    5.8186257e-19             3336                1
    -0.0013791429    4.0750481e-05    -0.0084802005    -0.0013929859    -0.0075840731     0.0017457046    9.1093825e-31   -1.6021766e-19    -9.156439e-20    5.8186257e-19             3224                1
    0.00025854949    1.3248002e-06     -0.008789381   -0.00046057429     0.0044565815    0.00025020086    9.1093825e-31   -1.6021766e-19    -9.156439e-20    5.8186257e-19             3604                1
     0.0094148796    4.9368464e-05     -0.004127264    0.00047454229   -0.00050783792     0.0016114771    9.1093825e-31   -1.6021766e-19    -9.156439e-20    5.8186257e-19              821                0
   -0.00089277967    9.0085305e-05     0.0061266162    -0.0014799703    -0.0062335171   -0.00091763044    9.1093825e-31   -1.6021766e-19    -9.156439e-20    5.8186257e-19             3557                1
    -0.0014041296    9.1392263e-05      0.011100786    0.00080689887    -0.0037458362     0.0035498526    9.1093825e-31   -1.6021766e-19    -9.156439e-20    5.8186257e-19             3546                1
     0.0014574612    1.8252294e-05    -0.0089026131     0.0080025215    -0.0092732925     0.0039774603    9.1093825e-31   -1.6021766e-19    -9.156439e-20    5.8186257e-19             3302                1
   -0.00076168816    4.7808047e-05    -0.0058708033    -0.0033211741    -0.0077152112     0.0014163107    9.1093825e-31   -1.6021766e-19    -9.156439e-20    5.8186257e-19             3280                1
     0.0026908107    7.8625024e-05      0.012218724    0.00022046627    -0.0029550898   -0.00052404363    9.1093825e-31   -1.6021766e-19    -9.156439e-20    5.8186257e-19             3467                1
    -0.0051849177    3.4276516e-05      -0.01082979    -0.0031057058    -0.0036224567     0.0004475344    9.1093825e-31   -1.6021766e-19    -9.156439e-20    5.8186257e-19             2846                1
   -0.00067592744    2.9912117e-05    -0.0078629358    -0.0037932626    -0.0093254233    -0.0054749255    9.1093825e-31   -1.6021766e-19    -9.156439e-20    5.8186257e-19             3374                1
    -0.0018658225    5.9155209e-05     0.0018522656   -0.00045925099     -0.010575877    -0.0015883123    9.1093825e-31   -1.6021766e-19    -9.156439e-20    5.8186257e-19             3488                1
       0.00232124    8.4996709e-06    -0.0091284262     0.0031153027    -0.0097499834    0.00035853349    9.1093825e-31   -1.6021766e-19    -9.156439e-20    5.8186257e-19             3304                1
   -0.00094275753    8.5499159e-05     0.0060623582     0.0042234152    -0.0068116286   -0.00094313029    9.1093825e-31   -1.6021766e-19    -9.156439e-20    5.8186257e-19             3544                1
     -0.003363573    1.8288018e-05    -0.0098919868     0.0022409661     0.0031505537    -0.0010099545    9.1093825e-31   -1.6021766e-19    -9.156439e-20    5.8186257e-19             3470                1
    -0.0010090807     6.609469e-05     0.0059230048    -0.0028710444    -0.0056822984    0.00054093829    9.1093825e-31   -1.6021766e-19    -9.156439e-20    5.8186257e-19             3451                1
    0.00028359686    1.0684576e-05    -0.0088190204   -0.00056841294     0.0022106539    -0.0046980157    9.1093825e-31   -1.6021766e-19    -9.156439e-20    5.8186257e-19             3503                1
     0.0040204632     4.553438e-05     0.0010198936     -0.001530422   -0.00020413136    -0.0015106222    9.1093825e-31   -1.6021766e-19    -9.156439e-20    5.8186257e-19              118                0
     0.0014756093    1.1229629e-05    -0.0088819033   -0.00032403559     0.0052694557    -0.0014124957    9.1093825e-31   -1.6021766e-19    -9.156439e-20    5.8186257e-19             3550                1
    -0.0094011938    4.2275853e-05    -0.0036123856    0.00051678304   -6.0659604e-05    0.00042811697    9.1093825e-31   -1.6021766e-19    -9.156439e-20    5.8186257e-19              158                0
     0.0048170243    2.7946231e-05    -0.0035870417      0.001953335     -0.003506229   -0.00022407652    9.1093825e-31   -1.6021766e-19    -9.156439e-20    5.8186257e-19             2664                1
     0.0043650828    7.9372057e-06     -0.014713285     0.0011042297    -0.0065979664     0.0027334627    9.1093825e-31   -1.6021766e-19    -9.156439e-20    5.8186257e-19             3265                1
    -0.0032094626    8.9836234e-05     0.0065224431     0.0021152834    -0.0016597998     0.0045995731    9.1093825e-31   -1.6021766e-19    -9.156439e-20    5.8186257e-19             3441                1
     0.0032123521    6.9676164e-05       0.01409032    0.00016602546      0.009064829     0.0017854172    9.1093825e-31   -1.6021766e-19    -9.156439e-20    5.8186257e-19             3356                1
      0.006852637    7.1487018e-05      -0.01350763   -0.00044838656    -0.0007930884    0.00094188872    9.1093825e-31   -1.6021766e-19    -9.156439e-20    5.8186257e-19              213                0
    -0.0018402197    7.3959389e-05     0.0018786957     0.0034739699    -0.0052621053    0.00087840442    9.1093825e-31   -1.6021766e-19    -9.156439e-20    5.8186257e-19             3430                1
   -0.00097871094    7.3080933e-05     0.0059342566     0.0019849367    -0.0036776727     0.0026995051    9.1093825e-31   -1.6021766e-19    -9.156439e-20    5.8186257e-19             3423                1
    0.00018245308    5.7473139e-06    -0.0010433708    8.7413136e-05    -0.0043113348    0.00023710265    9.1093825e-31   -1.6021766e-19    -9.156439e-20    5.8186257e-19             3023                1
    0.00024931922    6.3019586e-05      0.012346718    -0.0028484636    -0.0030379833    0.00047831988    9.1093825e-31   -1.6021766e-19    -9.156439e-20    5.8186257e-19             3437                1
    -0.0035102842    1.5439648e-05      -0.00996406     0.0064193732    -0.0089356285     0.0031380018    9.1093825e-31   -1.6021766e-19    -9.156439e-20    5.8186257e-19             3339                1
     0.0017947645    8.3284998e-05     0.0074327784    -0.0012965101     0.0085379416    0.00051697803    9.1093825e-31   -1.6021766e-19    -9.156439e-20    5.8186257e-19             3375                1
    -0.0014812908    1.5866661e-05    -0.0080270926     6.550471e-06     -0.010268555    0.00033117837    9.1093825e-31   -1.6021766e-19    -9.156439e-20    5.8186257e-19             3360                1
     0.0015406846    8.5192456e-05     0.0024783474     0.0037067779    -0.0044306112     0.0022195678    9.1093825e-31   -1.6021766e-19    -9.156439e-20    5.8186257e-19             3479                1
   -0.00062941021    4.3388573e-05    -0.0083533609    -0.0013988997    -0.0076081748     0.0010577734    9.1093825e-31   -1.6021766e-19    -9.156439e-20    5.8186257e-19             3250                1
    -0.0022395279    7.6699565e-05     0.0027971312    -0.0011970105     -0.008987423     0.0007856533    9.1093825e-31   -1.6021766e-19    -9.156439e-20    5.8186257e-19             3531                1
    -0.0014817421    4.5902134e-06    -0.0085044028     0.0028905796     0.0092562474     0.0020207874    9.1093825e-31   -1.6021766e-19    -9.156439e-20    5.8186257e-19             3598                1
   -0.00085166201    2.1788866e-05    -0.0083482452      0.001864396    -0.0094623035     0.0010613053    9.1093825e-31   -1.6021766e-19    -9.156439e-20    5.8186257e-19             3334                1
    3.9591636e-05    6.3467065e-05    -0.0059250034     0.0007963251     -0.007534252   -0.00060988567    9.1093825e-31   -1.6021766e-19    -9.156439e-20    5.8186257e-19             3449                1
    -0.0028985576      2.78551e-05     -0.010541682    -0.0064270785      0.004935218    -0.0058343583    9.1093825e-31   -1.6021766e-19    -9.156439e-20    5.8186257e-19             3464                1
     0.0032448955    8.4766391e-05     0.0079109613   -0.00070697139     0.0028714973   -0.00054050353    9.1093825e-31   -1.6021766e-19    -9.156439e-20    5.8186257e-19              903                0
    -0.0084412079    5.3204913e-05       0.01019843    0.00098675734    0.00082946703    0.00071653002    9.1093825e-31   -1.6021766e-19    -9.156439e-20    5.8186257e-19              578                0
     0.0010475339    3.0345158e-05    -0.0096171694    -0.0010428673    -0.0081149824   -0.00039684688    9.1093825e-31   -1.6021766e-19    -9.156439e-20    5.8186257e-19             3271                1
     0.0083441371    3.6960344e-05     0.0096143596     0.0017442083    0.00072969543    0.00014766716    9.1093825e-31   -1.6021766e-19    -9.156439e-20    5.8186257e-19              618                0
     0.0014884516           0.0001      0.011367139    0.00054589869      0.011733762   -7.1212417e-05    9.1093825e-31   -1.6021766e-19    -9.156439e-20    5.8186257e-19             3366                1
      0.001721744     8.743219e-06    -0.0030129894     0.0009471692      0.010813718   -0.00061072019    9.1093825e-31   -1.6021766e-19    -9.156439e-20    5.8186257e-19             3594                1
    -0.0012907335    7.1097573e-05     0.0055543776    -0.0032787106    -0.0097531844   -0.00059847528    9.1093825e-31   -1.6021766e-19    -9.156439e-20    5.8186257e-19             3526                1
      0.001779433    4.3791159e-05    -0.0020246063      0.001706291     -0.011344892     0.0029021609    9.1093825e-31   -1.6021766e-19    -9.156439e-20    5.8186257e-19             3459                1
     -0.001564418    1.9495037e-05    -0.0084628742    -0.0048270016     0.0034700334     0.0051476541    9.1093825e-31   -1.6021766e-19    -9.156439e-20    5.8186257e-19             3484                1
    -0.0018822745    7.2305163e-05     0.0018835725   -7.4685144e-05    -0.0077349124    6.9723821e-05    9.1093825e-31   -1.6021766e-19    -9.156439e-20    5.8186257e-19             3493                1
     0.0010568331    8.9591616e-05      0.013590781     0.0022041427      0.011195991     0.0011087044    9.1093825e-31   -1.6021766e-19    -9.156439e-20    5.8186257e-19             3358                1
   -1.9907218e-05    5.9841761e-05     0.0034225062     0.0016240757    -0.0065557887    -0.0003324037    9.1093825e-31   -1.6021766e-19    -9.156439e-20    5.8186257e-19             3427                1
      0.004116015    3.8884273e-06     -0.011633038     0.0037449067     0.0022235375     0.0027756623    9.1093825e-31   -1.6021766e-19    -9.156439e-20    5.8186257e-19             3555                1
    -0.0012692243    8.3615429e-05     0.0061765732    0.00016596616    -0.0042639258    0.00029658808    9.1093825e-31   -1.6021766e-19    -9.156439e-20    5.8186257e-19             3489                1
    -0.0067014238    3.0165018e-05     0.0051388023   -0.00047436761    0.00088582549     0.0010690205    9.1093825e-31   -1.6021766e-19    -9.156439e-20    5.8186257e-19              573                0
      -0.00367139    8.0473481e-05       0.01156543     0.0028314819    -0.0038260042    -0.0050893035    9.1093825e-31   -1.6021766e-19    -9.156439e-20    5.8186257e-19             3494                1
   -0.00033288621    3.6581289e-06    -0.0083078621     0.0036495889     0.0027452561    -0.0081367381    9.1093825e-31   -1.6021766e-19    -9.156439e-20    5.8186257e-19             3571                1
    -0.0016587786    9.4125913e-05      0.010599907     0.0025349457    -0.0019887174     0.0057145101    9.1093825e-31   -1.6021766e-19    -9.156439e-20    5.8186257e-19             3540                1
     0.0017911417    8.1576545e-05     0.0073036267    0.00072050246    -0.0069530979    -0.0041374015    9.1093825e-31   -1.6021766e-19    -9.156439e-20    5.8186257e-19             3535                1
    -0.0013919706    8.0358273e-05      0.011141381   -0.00090256066      0.009344887     0.0044697025    9.1093825e-31   -1.6021766e-19    -9.156439e-20    5.8186257e-19             3299                1
   -0.00041136108    7.0267783e-06    -0.0082781417     0.0035831099     -0.010233989    -0.0028301587    9.1093825e-31   -1.6021766e-19    -9.156439e-20    5.8186257e-19             3288                1
      0.003453414     9.170964e-05       0.01269208     0.0097618345    -0.0057944874     0.0016531473    9.1093825e-31   -1.6021766e-19    -9.156439e-20    5.8186257e-19             3570                1
    -0.0063628806    2.9489796e-05     0.0052279448   -0.00085921295     0.0010199897    -0.0027880457    9.1093825e-31   -1.6021766e-19    -9.156439e-20    5.8186257e-19              985                0
     -0.004247555    1.9191371e-05     -0.012013443    0.00014688328    -0.0065486678     0.0096706199    9.1093825e-31   -1.6021766e-19    -9.156439e-20    5.8186257e-19             3164                1
     0.0076072635    7.2427145e-05     0.0007503482   -0.00053896999    -4.891619e-05     0.0012065459    9.1093825e-31   -1.6021766e-19    -9.156439e-20    5.8186257e-19              614                0
   -0.00098944781    8.6982567e-05     0.0059615336     0.0019059975     -0.003277469    -0.0032674735    9.1093825e-31   -1.6021766e-19    -9.156439e-20    5.8186257e-19             3480                1
     0.0018599422     9.425907e-05      0.010416743     0.0022094606     0.0095855314    -0.0034731808    9.1093825e-31   -1.6021766e-19    -9.156439e-20    5.8186257e-19             3249                1
    8.7763925e-05    2.0121202e-05     -0.013328046   -7.8014033e-05    -0.0028868788     0.0002944475    9.1093825e-31   -1.6021766e-19    -9.156439e-20    5.8186257e-19               79                0
    -0.0010740216    9.8683049e-05    -0.0059794462    -0.0026386443    0.00049045304    -0.0041632601    9.1093825e-31   -1.6021766e-19    -9.156439e-20    5.8186257e-19             2982                1
     0.0016863398    9.4767594e-05     0.0074326308    -0.0013692857    -0.0042430623    0.00079352758    9.1093825e-31   -1.6021766e-19    -9.156439e-20    5.8186257e-19             3572                1
     0.0081659025    8.3332969e-05     -0.013320626   -0.00013770965    0.00038925212    0.00082559971    9.1093825e-31   -1.6021766e-19    -9.156439e-20    5.8186257e-19             1982                1
    -0.0011509417    9.9011915e-05     0.0054824962    -0.0018448314    -0.0009789865   -8.3031868e-05    9.1093825e-31   -1.6021766e-19    -9.156439e-20    5.8186257e-19             3558                1
    -0.0025398885    4.8015478e-05     0.0007284091    -0.0048698829    -0.0095336959    0.00014994958    9.1093825e-31   -1.6021766e-19    -9.156439e-20    5.8186257e-19             3445                1
    -0.0036775782    9.3334376e-05      0.011600354     0.0014090702   -0.00087359332     0.0029297839    9.1093825e-31   -1.6021766e-19    -9.156439e-20    5.8186257e-19             3495                1
    -0.0013568659    2.0949637e-05    -0.0085620815   -9.2374474e-05     0.0039195591     0.0009507736    9.1093825e-31   -1.6021766e-19    -9.156439e-20    5.8186257e-19             3486                1
     0.0020170312    1.3787808e-06      -0.01235303   -0.00018940648     0.0069826483    0.00051065109    9.1093825e-31   -1.6021766e-19    -9.156439e-20    5.8186257e-19             3606                1
     0.0012353954    7.2107873e-06    -0.0092648752    -0.0016535989     -0.010050964    0.00085133914    9.1093825e-31   -1.6021766e-19    -9.156439e-20    5.8186257e-19             3314                1
     0.0011398363    1.6051521e-18    -0.0064721806    0.00095254352     -0.010988541   -0.00012147589    9.1093825e-31   -1.6021766e-19    -9.156439e-20    5.8186257e-19             3290                1
   -0.00093026314    1.8791441e-06    -0.0058446247    -0.0015765119     0.0046855956    0.00041055973    9.1093825e-31   -1.6021766e-19    -9.156439e-20    5.8186257e-19             3600                1
     0.0019758898    1.7947466e-05      -0.01269052     0.0031062362     0.0031515844     0.0013776486    9.1093825e-31   -1.6021766e-19    -9.156439e-20    5.8186257e-19             3456                1
    -0.0008511307    1.7936922e-05     -0.008413244    0.00099619618     0.0093736164    0.00021536158    9.1093825e-31   -1.6021766e-19    -9.156439e-20    5.8186257e-19             3556                1
    0.00040798396    5.5094086e-05    0.00020680799     0.0012846843    -0.0087077394    0.00045192771    9.1093825e-31   -1.6021766e-19    -9.156439e-20    5.8186257e-19             3443                1
   -0.00085593254    1.3761305e-06    -0.0083074141     0.0058879396     0.0046234597    -0.0046145585    9.1093825e-31   -1.6021766e-19    -9.156439e-20    5.8186257e-19             3605                1
    0.00042467739    5.8273257e-05    0.00020199952    -0.0010320444    -0.0056172214    0.00089348352    9.1093825e-31   -1.6021766e-19    -9.156439e-20    5.8186257e-19             3324                1
    -0.0016995806    1.4238541e-05     -0.011098535     0.0022597578     0.0085896831    -0.0029708249    9.1093825e-31   -1.6021766e-19    -9.156439e-20    5.8186257e-19             3559                1
    -0.0030580072    8.1372258e-05    -0.0017861961     0.0060635731    -0.0050749341    0.00048879167    9.1093825e-31   -1.6021766e-19    -9.156439e-20    5.8186257e-19             3461                1
    -0.0035841244     9.344727e-05    -0.0099273473    -0.0018510564    0.00051374681     0.0005248416    9.1093825e-31   -1.6021766e-19    -9.156439e-20    5.8186257e-19             2969                1
    3.1777341e-05    8.7916687e-06    -0.0058765546    -0.0020100977     0.0065630181    0.00030271724    9.1093825e-31   -1.6021766e-19    -9.156439e-20    5.8186257e-19             3573                1
    -0.0012419008    5.1658979e-05     0.0066311737    -9.977314e-05     -0.005122887    0.00092904916    9.1093825e-31   -1.6021766e-19    -9.156439e-20    5.8186257e-19             3411                1
    -0.0025012756    9.6300726e-05    -0.0018403471     0.0043861708     0.0029506611     0.0044530421    9.1093825e-31   -1.6021766e-19    -9.156439e-20    5.8186257e-19             3233                1
      0.001406205    2.2378807e-05    -0.0033626226     0.0033150713     -0.010096192    -0.0013398139    9.1093825e-31   -1.6021766e-19    -9.156439e-20    5.8186257e-19             3357                1
     0.0019708441      1.35873e-05      -0.01263189     0.0047262525    -0.0076225773    0.00088905112    9.1093825e-31   -1.6021766e-19    -9.156439e-20    5.8186257e-19             3262                1
    -0.0012756053    3.3256307e-05     -0.014154105    0.00016575384     0.0080958959   -0.00068345462    9.1093825e-31   -1.6021766e-19    -9.156439e-20    5.8186257e-19             3487                1
    -0.0028837202    1.0216972e-05    -0.0057749161    0.00024731483    -0.0087424181   -0.00052961824    9.1093825e-31   -1.6021766e-19    -9.156439e-20    5.8186257e-19             3200                1
   -0.00041399771     2.746499e-05    0.00027977544    0.00058745954    -0.0092101181    -0.0006414596    9.1093825e-31   -1.6021766e-19    -9.156439e-20    5.8186257e-19             3382                1
     0.0015785109    7.8490404e-05      0.002484486     0.0015634573    -0.0079956986     0.0010001319    9.1093825e-31   -1.6021766e-19    -9.156439e-20    5.8186257e-19             3528                1
   -0.00065698277    1.4956443e-05    -0.0079923887    -0.0040384736    -0.0094666444      0.010250498    9.1093825e-31   -1.6021766e-19    -9.156439e-20    5.8186257e-19             3259                1
     0.0029871541    3.9899078e-05    -0.0044782371    5.1840216e-06    -0.0085123684    -0.0055860537    9.1093825e-31   -1.6021766e-19    -9.156439e-20    5.8186257e-19             3367                1
     0.0013314305    1.9367131e-05     -0.013124694     0.0099436333      0.004207659    -0.0034852182    9.1093825e-31   -1.6021766e-19    -9.156439e-20    5.8186257e-19             3468                1
    -0.0037349563    6.3134411e-07      0.011687978     0.0064706621   -0.00079837663     0.0024757707    9.1093825e-31   -1.6021766e-19    -9.156439e-20    5.8186257e-19             3003                1
    0.00030116161    1.4626511e-06    0.00012412436     0.0025392228     -0.012123639     -0.004282705    9.1093825e-31   -1.6021766e-19    -9.156439e-20    5.8186257e-19             3391                1
    -0.0016017798    4.1920983e-05     -0.012371716     0.0017232104     0.0089555187   -0.00089985481    9.1093825e-31   -1.6021766e-19    -9.156439e-20    5.8186257e-19             3481                1
     0.0012247161    9.6135671e-05      0.011353127     0.0008425276    -0.0064714062   -0.00010281948    9.1093825e-31   -1.6021766e-19    -9.156439e-20    5.8186257e-19             3596                1
     0.0016930611    3.0861806e-06     -0.012926796     0.0047276551     0.0012381194     0.0028661853    9.1093825e-31   -1.6021766e-19    -9.156439e-20    5.8186257e-19             3501                1
    -0.0036793773    3.0888186e-05     -0.014360375    0.00024767654     0.0090694558    -0.0022247417    9.1093825e-31   -1.6021766e-19    -9.156439e-20    5.8186257e-19             3519                1
    0.00083178695    8.0744641e-05     0.0060031153    -0.0031008299    -0.0054816739    -0.0081964284    9.1093825e-31   -1.6021766e-19    -9.156439e-20    5.8186257e-19             3504                1
   -0.00093800377    9.9003424e-05     0.0058625937    0.00052821822    -0.0010602006    -0.0022117358    9.1093825e-31   -1.6021766e-19    -9.156439e-20    5.8186257e-19             3574                1
     -0.001600072    4.6392262e-05     -0.012450207    -0.0033351365      0.010773705     0.0035455411    9.1093825e-31   -1.6021766e-19    -9.156439e-20    5.8186257e-19             3490                1
    -0.0037020394    9.1360016e-05      0.011538633    -0.0018455852     0.0096920813    -0.0041859024    9.1093825e-31   -1.6021766e-19    -9.156439e-20    5.8186257e-19             3307                1
     0.0011890613    7.9309226e-05      0.011508328     0.0002209238    -0.0047274176     0.0013519784    9.1093825e-31   -1.6021766e-19    -9.156439e-20    5.8186257e-19             3509                1
    -0.0039150538    9.0182832e-05      0.011627983   -0.00011236764    -0.0047651054     -0.000186529    9.1093825e-31   -1.6021766e-19    -9.156439e-20    5.8186257e-19             3554                1
     0.0015888256    2.7849514e-05    -0.0051492569     0.0015944031    -0.0099055944    0.00010772091    9.1093825e-31   -1.6021766e-19    -9.156439e-20    5.8186257e-19             3371                1
    -0.0028243244    8.5497877e-06    -0.0067924773     0.0030589532     0.0051560644    -0.0035074404    9.1093825e-31   -1.6021766e-19    -9.156439e-20    5.8186257e-19             3562                1
     0.0011537902    7.3888528e-05     0.0058547659    -0.0012618166    -0.0058474443   -0.00074519019    9.1093825e-31   -1.6021766e-19    -9.156439e-20    5.8186257e-19             3471                1
   -0.00058932509    1.1605778e-05    -0.0082390327    -0.0056049731     0.0014681517     0.0079480354    9.1093825e-31   -1.6021766e-19    -9.156439e-20    5.8186257e-19             3476                1
    -0.0010631707    9.2441733e-05     0.0061169476    -0.0039750524    -0.0050956742     0.0035506501    9.1093825e-31   -1.6021766e-19    -9.156439e-20    5.8186257e-19             3563                1
    0.00029583092    2.5972956e-06    0.00019967282   -0.00062869804     0.0017522842    -0.0014265398    9.1093825e-31   -1.6021766e-19    -9.156439e-20    5.8186257e-19             3575                1
    0.00083038362    9.8125056e-05     0.0097290538    -0.0014743138    -0.0015945646    0.00052309997    9.1093825e-31   -1.6021766e-19    -9.156439e-20    5.8186257e-19             3576                1
     0.0016327588    9.7109558e-05      0.010374659   -0.00055976963    -0.0024053634    -0.0017796059    9.1093825e-31   -1.6021766e-19    -9.156439e-20    5.8186257e-19             3577                1
     0.0016358468    9.1484166e-05      0.010374822     0.0020393475    -0.0071409526    -0.0016427175    9.1093825e-31   -1.6021766e-19    -9.156439e-20    5.8186257e-19             3578                1
    -0.0039469958    9.5131152e-05      0.011617399    -2.615041e-05    -0.0040069367    -0.0042795055    9.1093825e-31   -1.6021766e-19    -9.156439e-20    5.8186257e-19             3579                1
     0.0011182723    9.7197175e-05      0.013628309    -0.0021932656    -0.0021204182   -0.00092235999    9.1093825e-31   -1.6021766e-19    -9.156439e-20    5.8186257e-19             3580                1
     0.0011220027    9.2501505e-05     0.0076957932     0.0013800603    -0.0077043576      0.001510638    9.1093825e-31   -1.6021766e-19    -9.156439e-20    5.8186257e-19             3587                1
    -0.0014756811    5.1715892e-07    -0.0065888842     -0.002012888     0.0052239243    -0.0023875758    9.1093825e-31   -1.6021766e-19    -9.156439e-20    5.8186257e-19             3607                1
    -0.0025273473    5.0003138e-07    -0.0020861104    -0.0031687086      0.005050913    0.00058913854    9.1093825e-31   -1.6021766e-19    -9.156439e-20    5.8186257e-19             3608                1
    0.00047607714     3.854594e-07    -0.0087684318     -0.002758696      0.003893632     0.0054763826    9.1093825e-31   -1.6021766e-19    -9.156439e-20    5.8186257e-19             3609                1
    -0.0016297488    3.4515716e-07     -0.012495473    -0.0046094623     0.0034864943   -0.00028082338    9.1093825e-31   -1.6021766e-19    -9.156439e-20    5.8186257e-19             3610                1
    -0.0024218296    8.6436387e-07    -0.0020864978    0.00023937236     0.0087312823    0.00042255735    9.1093825e-31   -1.6021766e-19    -9.156439e-20    5.8186257e-19             3611                1
     0.0013414762     5.010935e-07    -0.0051644668   -0.00086730893     0.0050616497     0.0035796089    9.1093825e-31   -1.6021766e-19    -9.156439e-20    5.8186257e-19             3612                1
