%  ASCII export : 
%
%  Momentum is normalized to the product of particle's mass and speed of light.
%  All other quantities are in SI units.
%
%            posX             posY             posZ             momX             momY             momZ             mass           charge     macro-charge             time       particleID         sourceID

     0.0017090244    1.9395216e-05     0.0024929806     0.0044070785     0.0041201171     0.0038237255    9.1093825e-31   -1.6021766e-19    -9.156439e-20    7.1824692e-19             4409                1
     0.0017073435    3.2450622e-05      0.010264432    -0.0012002381    -0.0084588639    -0.0048082722    9.1093825e-31   -1.6021766e-19    -9.156439e-20    7.1824692e-19             4319                1
    -0.0033578854    9.3055605e-05    -0.0098605435    -0.0015732971    -0.0011801431     0.0014551635    9.1093825e-31   -1.6021766e-19    -9.156439e-20    7.1824692e-19             4479                1
   -0.00041598242    3.3195676e-05    0.00019338797     0.0063723633     0.0071429769    -0.0030024778    9.1093825e-31   -1.6021766e-19    -9.156439e-20    7.1824692e-19             4434                1
   -0.00087539572    9.3739283e-05    -0.0084027098     0.0016554171    -0.0019484014     0.0042375913    9.1093825e-31   -1.6021766e-19    -9.156439e-20    7.1824692e-19             4538                1
     0.0011627397    4.2967327e-05    -0.0096192947     0.0016729109    -0.0075093233     0.0009866578    9.1093825e-31   -1.6021766e-19    -9.156439e-20    7.1824692e-19             4438                1
     0.0011761072    3.8555005e-05     0.0058826641     0.0030284303     0.0055260556     0.0026793347    9.1093825e-31   -1.6021766e-19    -9.156439e-20    7.1824692e-19             4421                1
   -0.00061437592    3.5460369e-05     -0.012297934    0.00041786241     0.0027585241    -0.0011825516    9.1093825e-31   -1.6021766e-19    -9.156439e-20    7.1824692e-19               55                0
     0.0017992202    4.8010293e-06      0.010429933     -0.004128085     0.0034201446    -0.0015728741    9.1093825e-31   -1.6021766e-19    -9.156439e-20    7.1824692e-19             4589                1
    -0.0019470468    1.9542715e-05     0.0064854883    -0.0011985196    -0.0067789801    0.00089448231    9.1093825e-31   -1.6021766e-19    -9.156439e-20    7.1824692e-19             4106                1
     0.0043744575    1.2419476e-05      0.005226702   -0.00051178574    -0.0018425758   -0.00038392213    9.1093825e-31   -1.6021766e-19    -9.156439e-20    7.1824692e-19              154                0
     0.0067184977    8.4785817e-05     -0.013206205     0.0014674658     0.0012963997     0.0013951506    9.1093825e-31   -1.6021766e-19    -9.156439e-20    7.1824692e-19              488                0
    -0.0025850669    4.1408595e-05     -0.014757367    -0.0012560084     0.0017284744    0.00063912018    9.1093825e-31   -1.6021766e-19    -9.156439e-20    7.1824692e-19               27                0
    -0.0015894896    6.9926049e-05     -0.011144908    -0.0013062238    -0.0076679895     0.0047726366    9.1093825e-31   -1.6021766e-19    -9.156439e-20    7.1824692e-19             4499                1
   -0.00032079741    5.9811347e-05    -0.0028388444    -0.0038682916     0.0085721491       0.00472607    9.1093825e-31   -1.6021766e-19    -9.156439e-20    7.1824692e-19             4301                1
     0.0016014779    2.8013059e-18      0.011356694    0.00039546436     -0.010831353    -0.0036933909    9.1093825e-31   -1.6021766e-19    -9.156439e-20    7.1824692e-19             4254                1
    -8.450482e-05    5.2891468e-05      0.013862102     0.0073492094    -0.0077299266   -5.3378972e-05    9.1093825e-31   -1.6021766e-19    -9.156439e-20    7.1824692e-19             4308                1
    -0.0016833448    1.5068284e-05       0.01062157    -0.0011117577    -0.0094218971     0.0017869872    9.1093825e-31   -1.6021766e-19    -9.156439e-20    7.1824692e-19             4245                1
    -0.0010339856    2.9871162e-05     0.0059951833     -0.002607041     0.0062205177    -0.0022180753    9.1093825e-31   -1.6021766e-19    -9.156439e-20    7.1824692e-19             4464                1
    -0.0013296192    1.2381482e-05     0.0067512579    -0.0027600545    -0.0073560537     0.0035652157    9.1093825e-31   -1.6021766e-19    -9.156439e-20    7.1824692e-19             4103                1
   -0.00051780842    9.0635658e-05    -0.0026168916    -0.0015162685    -0.0049910219    -0.0023277733    9.1093825e-31   -1.6021766e-19    -9.156439e-20    7.1824692e-19             4574                1
     -0.001654739    7.9863479e-05     -0.012489177    -0.0028103208     0.0074521434    -0.0048801885    9.1093825e-31   -1.6021766e-19    -9.156439e-20    7.1824692e-19             4244                1
    -0.0050657541    3.7370661e-05     0.0089015923     0.0014216325    -0.0024674314   -0.00043729495    9.1093825e-31   -1.6021766e-19    -9.156439e-20    7.1824692e-19              355                0
     0.0075779054    5.8181231e-06     -0.011813688   -0.00079528877    0.00068955868    0.00070921623    9.1093825e-31   -1.6021766e-19    -9.156439e-20    7.1824692e-19              451                0
     0.0020493921    3.9547955e-05      0.014738113    -0.0017018595    -0.0083424002     0.0052831923    9.1093825e-31   -1.6021766e-19    -9.156439e-20    7.1824692e-19             4282                1
    -0.0064368914    1.8286109e-05    -0.0019221514   -0.00016797511    0.00062146521    0.00093322876    9.1093825e-31   -1.6021766e-19    -9.156439e-20    7.1824692e-19               32                0
    6.5623579e-05     2.571955e-05    -0.0011026538    -0.0052817445     0.0062231976     0.0018843877    9.1093825e-31   -1.6021766e-19    -9.156439e-20    7.1824692e-19             4435                1
     0.0080738151    1.3366952e-05    0.00056655775    -0.0016342597   -9.5316944e-05   -0.00062188791    9.1093825e-31   -1.6021766e-19    -9.156439e-20    7.1824692e-19              455                0
     0.0018329854    9.0523121e-05     -0.012509736    2.2571346e-06    -0.0075698835     0.0013168207    9.1093825e-31   -1.6021766e-19    -9.156439e-20    7.1824692e-19             4593                1
    -0.0029360575     9.818883e-05     -0.010707582    0.00076209358      0.009118895    -0.0033745079    9.1093825e-31   -1.6021766e-19    -9.156439e-20    7.1824692e-19             4205                1
    -0.0025471731    2.7620592e-05    -0.0018915618      0.000846676      0.007011327      0.001735953    9.1093825e-31   -1.6021766e-19    -9.156439e-20    7.1824692e-19             4465                1
   -0.00066749111    9.8842633e-05    -0.0079185246     0.0020804154     0.0018506643     0.0014680596    9.1093825e-31   -1.6021766e-19    -9.156439e-20    7.1824692e-19             4412                1
    -0.0029069725    9.7375865e-05    -0.0057346388    -0.0015087003    -0.0036723639   -0.00075864978    9.1093825e-31   -1.6021766e-19    -9.156439e-20    7.1824692e-19             4610                1
    0.00093566871    2.8797658e-05      0.002505244    -0.0033973148      0.004212107   -0.00013634571    9.1093825e-31   -1.6021766e-19    -9.156439e-20    7.1824692e-19             4342                1
     0.0011660669    1.9258263e-05      0.011275049    -0.0020186582    -0.0089051118    -0.0021975732    9.1093825e-31   -1.6021766e-19    -9.156439e-20    7.1824692e-19             4163                1
   -0.00050572224    9.8294891e-05     -0.008293936    0.00062805018      0.012747366   -9.4737152e-05    9.1093825e-31   -1.6021766e-19    -9.156439e-20    7.1824692e-19             4385                1
     0.0016871832    9.5093623e-05    -0.0051383022     0.0057278303      0.012172447   -0.00065078982    9.1093825e-31   -1.6021766e-19    -9.156439e-20    7.1824692e-19             4356                1
      0.001789699    9.1887096e-06      0.012129142    0.00057857769     0.0022335891    -0.0013105257    9.1093825e-31   -1.6021766e-19    -9.156439e-20    7.1824692e-19             4523                1
     0.0024766293    3.8637289e-05    -0.0092979521   -2.1914349e-05     0.0069244797     0.0022353097    9.1093825e-31   -1.6021766e-19    -9.156439e-20    7.1824692e-19             4443                1
    -0.0062884605    5.8693263e-06     0.0037453261     0.0030378762    -0.0009347226    -0.0015921831    9.1093825e-31   -1.6021766e-19    -9.156439e-20    7.1824692e-19              695                0
   -0.00073162798    7.3225667e-05    -0.0084764417     -0.002322112    -0.0077963495    0.00041837216    9.1093825e-31   -1.6021766e-19    -9.156439e-20    7.1824692e-19             4524                1
    -0.0017469147    1.5709494e-06      0.010473673   -0.00075346668   -0.00017306459    -0.0014998735    9.1093825e-31   -1.6021766e-19    -9.156439e-20    7.1824692e-19             4487                1
     0.0013521891    5.6275669e-05      0.011349327     0.0019615444    -0.0060690958    -0.0014177919    9.1093825e-31   -1.6021766e-19    -9.156439e-20    7.1824692e-19             4056                1
     0.0027048446    2.0896352e-06      0.012284738     0.0027400588     -0.010501983     0.0019103033    9.1093825e-31   -1.6021766e-19    -9.156439e-20    7.1824692e-19             4243                1
    0.00092779734    4.0807092e-05    -0.0064802272    5.3349573e-05     0.0085162586     6.153249e-05    9.1093825e-31   -1.6021766e-19    -9.156439e-20    7.1824692e-19             4454                1
    0.00022494589     3.421884e-05    0.00020799955     0.0054438999     0.0075756214   -0.00051780406    9.1093825e-31   -1.6021766e-19    -9.156439e-20    7.1824692e-19             4445                1
   -0.00084027083    5.7035009e-05    -0.0083343033    -0.0033481021    -0.0089307344     0.0019334906    9.1093825e-31   -1.6021766e-19    -9.156439e-20    7.1824692e-19             4488                1
     0.0012465381    1.0470097e-05     0.0025553098    -0.0065137362     0.0027458051    -0.0014693978    9.1093825e-31   -1.6021766e-19    -9.156439e-20    7.1824692e-19             4370                1
     0.0019959044    9.6797397e-05     -0.012305626     0.0007360325    -0.0047263955    0.00076365843    9.1093825e-31   -1.6021766e-19    -9.156439e-20    7.1824692e-19             4611                1
     0.0016203806    7.6262426e-05    -0.0053542298   -0.00018154345    -0.0058980314     0.0010834876    9.1093825e-31   -1.6021766e-19    -9.156439e-20    7.1824692e-19             4515                1
     0.0020407795    2.2699696e-05      0.014599126    0.00040367158    -0.0088519193   -0.00082863658    9.1093825e-31   -1.6021766e-19    -9.156439e-20    7.1824692e-19             4208                1
     0.0059990776    2.4791119e-05      0.004906713    -0.0010550669    -0.0011418608     0.0006637444    9.1093825e-31   -1.6021766e-19    -9.156439e-20    7.1824692e-19              751                0
     0.0011035524    2.5329693e-05       0.01367758     -0.003417484     -0.010401518    -0.0051181689    9.1093825e-31   -1.6021766e-19    -9.156439e-20    7.1824692e-19             4364                1
    -0.0036975339    2.4987542e-06      0.011523056    0.00071458152     -0.010818745    0.00075033371    9.1093825e-31   -1.6021766e-19    -9.156439e-20    7.1824692e-19             4307                1
    -0.0017806675    4.1428826e-05      0.002041582     0.0028388642     0.0051053674     0.0036257158    9.1093825e-31   -1.6021766e-19    -9.156439e-20    7.1824692e-19             4313                1
    -0.0075143096    5.3091637e-05    -0.0073681395    -0.0011992985     0.0009649964    -0.0026719554    9.1093825e-31   -1.6021766e-19    -9.156439e-20    7.1824692e-19              532                0
    0.00030190987    1.6918644e-05    -0.0037200225    0.00015158803     0.0070218812   -0.00020784567    9.1093825e-31   -1.6021766e-19    -9.156439e-20    7.1824692e-19             4539                1
    -0.0030872563    7.0399386e-05    -0.0018854792    0.00039095472       0.01049261    0.00040993121    9.1093825e-31   -1.6021766e-19    -9.156439e-20    7.1824692e-19             4396                1
    -0.0028715546    7.5274067e-05     -0.010307885     0.0023091843    -0.0055044172   -0.00088002218    9.1093825e-31   -1.6021766e-19    -9.156439e-20    7.1824692e-19             4491                1
     0.0014855035    6.6715795e-05    -0.0050577302      0.010426749     0.0089541646      0.001464932    9.1093825e-31   -1.6021766e-19    -9.156439e-20    7.1824692e-19             4283                1
   -0.00089315209    1.3791342e-05      0.005766558     0.0023111051    -0.0064213048     0.0055257529    9.1093825e-31   -1.6021766e-19    -9.156439e-20    7.1824692e-19             4029                1
    -0.0019072494    2.3873074e-05     0.0017730414     0.0016003285     0.0052805366     -0.001206153    9.1093825e-31   -1.6021766e-19    -9.156439e-20    7.1824692e-19             4431                1
   -0.00090734987    9.0204194e-05    -0.0058172983      0.002042148    -0.0042304331    0.00026353766    9.1093825e-31   -1.6021766e-19    -9.156439e-20    7.1824692e-19             4558                1
     0.0012357516    2.2211083e-05       0.01149848   -0.00080126384    -0.0081435945     0.0019819699    9.1093825e-31   -1.6021766e-19    -9.156439e-20    7.1824692e-19             4088                1
     0.0014557708     5.968647e-05     -0.012981362   -0.00026653966    -0.0099685695    -0.0013134721    9.1093825e-31   -1.6021766e-19    -9.156439e-20    7.1824692e-19             4494                1
   -0.00021980093    8.2745391e-05    -0.0083987378    0.00052597397    -0.0077119204    0.00022322089    9.1093825e-31   -1.6021766e-19    -9.156439e-20    7.1824692e-19             4554                1
     0.0009844586    5.1951341e-05      0.013660392    -0.0035508357    -0.0077312132     0.0011358587    9.1093825e-31   -1.6021766e-19    -9.156439e-20    7.1824692e-19             4312                1
    -0.0016989384    5.5616952e-06      0.010580885     0.0037405656     0.0034386688     0.0041168556    9.1093825e-31   -1.6021766e-19    -9.156439e-20    7.1824692e-19             4580                1
    -0.0013986315    9.3147362e-05    -0.0083900513   -0.00016587033     0.0097146714     0.0051273974    9.1093825e-31   -1.6021766e-19    -9.156439e-20    7.1824692e-19             4175                1
    -0.0082798135    8.8099019e-05      0.014769811    5.0309092e-05   -0.00024871348     0.0012154898    9.1093825e-31   -1.6021766e-19    -9.156439e-20    7.1824692e-19              719                0
    -0.0091360267    3.0103793e-06     0.0025425453   -0.00067308225   -0.00050631713      0.001400709    9.1093825e-31   -1.6021766e-19    -9.156439e-20    7.1824692e-19              874                0
     0.0016345748    7.9440004e-05    -0.0053768079     0.0039152605    -0.0049799862    -0.0054321554    9.1093825e-31   -1.6021766e-19    -9.156439e-20    7.1824692e-19             4516                1
     0.0010721235    1.1825645e-05      0.011389617    -0.0029905196     0.0029018086     -0.001275533    9.1093825e-31   -1.6021766e-19    -9.156439e-20    7.1824692e-19             4517                1
    -0.0040869028    5.5053231e-05     0.0059410702      0.001532195    -0.0020259684   -0.00078303786    9.1093825e-31   -1.6021766e-19    -9.156439e-20    7.1824692e-19              628                0
    -0.0023662632    3.3916775e-05    -0.0019326279     0.0022897692     0.0061945445     0.0035858671    9.1093825e-31   -1.6021766e-19    -9.156439e-20    7.1824692e-19             4340                1
     0.0010452259     9.465903e-05    -0.0092466921    -0.0042945235    -0.0035599379     0.0019722986    9.1093825e-31   -1.6021766e-19    -9.156439e-20    7.1824692e-19             4583                1
     0.0050036004    3.8168291e-05    -0.0031811118     0.0045677703   -0.00088730309     0.0027452158    9.1093825e-31   -1.6021766e-19    -9.156439e-20    7.1824692e-19             3939                1
    -0.0018638428     8.085349e-05     0.0019436352   -0.00082948629     0.0094429739     0.0010510813    9.1093825e-31   -1.6021766e-19    -9.156439e-20    7.1824692e-19             4362                1
     0.0072229821    7.1153125e-05     0.0061577582   -0.00058621867    -0.0010092643      0.001955366    9.1093825e-31   -1.6021766e-19    -9.156439e-20    7.1824692e-19              828                0
      0.001121019    3.7291778e-05    -0.0064013912    -0.0012869461     0.0076319547     0.0010670368    9.1093825e-31   -1.6021766e-19    -9.156439e-20    7.1824692e-19             4444                1
    -0.0028728663    9.2250397e-05     -0.010302581      0.002005911    -0.0016065561    0.00033810569    9.1093825e-31   -1.6021766e-19    -9.156439e-20    7.1824692e-19             4492                1
    -0.0025111467    2.5779229e-05     -0.001945076    0.00070252537     0.0051829023    0.00096835353    9.1093825e-31   -1.6021766e-19    -9.156439e-20    7.1824692e-19             4287                1
    -0.0002492994    8.6771382e-05    -0.0029672682    0.00096269709      0.012702886   -0.00030711049    9.1093825e-31   -1.6021766e-19    -9.156439e-20    7.1824692e-19             4392                1
     0.0019998709     5.875995e-05     -0.012324537    -0.0024504061    -0.0037997977    0.00087204756    9.1093825e-31   -1.6021766e-19    -9.156439e-20    7.1824692e-19             4382                1
     0.0081403041    9.4067538e-05     -0.012438822    -0.0022067721     0.0010702505     0.0022225962    9.1093825e-31   -1.6021766e-19    -9.156439e-20    7.1824692e-19              586                0
     0.0015883157    6.5554354e-06      0.010352077     0.0014650577     0.0014557895   -0.00033869856    9.1093825e-31   -1.6021766e-19    -9.156439e-20    7.1824692e-19             4508                1
    -0.0049425215    6.7814894e-05    -0.0052975006    0.00098711986     0.0021279636   -0.00094564864    9.1093825e-31   -1.6021766e-19    -9.156439e-20    7.1824692e-19              660                0
    -0.0012046337    8.3406148e-06     0.0061569358     0.0011354304     0.0035018297    -0.0045338781    9.1093825e-31   -1.6021766e-19    -9.156439e-20    7.1824692e-19             4543                1
    -0.0077047274    2.2255083e-05      0.011153895    0.00059085403    -0.0011419416     0.0015235699    9.1093825e-31   -1.6021766e-19    -9.156439e-20    7.1824692e-19              652                0
     0.0014474409     7.923568e-05     -0.013011413     0.0028295878    -0.0058792992    -0.0027074816    9.1093825e-31   -1.6021766e-19    -9.156439e-20    7.1824692e-19             4503                1
     0.0028510371    4.2955478e-05    -0.0071781524     0.0032735521     0.0066729118     0.0040543349    9.1093825e-31   -1.6021766e-19    -9.156439e-20    7.1824692e-19             4269                1
    5.5481098e-05    5.7942102e-06     0.0038455836     0.0032359289    -0.0057319351    -0.0025723779    9.1093825e-31   -1.6021766e-19    -9.156439e-20    7.1824692e-19             4015                1
    0.00020400435    1.2071397e-05    -0.0010033073     0.0025865538     0.0040643467     0.0039795828    9.1093825e-31   -1.6021766e-19    -9.156439e-20    7.1824692e-19             4288                1
    -0.0013472695    7.0944021e-05     -0.014128911    -0.0066443118    -0.0040817251   -0.00029725462    9.1093825e-31   -1.6021766e-19    -9.156439e-20    7.1824692e-19             4404                1
    -0.0012274929    1.2899032e-05      0.006250822    -0.0014984753    -0.0067507122     0.0046595689    9.1093825e-31   -1.6021766e-19    -9.156439e-20    7.1824692e-19             4043                1
    -0.0032699304    9.4292693e-05     -0.010237698     0.0035570639    -0.0032416221    0.00012357267    9.1093825e-31   -1.6021766e-19    -9.156439e-20    7.1824692e-19             4571                1
     0.0012291871    1.4423786e-05      0.011351547    -0.0011169192     -0.011212809    -0.0052443091    9.1093825e-31   -1.6021766e-19    -9.156439e-20    7.1824692e-19             4375                1
    -0.0031187851     5.653386e-05    -0.0018374475    -0.0034146558     0.0091585014    -0.0012165433    9.1093825e-31   -1.6021766e-19    -9.156439e-20    7.1824692e-19             4401                1
    -0.0033529166    2.5455862e-05      -0.01268178    -0.0009125467     0.0022768152    -0.0015400867    9.1093825e-31   -1.6021766e-19    -9.156439e-20    7.1824692e-19              900                0
    -0.0064181895    2.9592678e-05    -0.0089301709    0.00087499613      0.001734664     -0.001327286    9.1093825e-31   -1.6021766e-19    -9.156439e-20    7.1824692e-19              132                0
     0.0015307718    1.5734606e-05      0.011350257    0.00082813931     -0.011098842    -0.0048815235    9.1093825e-31   -1.6021766e-19    -9.156439e-20    7.1824692e-19             4379                1
     0.0012064812    1.6323347e-05      0.011512155    -0.0008304186     0.0046915216     0.0010401936    9.1093825e-31   -1.6021766e-19    -9.156439e-20    7.1824692e-19             4527                1
    -0.0024828315    4.0407587e-05    0.00097906124      0.001012902    -0.0021050437     0.0076492997    9.1093825e-31   -1.6021766e-19    -9.156439e-20    7.1824692e-19             3863                1
     0.0078735715    5.6997043e-05     -0.013191424     0.0024071436     0.0008290601    -0.0017000958    9.1093825e-31   -1.6021766e-19    -9.156439e-20    7.1824692e-19              311                0
     0.0019054657    9.6806089e-06      0.012218494    -0.0014475363    -0.0089822887    0.00035903975    9.1093825e-31   -1.6021766e-19    -9.156439e-20    7.1824692e-19             4124                1
   -6.5613633e-05    2.9393823e-05     0.0034673349     0.0035372328     0.0052303076     0.0026667966    9.1093825e-31   -1.6021766e-19    -9.156439e-20    7.1824692e-19             4416                1
    -0.0013630863    9.0507645e-05    -0.0066413842    -0.0012713994      0.011537814     0.0027838012    9.1093825e-31   -1.6021766e-19    -9.156439e-20    7.1824692e-19             4346                1
    -0.0011935177    7.3332783e-05     -0.008657176    -0.0010805264     0.0096384902    -0.0021795705    9.1093825e-31   -1.6021766e-19    -9.156439e-20    7.1824692e-19             4368                1
    -0.0026130944    8.2982369e-05    0.00085964048    -0.0033060913      0.012729705     0.0036700822    9.1093825e-31   -1.6021766e-19    -9.156439e-20    7.1824692e-19             4417                1
     0.0020305028    1.9360364e-06      0.014547789   -0.00024985438     -0.010179231    -0.0040864297    9.1093825e-31   -1.6021766e-19    -9.156439e-20    7.1824692e-19             4207                1
   -0.00037152355    9.1125636e-05    -0.0083017256    -0.0021007964    -0.0051257205    -0.0054714363    9.1093825e-31   -1.6021766e-19    -9.156439e-20    7.1824692e-19             4575                1
     0.0023789539      9.11815e-05    -0.0076522203    -0.0025176397    -0.0053895479     0.0030955842    9.1093825e-31   -1.6021766e-19    -9.156439e-20    7.1824692e-19             4581                1
    -0.0026095805    1.7850625e-05     0.0069064409     -0.002293335     0.0029807317    -0.0015448236    9.1093825e-31   -1.6021766e-19    -9.156439e-20    7.1824692e-19             4442                1
     0.0078792088    5.4300654e-05     0.0085897734   -0.00028594871   -0.00088747102     0.0012623358    9.1093825e-31   -1.6021766e-19    -9.156439e-20    7.1824692e-19              254                0
     0.0058170245    3.8432907e-05      0.004352523   -0.00057657866    -0.0012371102   -0.00088098634    9.1093825e-31   -1.6021766e-19    -9.156439e-20    7.1824692e-19              270                0
     0.0023814945    8.8628134e-05    -0.0076649375   -0.00091392983    -0.0070016268     -0.004933408    9.1093825e-31   -1.6021766e-19    -9.156439e-20    7.1824692e-19             4582                1
    -0.0031990637    7.5190059e-05     0.0065249093     -0.001079933    0.00056384754    -0.0032081536    9.1093825e-31   -1.6021766e-19    -9.156439e-20    7.1824692e-19             4008                1
     0.0016668092    6.3909451e-05    -0.0052361931      0.004226251     0.0092276754      0.009481051    9.1093825e-31   -1.6021766e-19    -9.156439e-20    7.1824692e-19             4343                1
      0.001668905    7.3236326e-05     0.0024589638   -0.00097437651     0.0096255001    0.00070008758    9.1093825e-31   -1.6021766e-19    -9.156439e-20    7.1824692e-19             4388                1
     0.0023791397    8.0602964e-05    -0.0074718059    9.0862937e-05     0.0090765255     0.0034025428    9.1093825e-31   -1.6021766e-19    -9.156439e-20    7.1824692e-19             4221                1
      0.001768131    2.6209325e-05      0.012136617    -0.0060246796      0.007441991    0.00097544305    9.1093825e-31   -1.6021766e-19    -9.156439e-20    7.1824692e-19             4522                1
     0.0047211824     3.246804e-05    -0.0031516126     0.0014856871    -0.0015292075     0.0019831616    9.1093825e-31   -1.6021766e-19    -9.156439e-20    7.1824692e-19             4184                1
   -0.00011402356    7.7888311e-05      0.003274621   -2.9208941e-05      0.011508019   -0.00011617023    9.1093825e-31   -1.6021766e-19    -9.156439e-20    7.1824692e-19             4418                1
     0.0035682067    5.6027304e-05      0.012602374     0.0095144417     -0.006741975   -0.00019807358    9.1093825e-31   -1.6021766e-19    -9.156439e-20    7.1824692e-19             4331                1
     0.0014500441    3.0009855e-05      0.011324828    -0.0028188587     0.0038672162    -0.0011782961    9.1093825e-31   -1.6021766e-19    -9.156439e-20    7.1824692e-19             4455                1
   -0.00054846727    1.7120805e-05     0.0067406092    -0.0060252207     0.0034774691     0.0016928995    9.1093825e-31   -1.6021766e-19    -9.156439e-20    7.1824692e-19             4460                1
   -7.9057034e-05    5.2137919e-05     0.0034873614     0.0018184346     0.0081306137     0.0052305073    9.1093825e-31   -1.6021766e-19    -9.156439e-20    7.1824692e-19             4415                1
    -0.0093793599     9.688898e-05    -0.0066023911    0.00038752495    0.00038634942    0.00041481206    9.1093825e-31   -1.6021766e-19    -9.156439e-20    7.1824692e-19              192                0
    -0.0016626969    9.4213734e-05     -0.012393796    -0.0036270709   -0.00072204939    -0.0010161133    9.1093825e-31   -1.6021766e-19    -9.156439e-20    7.1824692e-19             4424                1
   -0.00091658084    4.7315105e-05    -0.0029294346    -0.0061540403     0.0086559961     0.0024354435    9.1093825e-31   -1.6021766e-19    -9.156439e-20    7.1824692e-19             4407                1
    -0.0010158402    4.5926281e-05     0.0060056983    0.00078792387     0.0092203356   -0.00024989573    9.1093825e-31   -1.6021766e-19    -9.156439e-20    7.1824692e-19             4463                1
    -0.0014359175    1.6628678e-06      0.011162894     -0.002533885     0.0055895331    -0.0030812987    9.1093825e-31   -1.6021766e-19    -9.156439e-20    7.1824692e-19             4626                1
      0.001665479    1.2305065e-05      0.011343572    -0.0033975728      0.003761579    0.00068094325    9.1093825e-31   -1.6021766e-19    -9.156439e-20    7.1824692e-19             4531                1
    -0.0090558166    8.3086188e-06    -0.0020251723     0.0011658845    2.9983481e-05   -0.00095281657    9.1093825e-31   -1.6021766e-19    -9.156439e-20    7.1824692e-19              212                0
     0.0014919807     7.089875e-05     -0.013141682     -0.002700655    -0.0064067761    -0.0019260702    9.1093825e-31   -1.6021766e-19    -9.156439e-20    7.1824692e-19             4470                1
     0.0093723424    7.3403808e-06    -0.0093309227     0.0011495127    0.00034114058     -0.001404369    9.1093825e-31   -1.6021766e-19    -9.156439e-20    7.1824692e-19              690                0
    -0.0016782873    5.0418206e-05     -0.012422832    -0.0056963195    -0.0065520951    -0.0048755971    9.1093825e-31   -1.6021766e-19    -9.156439e-20    7.1824692e-19             4425                1
     0.0002929944    8.9320827e-05    -0.0089149661     0.0024168736     0.0097504947     0.0027375261    9.1093825e-31   -1.6021766e-19    -9.156439e-20    7.1824692e-19             4232                1
    -0.0086191343    1.7565842e-05    -0.0011081875     0.0008957492   -0.00018370416    0.00099258136    9.1093825e-31   -1.6021766e-19    -9.156439e-20    7.1824692e-19              750                0
    -0.0037140057    2.3283032e-05      0.011607245    -0.0050163642    -0.0087947482     0.0061329585    9.1093825e-31   -1.6021766e-19    -9.156439e-20    7.1824692e-19             4284                1
    -0.0016370906    7.8827114e-05     -0.011140672    0.00051536318    -0.0064063878    0.00044717267    9.1093825e-31   -1.6021766e-19    -9.156439e-20    7.1824692e-19             4520                1
     0.0018991253    1.2115566e-05      0.012116019    8.6460583e-05     0.0065558092    -0.0041032732    9.1093825e-31   -1.6021766e-19    -9.156439e-20    7.1824692e-19             4572                1
    -0.0030950408    2.0260028e-05     -0.001895613   -0.00047465326     0.0049283085   -0.00072531111    9.1093825e-31   -1.6021766e-19    -9.156439e-20    7.1824692e-19             4395                1
    -0.0057826922     4.928487e-05     0.0059444695    -0.0011670835    -0.0013840887     0.0010288169    9.1093825e-31   -1.6021766e-19    -9.156439e-20    7.1824692e-19              220                0
     0.0011190409    7.2709699e-05    -0.0068134307   -1.2935467e-06     0.0093134353    0.00094247347    9.1093825e-31   -1.6021766e-19    -9.156439e-20    7.1824692e-19             4275                1
      0.006070985     5.710659e-05    -0.0085496055    -0.0026885893     0.0020515604    -0.0005384541    9.1093825e-31   -1.6021766e-19    -9.156439e-20    7.1824692e-19              931                0
     0.0014364867    8.9846857e-05     -0.008827853    -0.0036454301    -0.0015502721      0.001695469    9.1093825e-31   -1.6021766e-19    -9.156439e-20    7.1824692e-19             4480                1
     0.0011438313    3.7329024e-05     0.0058669448    -0.0012055633     0.0053691762    0.00061714131    9.1093825e-31   -1.6021766e-19    -9.156439e-20    7.1824692e-19             4422                1
     0.0015183998     7.598877e-05    -0.0088813351     0.0029052577    -0.0021168219    -0.0003785468    9.1093825e-31   -1.6021766e-19    -9.156439e-20    7.1824692e-19             4432                1
     0.0012979419    8.6001965e-05    -0.0086545106     0.0019219614    -0.0052041565      0.001156464    9.1093825e-31   -1.6021766e-19    -9.156439e-20    7.1824692e-19             4546                1
     0.0013064995     4.151645e-05      0.011384606    -0.0026172665    -0.0079072416   -0.00027844118    9.1093825e-31   -1.6021766e-19    -9.156439e-20    7.1824692e-19             4259                1
     0.0058086324    1.8447377e-05    -0.0032249351    -0.0010680944     0.0012807354    -0.0022770432    9.1093825e-31   -1.6021766e-19    -9.156439e-20    7.1824692e-19              256                0
     0.0012277946    3.1117779e-05      0.011356502    -0.0013640203    -0.0082786242     -0.005600695    9.1093825e-31   -1.6021766e-19    -9.156439e-20    7.1824692e-19             4169                1
    -0.0014129645    5.2159288e-05     0.0056040953    -0.0048238062     0.0090761827     0.0010283542    9.1093825e-31   -1.6021766e-19    -9.156439e-20    7.1824692e-19             4447                1
   -0.00086962763    6.6070606e-05    -0.0027841742   -0.00080520095      0.011077469     0.0030728471    9.1093825e-31   -1.6021766e-19    -9.156439e-20    7.1824692e-19             4413                1
    0.00035385127    9.8382996e-05     -0.008746759    -0.0018135121    -0.0013069125    0.00077731849    9.1093825e-31   -1.6021766e-19    -9.156439e-20    7.1824692e-19             4598                1
    -0.0094177462    9.5624608e-05     0.0020059079    -0.0022466884    0.00033890471    -0.0018362778    9.1093825e-31   -1.6021766e-19    -9.156439e-20    7.1824692e-19              978                0
      0.001579099    6.1720893e-05    -0.0052242135    -0.0017940176      0.010777004     0.0049285158    9.1093825e-31   -1.6021766e-19    -9.156439e-20    7.1824692e-19             4427                1
     0.0094322478    1.0777128e-05    0.00089520699      0.001422809   -0.00032475757    -0.0001785052    9.1093825e-31   -1.6021766e-19    -9.156439e-20    7.1824692e-19              637                0
    -0.0015765878     7.311946e-05     -0.012495157   -0.00029197702    -0.0086076446    0.00012992349    9.1093825e-31   -1.6021766e-19    -9.156439e-20    7.1824692e-19             4525                1
     0.0013760399    9.8094024e-05    -0.0087562734    0.00011126181    -0.0064133205    -0.0039388281    9.1093825e-31   -1.6021766e-19    -9.156439e-20    7.1824692e-19             4627                1
     0.0046440791    8.0744641e-05     0.0022849133   -0.00066021393   -0.00040839429     0.0011519003    9.1093825e-31   -1.6021766e-19    -9.156439e-20    7.1824692e-19              229                0
     0.0015692963    2.4846535e-05      0.011393799    -0.0018957149    -0.0090360986    -0.0010460994    9.1093825e-31   -1.6021766e-19    -9.156439e-20    7.1824692e-19             4255                1
    -0.0084741246    2.1626272e-05    -0.0015031889    0.00079370913   -9.5794829e-05   -0.00040312886    9.1093825e-31   -1.6021766e-19    -9.156439e-20    7.1824692e-19              894                0
     0.0075431904     9.130418e-05     0.0055950605   -0.00098845945    -0.0006674364     0.0030264822    9.1093825e-31   -1.6021766e-19    -9.156439e-20    7.1824692e-19              219                0
     0.0080849342    1.3922539e-05    -0.0028937957     0.0016807817    9.9653997e-05     0.0023100248    9.1093825e-31   -1.6021766e-19    -9.156439e-20    7.1824692e-19              309                0
    -0.0089683663    6.8216956e-05      0.011154039   -0.00024011561   -0.00025761296   -0.00060470443    9.1093825e-31   -1.6021766e-19    -9.156439e-20    7.1824692e-19              329                0
     0.0017133664    7.5085816e-05     0.0023977007     0.0038034304      0.009846977    -0.0058831316    9.1093825e-31   -1.6021766e-19    -9.156439e-20    7.1824692e-19             4389                1
     0.0089377742    5.9731999e-05     0.0081226435    -0.0010012613   -0.00035010339     0.0016580772    9.1093825e-31   -1.6021766e-19    -9.156439e-20    7.1824692e-19              369                0
     0.0032383564    2.4933655e-05      0.014028766     0.0011350834    -0.0092798285    8.6421853e-05    9.1093825e-31   -1.6021766e-19    -9.156439e-20    7.1824692e-19             4290                1
    -0.0020103983    9.6913773e-06     0.0063919593    0.00090275385     0.0038228731   -0.00075244764    9.1093825e-31   -1.6021766e-19    -9.156439e-20    7.1824692e-19             4535                1
    -0.0010983207    6.6479995e-05     0.0062103099     0.0007237026    -0.0035329752     0.0017595836    9.1093825e-31   -1.6021766e-19    -9.156439e-20    7.1824692e-19             4371                1
     0.0031970926    3.6223571e-06      0.014095851    7.5043783e-05     0.0039024388   -0.00015573215    9.1093825e-31   -1.6021766e-19    -9.156439e-20    7.1824692e-19             4604                1
     0.0018315943    6.4816122e-05    -0.0019903311    -0.0023396187     0.0090009822     0.0064958404    9.1093825e-31   -1.6021766e-19    -9.156439e-20    7.1824692e-19             4329                1
     0.0018702223    4.1364656e-06      0.012023468    -0.0033412278    -0.0092765866     -0.010119528    9.1093825e-31   -1.6021766e-19    -9.156439e-20    7.1824692e-19             4123                1
     0.0016681302    2.2769456e-05      0.011331469    -0.0025057169     0.0072856196    -0.0033954855    9.1093825e-31   -1.6021766e-19    -9.156439e-20    7.1824692e-19             4532                1
     0.0071619139    6.9004891e-05    0.00077810092    -0.0015058508    0.00030472135   -0.00085204205    9.1093825e-31   -1.6021766e-19    -9.156439e-20    7.1824692e-19              476                0
    -0.0047788029    7.0081049e-05     -0.012927361     0.0012913415     0.0021976533    -0.0016444876    9.1093825e-31   -1.6021766e-19    -9.156439e-20    7.1824692e-19              549                0
     0.0007494117     7.982926e-05     0.0010675555     0.0014071531      0.011488183    -0.0022923471    9.1093825e-31   -1.6021766e-19    -9.156439e-20    7.1824692e-19             4400                1
    -0.0019768118    1.0171681e-05     0.0063869897   -9.9689481e-05     0.0017737945    0.00059235375    9.1093825e-31   -1.6021766e-19    -9.156439e-20    7.1824692e-19             4430                1
     0.0003821904    5.3085489e-05    -0.0038588978    -0.0021818059     0.0084493607    -0.0047188327    9.1093825e-31   -1.6021766e-19    -9.156439e-20    7.1824692e-19             4347                1
   -0.00081686833    8.0189173e-05    -0.0058440026     0.0043761656    -0.0044321162     0.0027632166    9.1093825e-31   -1.6021766e-19    -9.156439e-20    7.1824692e-19             4511                1
     0.0010031603    1.0013273e-05     0.0056679337    -0.0014078486    -0.0073410189      -0.00364778    9.1093825e-31   -1.6021766e-19    -9.156439e-20    7.1824692e-19             4239                1
    -0.0076888734    4.1056261e-05      0.003973891     0.0011518196   -0.00057046511    0.00098681205    9.1093825e-31   -1.6021766e-19    -9.156439e-20    7.1824692e-19              934                0
     0.0012700487    2.1282875e-05      0.011394365     0.0030105254     -0.010521323   -0.00092018762    9.1093825e-31   -1.6021766e-19    -9.156439e-20    7.1824692e-19             4376                1
     0.0013866032    2.1123649e-05      0.011375887     0.0031218787    -0.0093566542      -0.00089937    9.1093825e-31   -1.6021766e-19    -9.156439e-20    7.1824692e-19             4260                1
   -0.00014060606    1.6601683e-05     0.0033275627    -0.0036600279     0.0046305079      8.73268e-05    9.1093825e-31   -1.6021766e-19    -9.156439e-20    7.1824692e-19             4468                1
     0.0011210914    9.7493948e-06     0.0077111851   -0.00024940027     0.0072069657   -6.1575597e-06    9.1093825e-31   -1.6021766e-19    -9.156439e-20    7.1824692e-19             4587                1
     -0.001080711    4.4712466e-05    -0.0060294936    -0.0013583767     0.0096676014   -0.00020219109    9.1093825e-31   -1.6021766e-19    -9.156439e-20    7.1824692e-19             4461                1
     0.0015351062    8.0603524e-05     -0.012946684     0.0025283068     -0.009271957    3.3100234e-06    9.1093825e-31   -1.6021766e-19    -9.156439e-20    7.1824692e-19             4555                1
     0.0054727457    8.4566691e-06     0.0023131489    0.00062394462   -0.00071589049     0.0025723458    9.1093825e-31   -1.6021766e-19    -9.156439e-20    7.1824692e-19               20                0
     0.0036195226    1.8387744e-05     0.0090869907   -0.00080458226     0.0098281885    0.00015432386    9.1093825e-31   -1.6021766e-19    -9.156439e-20    7.1824692e-19             4565                1
     0.0032259938    2.6232163e-05      0.013941403     0.0010784511    -0.0095676295    -0.0026302594    9.1093825e-31   -1.6021766e-19    -9.156439e-20    7.1824692e-19             4324                1
   -0.00099747558    5.8301357e-05    -0.0039286283    0.00055759394     0.0087966723    -0.0014359675    9.1093825e-31   -1.6021766e-19    -9.156439e-20    7.1824692e-19             4330                1
     0.0012696938    8.8516417e-06       0.01130511     -0.003149712     -0.011577002    0.00091480499    9.1093825e-31   -1.6021766e-19    -9.156439e-20    7.1824692e-19             4369                1
     0.0011958242     5.540303e-05    -0.0093256095    7.9670965e-05     0.0078585772    0.00015157225    9.1093825e-31   -1.6021766e-19    -9.156439e-20    7.1824692e-19             4387                1
     0.0011875471    5.9909326e-06      0.013467543    0.00098422426     -0.010931012    -0.0035510841    9.1093825e-31   -1.6021766e-19    -9.156439e-20    7.1824692e-19             4270                1
     0.0036005676    1.2991055e-05      0.012626677    -0.0014539156     0.0053548655   -0.00042980196    9.1093825e-31   -1.6021766e-19    -9.156439e-20    7.1824692e-19             4551                1
     0.0059658024    6.9699774e-05      0.012137581   -0.00062774762    -0.0018689872     0.0020729164    9.1093825e-31   -1.6021766e-19    -9.156439e-20    7.1824692e-19              280                0
    -0.0041329311    9.7602526e-05      -0.01217531    -0.0027669941    -0.0049006129     0.0002621501    9.1093825e-31   -1.6021766e-19    -9.156439e-20    7.1824692e-19             4621                1
    -0.0010206145    8.4561987e-05    -0.0058885566   -0.00037293747    -0.0044558668     -0.001295955    9.1093825e-31   -1.6021766e-19    -9.156439e-20    7.1824692e-19             4533                1
    -0.0010899617    1.1645998e-06     0.0059675216    -0.0015492104    0.00018844004    6.1646824e-05    9.1093825e-31   -1.6021766e-19    -9.156439e-20    7.1824692e-19             4383                1
    -0.0014572252    4.1475676e-05    -0.0083021382      -0.00310769      0.006060713     0.0051564095    9.1093825e-31   -1.6021766e-19    -9.156439e-20    7.1824692e-19             4068                1
     0.0028935822    6.9449059e-05     0.0099121686    0.00040527384    -0.0029035157   -0.00023419551    9.1093825e-31   -1.6021766e-19    -9.156439e-20    7.1824692e-19              177                0
     0.0014830794    9.1275921e-05      -0.01286246   -0.00054228026    -0.0017426624     0.0004151109    9.1093825e-31   -1.6021766e-19    -9.156439e-20    7.1824692e-19             4448                1
     0.0019563215    7.8052115e-05     -0.012751542    -0.0026553744    -0.0064199232   -0.00012238941    9.1093825e-31   -1.6021766e-19    -9.156439e-20    7.1824692e-19             4509                1
    -0.0052710688    7.0934911e-05     -0.010817205   -0.00038384527     0.0066956128     7.853537e-05    9.1093825e-31   -1.6021766e-19    -9.156439e-20    7.1824692e-19             4229                1
    -0.0082324911    6.3877064e-06     0.0033185866    0.00095106818   -0.00062028802    -0.0031898788    9.1093825e-31   -1.6021766e-19    -9.156439e-20    7.1824692e-19              184                0
    -0.0019967349    7.0503491e-05     0.0039803367    -0.0014278332    -0.0015186173    9.2177084e-05    9.1093825e-31   -1.6021766e-19    -9.156439e-20    7.1824692e-19              699                0
    -0.0024242417     6.159726e-05    -0.0021638775   -0.00016584102      0.011049232    -0.0038424633    9.1093825e-31   -1.6021766e-19    -9.156439e-20    7.1824692e-19             4429                1
     0.0021716373    5.9456452e-05    -0.0091984961    -0.0031214959     0.0070923376    -0.0036722478    9.1093825e-31   -1.6021766e-19    -9.156439e-20    7.1824692e-19             4131                1
    -0.0085818404     2.498251e-05     0.0020889768    0.00042134611   -0.00027642402   -0.00017252559    9.1093825e-31   -1.6021766e-19    -9.156439e-20    7.1824692e-19              264                0
     0.0051163333    1.4672456e-05    0.00015797456    0.00028028592   -1.4742226e-05    -0.0012760394    9.1093825e-31   -1.6021766e-19    -9.156439e-20    7.1824692e-19              284                0
     0.0032770708    5.9084582e-06      0.014086477     0.0021125015     0.0031636306     0.0012475643    9.1093825e-31   -1.6021766e-19    -9.156439e-20    7.1824692e-19             4576                1
   -4.3104388e-05    1.8025165e-05      0.013831805    -0.0015930365     -0.010240714     -0.003953822    9.1093825e-31   -1.6021766e-19    -9.156439e-20    7.1824692e-19             4280                1
     0.0039244252    1.6010225e-06    -0.0067826766    -0.0033465684    0.00070045696    0.00024842314    9.1093825e-31   -1.6021766e-19    -9.156439e-20    7.1824692e-19             3523                1
     0.0015175916     8.715217e-05     -0.013021827    -0.0040181279     0.0081404597      0.003540474    9.1093825e-31   -1.6021766e-19    -9.156439e-20    7.1824692e-19             4316                1
    -0.0015916914    3.9168631e-06      0.010682678     0.0049227825     0.0011734581    -0.0012968823    9.1093825e-31   -1.6021766e-19    -9.156439e-20    7.1824692e-19             4540                1
     0.0016827025    4.3992227e-06      0.010441334   -0.00054635148     -0.011268306    2.7236052e-05    9.1093825e-31   -1.6021766e-19    -9.156439e-20    7.1824692e-19             4352                1
     0.0013763637    9.8126991e-05    -0.0087549537      0.001201209    -0.0063022785     0.0005044617    9.1093825e-31   -1.6021766e-19    -9.156439e-20    7.1824692e-19             4628                1
    -0.0092196232    4.6680587e-05   -0.00037930685    8.0443579e-06   -4.1864016e-05    0.00067071209    9.1093825e-31   -1.6021766e-19    -9.156439e-20    7.1824692e-19              444                0
    -0.0059165629    1.3373212e-05     -0.002072304    0.00016577569    0.00092230993    -0.0010530506    9.1093825e-31   -1.6021766e-19    -9.156439e-20    7.1824692e-19              464                0
    -0.0037181005    6.5729677e-05      0.011673233    0.00027827898    -0.0011860733   -0.00042190426    9.1093825e-31   -1.6021766e-19    -9.156439e-20    7.1824692e-19             3644                1
     0.0017765471      1.65734e-05      0.012337018   -0.00025605928    -0.0097835157     0.0006713983    9.1093825e-31   -1.6021766e-19    -9.156439e-20    7.1824692e-19             4256                1
   -0.00019418712    5.5044777e-05     -0.002933298     0.0070139687     0.0092136329     0.0034150635    9.1093825e-31   -1.6021766e-19    -9.156439e-20    7.1824692e-19             4391                1
    -0.0010425021    3.9217353e-05     0.0059843902    0.00068069791    -0.0058734287    0.00018474998    9.1093825e-31   -1.6021766e-19    -9.156439e-20    7.1824692e-19             4355                1
     0.0083615491    6.2317282e-05    -0.0037763133   -0.00063990714    0.00070945296    0.00088344613    9.1093825e-31   -1.6021766e-19    -9.156439e-20    7.1824692e-19              564                0
    0.00021344547    6.3606247e-05      0.013766701     0.0032311999    -0.0079028988    0.00032730971    9.1093825e-31   -1.6021766e-19    -9.156439e-20    7.1824692e-19             4452                1
     0.0014282305    8.9303801e-05     -0.012963308    0.00039233619    -0.0045680311      0.003223472    9.1093825e-31   -1.6021766e-19    -9.156439e-20    7.1824692e-19             4547                1
   -2.4090259e-05    2.1394631e-05      0.013886447   -0.00015966936    -0.0099818148    0.00016459648    9.1093825e-31   -1.6021766e-19    -9.156439e-20    7.1824692e-19             4279                1
   -0.00035157776    9.8542609e-05     -0.008264754   -0.00035413139    -0.0073557761   -7.1209004e-05    9.1093825e-31   -1.6021766e-19    -9.156439e-20    7.1824692e-19             4632                1
   -0.00012947331    2.0188998e-05      0.003219859    -0.0020049138     0.0041496623    -0.0071262396    9.1093825e-31   -1.6021766e-19    -9.156439e-20    7.1824692e-19             4419                1
     0.0015045317    1.3482118e-05      0.011488556   -0.00048611662     0.0056518335     0.0012619495    9.1093825e-31   -1.6021766e-19    -9.156439e-20    7.1824692e-19             4552                1
     0.0033774662    5.1034207e-05     0.0045442376   -0.00016319836    -0.0015367783    -0.0018774605    9.1093825e-31   -1.6021766e-19    -9.156439e-20    7.1824692e-19              704                0
     0.0004277314     5.416651e-05    -0.0037527105    -0.0017851047       0.01063497    -0.0031556098    9.1093825e-31   -1.6021766e-19    -9.156439e-20    7.1824692e-19             4441                1
   -1.7081333e-05    8.3058323e-05    0.00012733016    -0.0078287832     0.0031337957    9.1438756e-05    9.1093825e-31   -1.6021766e-19    -9.156439e-20    7.1824692e-19             3622                1
    -0.0014435841    9.6441894e-05    -0.0080293948    -0.0041530258    -0.0050880099    -0.0046499586    9.1093825e-31   -1.6021766e-19    -9.156439e-20    7.1824692e-19             4616                1
    -0.0065727071    6.7127687e-05     -0.010820214    0.00094595138     0.0014265943    0.00099965779    9.1093825e-31   -1.6021766e-19    -9.156439e-20    7.1824692e-19              125                0
    -0.0017947261    2.8964942e-05     0.0019177017     0.0056318119     0.0046017328    -0.0013807982    9.1093825e-31   -1.6021766e-19    -9.156439e-20    7.1824692e-19             4363                1
     0.0010388452    3.0872437e-05      0.013575585    -0.0011387158    -0.0091213332    -0.0051428382    9.1093825e-31   -1.6021766e-19    -9.156439e-20    7.1824692e-19             4272                1
      0.002168224     1.240024e-05   -6.4801388e-05   -0.00022744582      0.005457656   -0.00031153363    9.1093825e-31   -1.6021766e-19    -9.156439e-20    7.1824692e-19             4544                1
     0.0018011198    1.3808477e-05      0.010428214    -0.0027583665     0.0099197403    -0.0028137818    9.1093825e-31   -1.6021766e-19    -9.156439e-20    7.1824692e-19             4590                1
    -0.0015820084    2.2873874e-05      0.010628366     0.0025054952     -0.009336398    -0.0032605641    9.1093825e-31   -1.6021766e-19    -9.156439e-20    7.1824692e-19             4311                1
     0.0035040865    6.9815294e-05       0.01282921   -0.00022602569    -0.0064380066    0.00060563278    9.1093825e-31   -1.6021766e-19    -9.156439e-20    7.1824692e-19             4456                1
     0.0012630164    6.5022126e-05      0.011546997    0.00020711761    -0.0036189512     0.0015581801    9.1093825e-31   -1.6021766e-19    -9.156439e-20    7.1824692e-19             2668                1
   -0.00089290092    2.1260752e-05     0.0058988878      0.001485482    -0.0065090023    0.00024440157    9.1093825e-31   -1.6021766e-19    -9.156439e-20    7.1824692e-19             4115                1
    -0.0012779948    3.5857149e-05     0.0061599393    -0.0012911087     0.0049694856    -0.0017297544    9.1093825e-31   -1.6021766e-19    -9.156439e-20    7.1824692e-19             4420                1
   -0.00072292495    8.7929373e-05    -0.0081379861     0.0010079782      0.012042007    -0.0037657847    9.1093825e-31   -1.6021766e-19    -9.156439e-20    7.1824692e-19             4397                1
    -0.0067508575    9.4471528e-05      0.012311379    0.00029646888    -0.0012604138    0.00066877721    9.1093825e-31   -1.6021766e-19    -9.156439e-20    7.1824692e-19              988                0
    -0.0040364754    5.6466029e-05      0.011674903    -0.0045801578    -0.0066501321     0.0022579716    9.1093825e-31   -1.6021766e-19    -9.156439e-20    7.1824692e-19             4390                1
    -0.0034633041    2.1895979e-05     0.0062347716    -0.0074357768    -0.0064721918     0.0033408422    9.1093825e-31   -1.6021766e-19    -9.156439e-20    7.1824692e-19             4182                1
    -0.0015909357    8.5068445e-05    -0.0083538545     0.0035474484   -0.00078160444     0.0027963931    9.1093825e-31   -1.6021766e-19    -9.156439e-20    7.1824692e-19             4436                1
   -0.00023813678     3.249606e-05    -0.0028059939     0.0025979718     0.0085960375   -0.00072253827    9.1093825e-31   -1.6021766e-19    -9.156439e-20    7.1824692e-19             4474                1
      0.001537336    9.3914612e-05    -0.0089076087      0.002097012   -0.00065056846     0.0026943753    9.1093825e-31   -1.6021766e-19    -9.156439e-20    7.1824692e-19             4476                1
     0.0010341706    6.8946872e-05    -0.0065346914    -0.0030978976      0.008954457    0.00048884755    9.1093825e-31   -1.6021766e-19    -9.156439e-20    7.1824692e-19             4261                1
     0.0019966015    8.6440878e-07       0.01064073     0.0023245285     0.0043646167    -0.0030186973    9.1093825e-31   -1.6021766e-19    -9.156439e-20    7.1824692e-19             4633                1
    -0.0009194091     7.187244e-05    -0.0084351208    0.00074975804     0.0097343521     0.0007125971    9.1093825e-31   -1.6021766e-19    -9.156439e-20    7.1824692e-19             4377                1
    -0.0010184364    2.0764592e-05     0.0057170405    -0.0012047332     0.0034619039    0.00095948874    9.1093825e-31   -1.6021766e-19    -9.156439e-20    7.1824692e-19             4428                1
    -0.0024282753    1.6214711e-18     0.0061785472     0.0012770013    -0.0027110081    0.00040652775    9.1093825e-31   -1.6021766e-19    -9.156439e-20    7.1824692e-19              485                0
     0.0015364295    9.6870317e-05     -0.013184969     0.0038395138     0.0079616187   -0.00089659297    9.1093825e-31   -1.6021766e-19    -9.156439e-20    7.1824692e-19             4190                1
    -0.0035561819    5.3601521e-05     -0.010003889     0.0021452776    -0.0069945394    -0.0017498219    9.1093825e-31   -1.6021766e-19    -9.156439e-20    7.1824692e-19             4450                1
     0.0017866746    5.6589797e-05       -0.0128693    0.00016786699    0.00091919774     0.0001243337    9.1093825e-31   -1.6021766e-19    -9.156439e-20    7.1824692e-19             4058                1
     -0.001597776    8.6995002e-05     -0.011137515    0.00051393831    -0.0015008394     0.0056455247    9.1093825e-31   -1.6021766e-19    -9.156439e-20    7.1824692e-19             4437                1
     0.0018861026     6.075345e-06      0.012237038    0.00053565588     0.0026070576    -0.0036314894    9.1093825e-31   -1.6021766e-19    -9.156439e-20    7.1824692e-19             4559                1
    -0.0010644678    4.1471012e-05    -0.0060191741     0.0015716995     0.0090833129     0.0016586902    9.1093825e-31   -1.6021766e-19    -9.156439e-20    7.1824692e-19             4462                1
     0.0036566346    1.2630011e-05      0.012767286     0.0022253094    -0.0090452125     0.0049265432    9.1093825e-31   -1.6021766e-19    -9.156439e-20    7.1824692e-19             4198                1
     0.0014462809    5.3501193e-05      0.011299815     0.0062819771    -0.0061778827    -0.0036908912    9.1093825e-31   -1.6021766e-19    -9.156439e-20    7.1824692e-19             4057                1
     0.0019762143     2.742896e-05      0.012237962     0.0038046769    -0.0091442335      0.002493853    9.1093825e-31   -1.6021766e-19    -9.156439e-20    7.1824692e-19             4286                1
    0.00035616654    9.6320648e-05    -0.0087473029    0.00013533277    -0.0030429566    0.00031933124    9.1093825e-31   -1.6021766e-19    -9.156439e-20    7.1824692e-19             4599                1
     0.0019102958    1.7735973e-05      0.011364471   -0.00059933809     0.0012180599    0.00012433053    9.1093825e-31   -1.6021766e-19    -9.156439e-20    7.1824692e-19             4440                1
    -0.0013968321     8.334755e-05    -0.0084634535   -0.00018734201       -0.0026513     0.0021681844    9.1093825e-31   -1.6021766e-19    -9.156439e-20    7.1824692e-19             4472                1
     -0.002939366    5.0754537e-05     -0.014612698   -5.4971319e-05     0.0017764322    -0.0013792687    9.1093825e-31   -1.6021766e-19    -9.156439e-20    7.1824692e-19              422                0
     0.0017696724    1.1839187e-05     0.0071508419    -0.0012206782    -0.0072736796    -0.0054689902    9.1093825e-31   -1.6021766e-19    -9.156439e-20    7.1824692e-19             4066                1
      0.001535645    1.8558001e-05      0.011369004     0.0061223172     0.0040651532    -0.0058202166    9.1093825e-31   -1.6021766e-19    -9.156439e-20    7.1824692e-19             4500                1
    -0.0014366078    6.3635838e-05     -0.006705679     0.0040805046      0.009076965    -0.0034677114    9.1093825e-31   -1.6021766e-19    -9.156439e-20    7.1824692e-19             4348                1
     0.0035293617    1.5327434e-05      0.012531058     0.0060745603     -0.010357318    -0.0065103793    9.1093825e-31   -1.6021766e-19    -9.156439e-20    7.1824692e-19             4332                1
   -3.9620452e-05    9.7570395e-05     -0.005868183     0.0039705089    -0.0033808972     0.0014619201    9.1093825e-31   -1.6021766e-19    -9.156439e-20    7.1824692e-19             4612                1
     0.0001749115    2.4253703e-05      0.012368171    -0.0014331202    -0.0084831314     0.0013583412    9.1093825e-31   -1.6021766e-19    -9.156439e-20    7.1824692e-19             4135                1
     -0.001872452    4.8200822e-05     0.0019141095    6.4630716e-05     0.0077471221    -0.0033145773    9.1093825e-31   -1.6021766e-19    -9.156439e-20    7.1824692e-19             4405                1
     0.0053830701    2.6565314e-05     0.0032313683     0.0002733352    -0.0010176916   -0.00070511957    9.1093825e-31   -1.6021766e-19    -9.156439e-20    7.1824692e-19              581                0
    -0.0004649531     5.908596e-05     -0.008294736    -0.0040452885     0.0078223217    0.00025161332    9.1093825e-31   -1.6021766e-19    -9.156439e-20    7.1824692e-19             4212                1
   -0.00081441418    6.2415915e-05    -0.0084893294     0.0015902781     0.0081186872     0.0012293154    9.1093825e-31   -1.6021766e-19    -9.156439e-20    7.1824692e-19             4257                1
       0.00138476    6.6444016e-05     0.0015089571   -7.7038902e-05   -0.00021539106    -0.0016367626    9.1093825e-31   -1.6021766e-19    -9.156439e-20    7.1824692e-19              641                0
    -0.0013333615    1.2893174e-05      0.011132895     0.0045497892     -0.010039426    -0.0025683213    9.1093825e-31   -1.6021766e-19    -9.156439e-20    7.1824692e-19             4277                1
   -0.00018525694    1.1080542e-05     0.0033869271   -5.9938386e-05     0.0048527122     0.0016313725    9.1093825e-31   -1.6021766e-19    -9.156439e-20    7.1824692e-19             4541                1
     0.0068204063    4.4587694e-05    -0.0074787163     0.0018143224     -0.000798236    -0.0012179591    9.1093825e-31   -1.6021766e-19    -9.156439e-20    7.1824692e-19             4064                1
   -0.00081888388    9.2750466e-05    -0.0058465321     0.0038255088    -0.0010026108     0.0020749567    9.1093825e-31   -1.6021766e-19    -9.156439e-20    7.1824692e-19             4510                1
   -0.00093665917    5.7848974e-06     0.0061235712    -0.0045765569     0.0028022034     -0.003470049    9.1093825e-31   -1.6021766e-19    -9.156439e-20    7.1824692e-19             4549                1
     0.0028752212    6.7414549e-05      0.014309406    -0.0035171637    -0.0060739382     0.0036333224    9.1093825e-31   -1.6021766e-19    -9.156439e-20    7.1824692e-19             4294                1
    -0.0014398431    8.3810031e-05     -0.012637769     0.0011663084     0.0074938787    9.7525583e-05    9.1093825e-31   -1.6021766e-19    -9.156439e-20    7.1824692e-19             4199                1
     0.0015101108    8.9530418e-05    -0.0088814348     0.0010610675    -0.0074947607    -0.0075678667    9.1093825e-31   -1.6021766e-19    -9.156439e-20    7.1824692e-19             4588                1
     0.0094344039    3.7225582e-05    -0.0040613771    0.00047978194    2.2616137e-05     0.0016113888    9.1093825e-31   -1.6021766e-19    -9.156439e-20    7.1824692e-19              821                0
    -0.0024308886    9.2484872e-05    -0.0019800111    0.00035933178    -0.0059489878   -0.00078733388    9.1093825e-31   -1.6021766e-19    -9.156439e-20    7.1824692e-19             4596                1
   -9.2197959e-05    2.4719804e-05     0.0041901642     0.0019647398     0.0086542713     0.0029772532    9.1093825e-31   -1.6021766e-19    -9.156439e-20    7.1824692e-19             4526                1
     0.0014366911     6.209319e-05     -0.013002092    4.4291482e-05     -0.010317006   -0.00029188974    9.1093825e-31   -1.6021766e-19    -9.156439e-20    7.1824692e-19             4504                1
    -0.0026098534    7.1064562e-05    -0.0020499942    0.00043424164     0.0094773704   -0.00083850231    9.1093825e-31   -1.6021766e-19    -9.156439e-20    7.1824692e-19             4335                1
    -0.0010330501    1.5427744e-05     0.0059723542     0.0044396329     0.0016854772    0.00057019549    9.1093825e-31   -1.6021766e-19    -9.156439e-20    7.1824692e-19             4384                1
     0.0022726338    5.0424544e-05    -0.0091450363     0.0036640535    -0.0076721413     0.0011208332    9.1093825e-31   -1.6021766e-19    -9.156439e-20    7.1824692e-19             4457                1
    0.00016471236     5.063487e-05    0.00019306834     -0.004063034      0.010172719    -0.0028705196    9.1093825e-31   -1.6021766e-19    -9.156439e-20    7.1824692e-19             4446                1
    0.00042944876    6.9652146e-05     0.0003264572    -0.0014289786     0.0072728698    -0.0029581441    9.1093825e-31   -1.6021766e-19    -9.156439e-20    7.1824692e-19             4252                1
    -0.0018038639    4.5208082e-05     0.0018044456   -8.4636806e-05        0.0084026    -0.0040849964    9.1093825e-31   -1.6021766e-19    -9.156439e-20    7.1824692e-19             4433                1
     0.0030018606     6.653669e-05    -0.0045361798    0.00051705417     0.0092971995    0.00063360104    9.1093825e-31   -1.6021766e-19    -9.156439e-20    7.1824692e-19             4357                1
    -0.0013470448    6.9108406e-05    -0.0085822111    0.00080736779     0.0086139059    0.00087054842    9.1093825e-31   -1.6021766e-19    -9.156439e-20    7.1824692e-19             4278                1
   -0.00085159193       1.5706e-05    -0.0083382372   -0.00024695479    0.00046961606     0.0022054382    9.1093825e-31   -1.6021766e-19    -9.156439e-20    7.1824692e-19             3770                1
     0.0025196772    8.8527937e-05    -0.0076248888   -6.6028108e-05    -0.0087798815    -0.0037823929    9.1093825e-31   -1.6021766e-19    -9.156439e-20    7.1824692e-19             4594                1
     0.0039583081     8.652949e-06    0.00095818902    -0.0015098304   -0.00040372374    -0.0015105929    9.1093825e-31   -1.6021766e-19    -9.156439e-20    7.1824692e-19              118                0
    -0.0013972665    9.7025313e-06      0.011105427    -0.0018148789      0.008842757   -0.00015681981    9.1093825e-31   -1.6021766e-19    -9.156439e-20    7.1824692e-19             4601                1
    -0.0093801469    4.7256399e-05      -0.00359488    0.00051305821    0.00042511543    0.00042817742    9.1093825e-31   -1.6021766e-19    -9.156439e-20    7.1824692e-19              158                0
      -0.00150112    4.3518776e-05    -0.0083520627    0.00036144388     0.0067153443    -0.0036079921    9.1093825e-31   -1.6021766e-19    -9.156439e-20    7.1824692e-19             4209                1
     0.0018240905    1.4973218e-05      0.012098987      0.001284276     0.0047416454    0.00075604994    9.1093825e-31   -1.6021766e-19    -9.156439e-20    7.1824692e-19             4536                1
    0.00068486121    2.3854411e-05    0.00031715064    -0.0012818973     0.0089185899     0.0013666817    9.1093825e-31   -1.6021766e-19    -9.156439e-20    7.1824692e-19             4529                1
    -0.0010794546    7.6186945e-05     0.0059580011   -0.00039709997    0.00056150422    0.00040691125    9.1093825e-31   -1.6021766e-19    -9.156439e-20    7.1824692e-19             4019                1
     0.0068346066    9.2980539e-05     -0.013469108    -0.0004317018      0.001431182    0.00094238069    9.1093825e-31   -1.6021766e-19    -9.156439e-20    7.1824692e-19              213                0
     0.0010003395    6.6504236e-07     0.0057524242     0.0044154138      0.001448108     0.0025653932    9.1093825e-31   -1.6021766e-19    -9.156439e-20    7.1824692e-19             4622                1
    -0.0011393386    5.6492954e-05     0.0057956581    -0.0014346734   -0.00021436404    0.00045538883    9.1093825e-31   -1.6021766e-19    -9.156439e-20    7.1824692e-19             4020                1
    -0.0013189894    9.4553558e-05     -0.012468268     0.0025440292    -0.0017591576   -0.00056261726    9.1093825e-31   -1.6021766e-19    -9.156439e-20    7.1824692e-19             4501                1
     0.0048645576     2.764303e-06     0.0071989894     0.0057065971     0.0024589314    9.2204071e-05    9.1093825e-31   -1.6021766e-19    -9.156439e-20    7.1824692e-19             4597                1
    -0.0015064476    7.4185387e-05     -0.012326323    0.00068832346    -0.0056270687     0.0010873283    9.1093825e-31   -1.6021766e-19    -9.156439e-20    7.1824692e-19             4473                1
    -0.0015004337    8.9081484e-05    -0.0085932286    -0.0015918615    -0.0077960086    0.00017949086    9.1093825e-31   -1.6021766e-19    -9.156439e-20    7.1824692e-19             4591                1
    0.00093730487    8.9233319e-05    -0.0096093835    0.00017076643    0.00012745468    -0.0002837939    9.1093825e-31   -1.6021766e-19    -9.156439e-20    7.1824692e-19             4408                1
    0.00041386855    8.2528983e-05    -0.0086017139    -0.0030704618    -0.0044606575   -0.00063018192    9.1093825e-31   -1.6021766e-19    -9.156439e-20    7.1824692e-19             4513                1
     0.0019843904    8.0864811e-05     -0.012662375   -0.00077537022    -0.0033949655     0.0016135108    9.1093825e-31   -1.6021766e-19    -9.156439e-20    7.1824692e-19             4451                1
     0.0015812655    1.6427512e-06      0.007258404     0.0077714399     0.0033912887    0.00037150679    9.1093825e-31   -1.6021766e-19    -9.156439e-20    7.1824692e-19             4623                1
     0.0010828181    2.3034463e-06      0.013555248    0.00015313792     0.0045753582   -0.00077148684    9.1093825e-31   -1.6021766e-19    -9.156439e-20    7.1824692e-19             4624                1
      0.001528448    7.7158096e-05    -0.0086976709     0.0058392943     0.0092857927    -0.0024892872    9.1093825e-31   -1.6021766e-19    -9.156439e-20    7.1824692e-19             4293                1
     0.0010756206    1.3748141e-06     0.0060254331   -0.00078035757    -0.0075149843      0.001509576    9.1093825e-31   -1.6021766e-19    -9.156439e-20    7.1824692e-19             4090                1
     0.0012612666    7.8761141e-06     0.0023659777     0.0010418297     0.0027826342     0.0017540612    9.1093825e-31   -1.6021766e-19    -9.156439e-20    7.1824692e-19             4402                1
     0.0032163227    8.0292193e-05     0.0078888061   -0.00068941514    -0.0025624461   -0.00054110383    9.1093825e-31   -1.6021766e-19    -9.156439e-20    7.1824692e-19              903                0
     -0.008401012    6.1548169e-05       0.01022772    0.00097955891   -0.00042710573    0.00071634841    9.1093825e-31   -1.6021766e-19    -9.156439e-20    7.1824692e-19              578                0
     0.0014559287    5.4200547e-05      0.011645699     0.0018575154    -0.0070268274     0.0033715502    9.1093825e-31   -1.6021766e-19    -9.156439e-20    7.1824692e-19             4267                1
      0.008415604    3.8744536e-05     0.0096203927      0.001751681   -0.00056124781    0.00014760019    9.1093825e-31   -1.6021766e-19    -9.156439e-20    7.1824692e-19              618                0
     0.0016547355    2.3001012e-05     0.0068161837    -0.0041041067    -0.0067529669   -0.00040697239    9.1093825e-31   -1.6021766e-19    -9.156439e-20    7.1824692e-19             4086                1
    -0.0023389005    5.3025673e-05     0.0028330372    -0.0041366648     0.0067906263   -0.00045738337    9.1093825e-31   -1.6021766e-19    -9.156439e-20    7.1824692e-19             4372                1
     0.0031775036    1.0522671e-05      0.014037726   -1.3381542e-05     -0.010939093     7.516436e-05    9.1093825e-31   -1.6021766e-19    -9.156439e-20    7.1824692e-19             4323                1
   -0.00090252067    2.5178288e-05     0.0059659975    -0.0022112683     0.0055392408    -0.0016027616    9.1093825e-31   -1.6021766e-19    -9.156439e-20    7.1824692e-19             4467                1
    -0.0015033727    9.4210649e-05    -0.0085828695    -0.0037128408    -0.0040953369     0.0076536606    9.1093825e-31   -1.6021766e-19    -9.156439e-20    7.1824692e-19             4592                1
     0.0011844978    3.9596373e-05      0.005884863     0.0041622487     0.0051174788     0.0037543247    9.1093825e-31   -1.6021766e-19    -9.156439e-20    7.1824692e-19             4406                1
    -0.0014067407    7.6839337e-05     -0.012652053     0.0032564991     0.0070507582   -0.00080502167    9.1093825e-31   -1.6021766e-19    -9.156439e-20    7.1824692e-19             4200                1
     0.0020483762    1.2472537e-05      0.014660486   -0.00081929297     0.0051525384    0.00018314664    9.1093825e-31   -1.6021766e-19    -9.156439e-20    7.1824692e-19             4553                1
     0.0035396407    1.7739843e-05     0.0093003483    -0.0037131719    -0.0088352617     0.0039278404    9.1093825e-31   -1.6021766e-19    -9.156439e-20    7.1824692e-19             4304                1
     0.0011282814    6.9835784e-05    -0.0066255182    -0.0030133519     0.0097248349    -0.0055452124    9.1093825e-31   -1.6021766e-19    -9.156439e-20    7.1824692e-19             4353                1
    -0.0067211241    1.4691063e-05     0.0051825186   -0.00049101678    -0.0011368045      0.001069205    9.1093825e-31   -1.6021766e-19    -9.156439e-20    7.1824692e-19              573                0
     0.0011971259    6.3514985e-05    -0.0069267158    0.00023849435     0.0081987549    0.00036742678    9.1093825e-31   -1.6021766e-19    -9.156439e-20    7.1824692e-19             4197                1
    0.00081089872    4.2518106e-05     0.0010106061    0.00073200557     0.0060999007    -0.0016863445    9.1093825e-31   -1.6021766e-19    -9.156439e-20    7.1824692e-19             4333                1
   -0.00085507391    5.0750285e-05    -0.0084141307    0.00057844963     0.0074331942   -0.00052698632    9.1093825e-31   -1.6021766e-19    -9.156439e-20    7.1824692e-19             4327                1
     0.0015198685    8.0075763e-05    -0.0089226663    -0.0015796997    -0.0035627547   -0.00047561756    9.1093825e-31   -1.6021766e-19    -9.156439e-20    7.1824692e-19             4475                1
   -0.00015903007    2.1750098e-05     0.0034336809     0.0017444722     0.0082241986     0.0036177833    9.1093825e-31   -1.6021766e-19    -9.156439e-20    7.1824692e-19             4534                1
     0.0014539358    8.9312773e-05    -0.0089124646    -0.0028080232    -0.0047681853       0.00473102    9.1093825e-31   -1.6021766e-19    -9.156439e-20    7.1824692e-19             4556                1
      0.001172101     4.278395e-06      0.013679264    0.00021201598     0.0037127822     0.0036602253    9.1093825e-31   -1.6021766e-19    -9.156439e-20    7.1824692e-19             4602                1
    -0.0063983374    1.3294284e-05     0.0051139579   -0.00087699352      -0.00121904    -0.0027878776    9.1093825e-31   -1.6021766e-19    -9.156439e-20    7.1824692e-19              985                0
   -0.00091247936    1.4386957e-05     0.0058270451     0.0023732495     0.0038427634     0.0010064472    9.1093825e-31   -1.6021766e-19    -9.156439e-20    7.1824692e-19             4482                1
     0.0075854799    6.1035775e-05    0.00079968886   -0.00052659318   -5.2862077e-05     0.0012065419    9.1093825e-31   -1.6021766e-19    -9.156439e-20    7.1824692e-19              614                0
    0.00040126592    5.1395236e-05    0.00030233915   -0.00048991496      0.011990584    0.00045298046    9.1093825e-31   -1.6021766e-19    -9.156439e-20    7.1824692e-19             4469                1
     0.0010458815    8.6489184e-05    -0.0096398983    -0.0035901458    -0.0023942173    -0.0038567269    9.1093825e-31   -1.6021766e-19    -9.156439e-20    7.1824692e-19             4477                1
     8.458487e-05    3.0523268e-05     -0.013316042   -7.7436795e-05     0.0024348521    0.00029361714    9.1093825e-31   -1.6021766e-19    -9.156439e-20    7.1824692e-19               79                0
     0.0012495647    4.6571171e-05     0.0023460458   -0.00035033817     0.0073885135   -0.00060861482    9.1093825e-31   -1.6021766e-19    -9.156439e-20    7.1824692e-19             4403                1
    -0.0042226459     9.344206e-05    -0.0097477846    -0.0019009396    -0.0044224327     0.0028899438    9.1093825e-31   -1.6021766e-19    -9.156439e-20    7.1824692e-19             4584                1
     0.0016332362    3.8139071e-05    -0.0051771724     0.0046273908     0.0074756206    -0.0036176473    9.1093825e-31   -1.6021766e-19    -9.156439e-20    7.1824692e-19             4423                1
    -0.0022497552    4.2876123e-05     0.0028058037     0.0047780941     0.0057857754    -0.0031820475    9.1093825e-31   -1.6021766e-19    -9.156439e-20    7.1824692e-19             4373                1
    -0.0016224384    2.1823043e-05      0.010694521    0.00055062788    -0.0097111091   -4.3209799e-05    9.1093825e-31   -1.6021766e-19    -9.156439e-20    7.1824692e-19             4345                1
   -2.9500558e-05    4.8709016e-06     0.0042965957    -0.0042740032    -0.0064332387    -0.0024283044    9.1093825e-31   -1.6021766e-19    -9.156439e-20    7.1824692e-19             4136                1
   -5.2696614e-05    4.2628794e-06     0.0037610712    -0.0037695887     0.0063562822     0.0016901665    9.1093825e-31   -1.6021766e-19    -9.156439e-20    7.1824692e-19             4613                1
     0.0015637309    4.3120276e-06        0.0121655    -0.0064194505     -0.010814117    0.00031516937    9.1093825e-31   -1.6021766e-19    -9.156439e-20    7.1824692e-19             4273                1
   -0.00094881107     9.060622e-05    -0.0027914769    -0.0052111596      0.010998904     0.0021053741    9.1093825e-31   -1.6021766e-19    -9.156439e-20    7.1824692e-19             4298                1
     0.0013305943    4.5778863e-05     0.0023257874    6.4386666e-05     0.0060761119     0.0001586049    9.1093825e-31   -1.6021766e-19    -9.156439e-20    7.1824692e-19             4366                1
     0.0019949987    1.1022997e-06      0.010641567     -0.005771081     0.0055661225     0.0012093119    9.1093825e-31   -1.6021766e-19    -9.156439e-20    7.1824692e-19             4634                1
     0.0013457685    9.3962872e-06      0.011487147    -0.0025863675     0.0047917967     -0.002800615    9.1093825e-31   -1.6021766e-19    -9.156439e-20    7.1824692e-19             4566                1
    -0.0015411719    9.1688496e-05     -0.012470815    -0.0019603823    -0.0094755087     -0.001027131    9.1093825e-31   -1.6021766e-19    -9.156439e-20    7.1824692e-19             4603                1
    0.00084421103    2.2526592e-05     0.0059720045    -0.0018094378     0.0048553841    0.00017480158    9.1093825e-31   -1.6021766e-19    -9.156439e-20    7.1824692e-19             4466                1
     0.0013724079    7.6322009e-05    -0.0088764876    0.00064997014      0.010226332   -0.00096563902    9.1093825e-31   -1.6021766e-19    -9.156439e-20    7.1824692e-19             4386                1
     0.0015643071     7.743384e-05     0.0025810483     0.0021234215     0.0094126603     0.0011719682    9.1093825e-31   -1.6021766e-19    -9.156439e-20    7.1824692e-19             4374                1
   -0.00022902615    1.2435246e-05      0.013746036    -0.0068966835     0.0025184997    -0.0020912986    9.1093825e-31   -1.6021766e-19    -9.156439e-20    7.1824692e-19             4514                1
   -0.00090902194    5.3166415e-05    -0.0027215714    5.8239373e-05       0.00982471    0.00020001372    9.1093825e-31   -1.6021766e-19    -9.156439e-20    7.1824692e-19             4426                1
     0.0011676274    4.1192532e-05    -0.0065913191    0.00059940771     0.0070923567    -0.0024106139    9.1093825e-31   -1.6021766e-19    -9.156439e-20    7.1824692e-19             4354                1
   -0.00077587058    3.1326214e-05     -0.002985392   -0.00034793231     0.0084241675    0.00045635889    9.1093825e-31   -1.6021766e-19    -9.156439e-20    7.1824692e-19             4481                1
     0.0010360117    9.4668176e-06      0.013697903    -0.0042940909     0.0021694605    -0.0023079561    9.1093825e-31   -1.6021766e-19    -9.156439e-20    7.1824692e-19             4528                1
     0.0014006823    3.4750214e-05      0.011466949     0.0013183395    -0.0088366931    -0.0046890662    9.1093825e-31   -1.6021766e-19    -9.156439e-20    7.1824692e-19             4336                1
    -0.0011940565    7.9570375e-05    -0.0057497337    -0.0014251764      0.011266945    0.00038374623    9.1093825e-31   -1.6021766e-19    -9.156439e-20    7.1824692e-19             4380                1
     0.0013562341    3.8494827e-06      0.011495114     0.0029778732     0.0018435649     0.0014357332    9.1093825e-31   -1.6021766e-19    -9.156439e-20    7.1824692e-19             4567                1
     0.0033878756    2.4123485e-06      0.012717741    0.00018342599     -0.011885845     0.0021365376    9.1093825e-31   -1.6021766e-19    -9.156439e-20    7.1824692e-19             4365                1
    -0.0025714426    6.3572741e-05    -0.0018504767     0.0014158371     0.0098013664    -0.0029555589    9.1093825e-31   -1.6021766e-19    -9.156439e-20    7.1824692e-19             4394                1
    -0.0012065117    1.4630803e-05      0.006628057    -0.0023803506     0.0081037674    -0.0020661319    9.1093825e-31   -1.6021766e-19    -9.156439e-20    7.1824692e-19             4568                1
   -0.00090835307    7.3885807e-05    -0.0083932849     0.0013760335    -0.0081368703    -0.0013505565    9.1093825e-31   -1.6021766e-19    -9.156439e-20    7.1824692e-19             4530                1
     0.0012395994    4.1923518e-05      0.013633613     0.0023388439    -0.0081389043    0.00045810273    9.1093825e-31   -1.6021766e-19    -9.156439e-20    7.1824692e-19             4241                1
     0.0046921545    4.0612529e-05     0.0072449851    -0.0013347769    -0.0006617427    0.00051229884    9.1093825e-31   -1.6021766e-19    -9.156439e-20    7.1824692e-19             3998                1
   -0.00097776181    3.1740672e-06      0.005939038    1.0612137e-05     0.0047293738    7.8917346e-06    9.1093825e-31   -1.6021766e-19    -9.156439e-20    7.1824692e-19             4614                1
     0.0014148895    8.8729248e-05    -0.0033901669    0.00077583123      0.011594447    -0.0033552868    9.1093825e-31   -1.6021766e-19    -9.156439e-20    7.1824692e-19             4349                1
     0.0011014539    8.6996384e-05    -0.0067709447    -0.0010835724    -0.0015795447     0.0045054602    9.1093825e-31   -1.6021766e-19    -9.156439e-20    7.1824692e-19             4478                1
     0.0015044236     8.609872e-05     -0.012865046     0.0028795856    -0.0025743512    6.9128686e-07    9.1093825e-31   -1.6021766e-19    -9.156439e-20    7.1824692e-19             4449                1
    -0.0016009873    9.2873524e-05     -0.011225659    -0.0030636834     0.0098444624    -0.0027390893    9.1093825e-31   -1.6021766e-19    -9.156439e-20    7.1824692e-19             4328                1
    -0.0029120529    9.6339121e-05    -0.0056513883    0.00045036382    -0.0091889473     0.0033486173    9.1093825e-31   -1.6021766e-19    -9.156439e-20    7.1824692e-19             4625                1
   -0.00034746973    7.2517381e-05    -0.0082617383    0.00013055801     0.0085884165    0.00015437455    9.1093825e-31   -1.6021766e-19    -9.156439e-20    7.1824692e-19             4180                1
     0.0020155078    3.4353365e-05    -0.0031327351     0.0090070376    -0.0002030794    -0.0036052451    9.1093825e-31   -1.6021766e-19    -9.156439e-20    7.1824692e-19             3800                1
    -0.0016415627    7.6569428e-05      -0.01236562     -0.002109492       0.00751126     0.0017453877    9.1093825e-31   -1.6021766e-19    -9.156439e-20    7.1824692e-19             4295                1
    -0.0027554575    5.4769444e-05    -0.0068222536     0.0021947809     0.0078013968   -0.00029504721    9.1093825e-31   -1.6021766e-19    -9.156439e-20    7.1824692e-19             4305                1
     -0.001436848    9.3478047e-05    -0.0083175777      0.004444072     0.0099023478     -0.001408395    9.1093825e-31   -1.6021766e-19    -9.156439e-20    7.1824692e-19             4210                1
   -2.2108507e-05    1.3872783e-05     0.0038597407     0.0053491043     0.0056630992    -0.0038283761    9.1093825e-31   -1.6021766e-19    -9.156439e-20    7.1824692e-19             4537                1
   -0.00089584745     3.661837e-05    -0.0027354781    -0.0008971215     0.0065879999     0.0066559589    9.1093825e-31   -1.6021766e-19    -9.156439e-20    7.1824692e-19             4299                1
    -0.0014731548    9.8728538e-05    -0.0066661234    -0.0016408596    -0.0042516841    -0.0054096272    9.1093825e-31   -1.6021766e-19    -9.156439e-20    7.1824692e-19             4629                1
    -0.0011326403     1.678035e-06     0.0061301417   -0.00029360791     0.0020697543    0.00042096959    9.1093825e-31   -1.6021766e-19    -9.156439e-20    7.1824692e-19             4605                1
     0.0011874014    2.6560365e-05     0.0077024773    7.3838615e-05     0.0061545251   -0.00077366625    9.1093825e-31   -1.6021766e-19    -9.156439e-20    7.1824692e-19             4489                1
   -7.2447452e-05    2.0552998e-05      0.013766646    0.00013536251     -0.010873402   -0.00025668435    9.1093825e-31   -1.6021766e-19    -9.156439e-20    7.1824692e-19             4359                1
     0.0010846134    5.9921367e-06     0.0060203192   -0.00032624725    -0.0072791623     0.0012508761    9.1093825e-31   -1.6021766e-19    -9.156439e-20    7.1824692e-19             4091                1
    -0.0019003189    1.4904559e-05     0.0064819488     0.0030919742     0.0019849984     0.0029719584    9.1093825e-31   -1.6021766e-19    -9.156439e-20    7.1824692e-19             4411                1
     0.0017124254     1.169679e-05    -0.0029820167   -0.00096739974     0.0043731006     0.0006494468    9.1093825e-31   -1.6021766e-19    -9.156439e-20    7.1824692e-19             4505                1
     0.0016136849    5.8053298e-05     0.0024916576      0.002135573     0.0068826256   -0.00083844451    9.1093825e-31   -1.6021766e-19    -9.156439e-20    7.1824692e-19             4350                1
     0.0014790697    6.1712572e-06    -0.0087737832    0.00019080818   -7.7580165e-07      0.003864299    9.1093825e-31   -1.6021766e-19    -9.156439e-20    7.1824692e-19             3808                1
      0.001632628     1.810183e-06      0.010391466    -0.0030425864    0.00021619147    -0.0023822158    9.1093825e-31   -1.6021766e-19    -9.156439e-20    7.1824692e-19             4518                1
   -0.00093670317    9.9754026e-05    -0.0028706486    -0.0022073167      0.012058861     3.664046e-05    9.1093825e-31   -1.6021766e-19    -9.156439e-20    7.1824692e-19             4318                1
    -0.0012070723    2.3901426e-05     0.0061696381    0.00025646275     0.0091129625    5.0642353e-05    9.1093825e-31   -1.6021766e-19    -9.156439e-20    7.1824692e-19             4542                1
   -0.00097439863    3.4220269e-05     0.0061007417     0.0021129872     0.0088338722     0.0082738418    9.1093825e-31   -1.6021766e-19    -9.156439e-20    7.1824692e-19             4495                1
    -0.0033328631    9.0973161e-05    -0.0099743586     0.0061363205     -0.003476612    0.00041030894    9.1093825e-31   -1.6021766e-19    -9.156439e-20    7.1824692e-19             4548                1
    7.4181144e-06     4.008602e-06      0.013803155     0.0075371661     -0.012407196      0.003130618    9.1093825e-31   -1.6021766e-19    -9.156439e-20    7.1824692e-19             4360                1
   -0.00092665589    6.4122864e-06     0.0060335961    -0.0052646012      0.005257457      0.002562996    9.1093825e-31   -1.6021766e-19    -9.156439e-20    7.1824692e-19             4595                1
    -0.0014367598    8.4111671e-05    -0.0079361862    -0.0024897296    -0.0027718584     0.0024209681    9.1093825e-31   -1.6021766e-19    -9.156439e-20    7.1824692e-19             4490                1
   -5.1255116e-05    1.8357536e-05     0.0035246441   -6.4876163e-05    -0.0050118063    5.5145363e-05    9.1093825e-31   -1.6021766e-19    -9.156439e-20    7.1824692e-19             4024                1
     0.0005984442    6.3967345e-05    -0.0038154926      0.002916584      0.013336201    -0.0012321904    9.1093825e-31   -1.6021766e-19    -9.156439e-20    7.1824692e-19             4459                1
     0.0032763546    1.1514941e-05      0.014082007     0.0016864716       0.00649449    -0.0014091186    9.1093825e-31   -1.6021766e-19    -9.156439e-20    7.1824692e-19             4577                1
      -0.00121816    9.5795214e-05    -0.0085503114     0.0037070992    -0.0017416156    -0.0042089149    9.1093825e-31   -1.6021766e-19    -9.156439e-20    7.1824692e-19             4557                1
    -0.0005483962    3.7468246e-06     0.0094765369   -0.00040951592     0.0047612539     -0.001646571    9.1093825e-31   -1.6021766e-19    -9.156439e-20    7.1824692e-19             4606                1
     0.0018199638    7.8297198e-05     -0.012535448    0.00066055037    -0.0038412448    -0.0018335327    9.1093825e-31   -1.6021766e-19    -9.156439e-20    7.1824692e-19             4453                1
      0.000367681    8.1721533e-05    -0.0036670025   -0.00026847061      0.012292604    -0.0004121142    9.1093825e-31   -1.6021766e-19    -9.156439e-20    7.1824692e-19             4398                1
    0.00045322231    5.2538689e-06      0.000202946     -0.004575694     0.0033948312     0.0028600628    9.1093825e-31   -1.6021766e-19    -9.156439e-20    7.1824692e-19             4560                1
    0.00089730788    3.8876486e-05     0.0059557236      0.000580911     0.0063248202      -0.00270748    9.1093825e-31   -1.6021766e-19    -9.156439e-20    7.1824692e-19             4439                1
   -0.00088316994    1.9958798e-05     0.0068625761     0.0048859655     0.0037308328   -0.00099633553    9.1093825e-31   -1.6021766e-19    -9.156439e-20    7.1824692e-19             4458                1
   -0.00054276088    1.5305747e-06     0.0094706006     0.0067062392     0.0019632257     -0.009141461    9.1093825e-31   -1.6021766e-19    -9.156439e-20    7.1824692e-19             4607                1
     0.0024885936    7.9931051e-05     -0.009223327     0.0032749078     0.0088680126    -0.0025575098    9.1093825e-31   -1.6021766e-19    -9.156439e-20    7.1824692e-19             4258                1
    -0.0039808187    2.9824375e-18      0.011543518    -0.0026172744     -0.011910679    -0.0016763266    9.1093825e-31   -1.6021766e-19    -9.156439e-20    7.1824692e-19             4367                1
     0.0016426154    5.5751461e-06     0.0074583706    0.00010880843    -0.0086292857    0.00074083457    9.1093825e-31   -1.6021766e-19    -9.156439e-20    7.1824692e-19             4235                1
     0.0017374323    9.6006632e-05    -0.0030297847     0.0029725845    -0.0030009155   -0.00020586404    9.1093825e-31   -1.6021766e-19    -9.156439e-20    7.1824692e-19             4600                1
   -0.00073967408    7.0703441e-05    -0.0084310248     0.0022984154     0.0082726954    -0.0016754068    9.1093825e-31   -1.6021766e-19    -9.156439e-20    7.1824692e-19             4153                1
    0.00039981262    3.7999704e-05      0.012408789     0.0048173671    -0.0084893508     0.0037158162    9.1093825e-31   -1.6021766e-19    -9.156439e-20    7.1824692e-19             4268                1
   -0.00064124702    9.2682189e-05     -0.007968599    4.5884844e-05     -0.010510541    -0.0011819105    9.1093825e-31   -1.6021766e-19    -9.156439e-20    7.1824692e-19             4615                1
   -0.00079489971    4.4714623e-05    -0.0029292686     0.0027682339     0.0078597069   -0.00057274947    9.1093825e-31   -1.6021766e-19    -9.156439e-20    7.1824692e-19             4381                1
   -0.00010041666    6.1142498e-05     0.0043218751    0.00089267507     0.0079641286   -0.00099316693    9.1093825e-31   -1.6021766e-19    -9.156439e-20    7.1824692e-19             4399                1
   -0.00074656826     6.745573e-05    -0.0081121959    -0.0014568943    -0.0078205029     0.0017194577    9.1093825e-31   -1.6021766e-19    -9.156439e-20    7.1824692e-19             4506                1
     0.0020003377     8.078992e-05     -0.012398263    7.6696568e-05    -0.0045530316   -0.00014636359    9.1093825e-31   -1.6021766e-19    -9.156439e-20    7.1824692e-19             4483                1
    -0.0042143064     9.337841e-05    -0.0097552044     0.0037149068    -0.0044642449    -0.0021068298    9.1093825e-31   -1.6021766e-19    -9.156439e-20    7.1824692e-19             4585                1
    -0.0012250005    2.7745809e-05     0.0060972613    0.00068942533     0.0038261462     0.0013564717    9.1093825e-31   -1.6021766e-19    -9.156439e-20    7.1824692e-19             4414                1
     0.0013906648     9.845362e-06      0.011457995   -0.00039594059    -0.0087968102    -0.0017284657    9.1093825e-31   -1.6021766e-19    -9.156439e-20    7.1824692e-19             4095                1
      0.001505676    3.4037432e-05       0.01143548     0.0054716715    -0.0075411838    -0.0028808098    9.1093825e-31   -1.6021766e-19    -9.156439e-20    7.1824692e-19             4096                1
   -0.00046229252    8.4343657e-05    -0.0081950389   -0.00078777882    -0.0028676048   -0.00012491478    9.1093825e-31   -1.6021766e-19    -9.156439e-20    7.1824692e-19             4493                1
    -0.0011590205    8.2740989e-06     0.0060711228     0.0081662713     0.0022868449    0.00049107795    9.1093825e-31   -1.6021766e-19    -9.156439e-20    7.1824692e-19             4471                1
    -0.0016655826    1.7917375e-05      0.010492726    6.3899606e-05     0.0089461049   -0.00047954574    9.1093825e-31   -1.6021766e-19    -9.156439e-20    7.1824692e-19             4561                1
     -0.001336014    6.7152432e-05     -0.012474465    -0.0017536073    -0.0086809983    -0.0021257759    9.1093825e-31   -1.6021766e-19    -9.156439e-20    7.1824692e-19             4502                1
   -0.00070894737    4.4222237e-05    -0.0081238607     0.0014898755     0.0068027475   -0.00042852433    9.1093825e-31   -1.6021766e-19    -9.156439e-20    7.1824692e-19             4160                1
    -0.0018238061    1.9639494e-05     0.0018259597    -0.0035436056      0.008252156     0.0050522503    9.1093825e-31   -1.6021766e-19    -9.156439e-20    7.1824692e-19             4545                1
   -0.00076171075    7.6380478e-05    -0.0084428042    -0.0029649436    -0.0059534619    -0.0021217663    9.1093825e-31   -1.6021766e-19    -9.156439e-20    7.1824692e-19             4512                1
     0.0014562549    9.3193179e-05     -0.013074738     0.0073489263    -0.0032728342    -0.0051204171    9.1093825e-31   -1.6021766e-19    -9.156439e-20    7.1824692e-19             4550                1
     0.0021538006    8.8137916e-05    -0.0091761593      0.003180858     -0.003260565     0.0021710263    9.1093825e-31   -1.6021766e-19    -9.156439e-20    7.1824692e-19             4521                1
     -0.002095971    1.2499802e-05     0.0062843431    0.00084985374     0.0086980462     0.0005010172    9.1093825e-31   -1.6021766e-19    -9.156439e-20    7.1824692e-19             4586                1
    -0.0014189105    1.4646326e-05      0.011147835    0.00078130898     0.0033645323   -9.7305863e-05    9.1093825e-31   -1.6021766e-19    -9.156439e-20    7.1824692e-19             4507                1
    -0.0012634145    1.6386624e-05     0.0066259545    -0.0011786397     0.0051921355    -0.0003382657    9.1093825e-31   -1.6021766e-19    -9.156439e-20    7.1824692e-19             4519                1
    -0.0013603478    3.9442824e-05      0.011192948   -0.00021526449     0.0079161534    -0.0032763842    9.1093825e-31   -1.6021766e-19    -9.156439e-20    7.1824692e-19             4484                1
     -0.001480459    8.4116669e-05     -0.007909148     -0.004585465     0.0095378133     0.0025158804    9.1093825e-31   -1.6021766e-19    -9.156439e-20    7.1824692e-19             4225                1
     -0.001141056    6.8622743e-05     -0.012714488   -0.00035312143    -0.0081713907    -0.0022114804    9.1093825e-31   -1.6021766e-19    -9.156439e-20    7.1824692e-19             4496                1
    -0.0014968819    8.1124708e-05    -0.0084567443    -0.0022984387     0.0092488239    -0.0010361098    9.1093825e-31   -1.6021766e-19    -9.156439e-20    7.1824692e-19             4231                1
     0.0015663959    9.5933989e-05     -0.013254072   -0.00040264885     -0.005291895   -0.00094644021    9.1093825e-31   -1.6021766e-19    -9.156439e-20    7.1824692e-19             4608                1
    -0.0012666198    9.9203971e-05    -0.0085499063    -0.0035877677    -0.0013186393     0.0014885181    9.1093825e-31   -1.6021766e-19    -9.156439e-20    7.1824692e-19             4617                1
    -0.0040543871    9.6389587e-05    -0.0096332906    -0.0066162595    -0.0020136689     0.0050054905    9.1093825e-31   -1.6021766e-19    -9.156439e-20    7.1824692e-19             4573                1
   -0.00085696799    4.4568325e-05      0.006172522     0.0046815393     0.0037002035     0.0042300574    9.1093825e-31   -1.6021766e-19    -9.156439e-20    7.1824692e-19             4351                1
     0.0018166817    3.8826409e-05     0.0072894036    0.00094072387     0.0090101501    9.1931412e-05    9.1093825e-31   -1.6021766e-19    -9.156439e-20    7.1824692e-19             4485                1
    0.00031965988     6.507017e-05    -0.0087714437    0.00074524782    -0.0072277277   -0.00042735488    9.1093825e-31   -1.6021766e-19    -9.156439e-20    7.1824692e-19             4486                1
    -0.0042608259    8.3953033e-05    -0.0096971542   -0.00027604314    -0.0038410313    7.4016869e-05    9.1093825e-31   -1.6021766e-19    -9.156439e-20    7.1824692e-19             4497                1
     0.0019434135    6.7873472e-05     -0.012350109   -0.00046188105    -0.0084582167   -9.9706143e-05    9.1093825e-31   -1.6021766e-19    -9.156439e-20    7.1824692e-19             4498                1
     0.0027637044    4.2973766e-06       0.01219726    -0.0044476134     0.0020283791   -0.00017618667    9.1093825e-31   -1.6021766e-19    -9.156439e-20    7.1824692e-19             4562                1
     0.0014745443    9.7685574e-05    -0.0054723416    0.00026002983   -0.00078112597    -0.0073693707    9.1093825e-31   -1.6021766e-19    -9.156439e-20    7.1824692e-19             4563                1
     0.0014809488    8.9245666e-05    -0.0054611494     0.0036645755    -0.0052698175    -0.0014205372    9.1093825e-31   -1.6021766e-19    -9.156439e-20    7.1824692e-19             4564                1
   -0.00072668574    8.7624518e-05    -0.0079037929    -0.0029614777    -0.0067460164     0.0045901276    9.1093825e-31   -1.6021766e-19    -9.156439e-20    7.1824692e-19             4569                1
   -0.00072013889    8.2550185e-05    -0.0079153795    0.00071270502    -0.0095934365      -0.00191266    9.1093825e-31   -1.6021766e-19    -9.156439e-20    7.1824692e-19             4570                1
    -0.0026751857    1.4711178e-06     0.0069342866     0.0020166785     0.0011669369    -0.0029643266    9.1093825e-31   -1.6021766e-19    -9.156439e-20    7.1824692e-19             4578                1
   -0.00097334437    8.8054994e-06     0.0055949059   -3.3141612e-07     0.0059239785    3.5599562e-06    9.1093825e-31   -1.6021766e-19    -9.156439e-20    7.1824692e-19             4579                1
     0.0016691762    9.7637363e-05     -0.012823035    0.00015664747     -0.003532344    -0.0012592769    9.1093825e-31   -1.6021766e-19    -9.156439e-20    7.1824692e-19             4609                1
   -0.00016899973    1.3074211e-06      0.013872856     0.0026949064     0.0025547503    -0.0041120532    9.1093825e-31   -1.6021766e-19    -9.156439e-20    7.1824692e-19             4618                1
     -0.003241013    9.9499128e-05    -0.0099292817     0.0028577258    -0.0010277848     0.0034379589    9.1093825e-31   -1.6021766e-19    -9.156439e-20    7.1824692e-19             4619                1
   -0.00048390191    9.9583871e-05    -0.0026011071     0.0015678765   -0.00070311408    -0.0013869476    9.1093825e-31   -1.6021766e-19    -9.156439e-20    7.1824692e-19             4620                1
     0.0011546272    9.8753902e-05    -0.0065366896    -0.0015790202    -0.0062782462    0.00048286666    9.1093825e-31   -1.6021766e-19    -9.156439e-20    7.1824692e-19             4630                1
     0.0011536907    9.9399331e-05    -0.0065371282    -0.0063088504    -0.0030184127    -0.0017346939    9.1093825e-31   -1.6021766e-19    -9.156439e-20    7.1824692e-19             4631                1
    -0.0030922524     9.959461e-05     -0.010313907     0.0036212099    -0.0040949546     0.0011335709    9.1093825e-31   -1.6021766e-19    -9.156439e-20    7.1824692e-19             4635                1
    -0.0026284065    9.9636993e-05    -0.0020156198     0.0028858455    -0.0036667546    -0.0016388418    9.1093825e-31   -1.6021766e-19    -9.156439e-20    7.1824692e-19             4636                1
    -0.0019034615    9.9628531e-05      0.001871081    4.9263726e-05    -0.0037522959     0.0048784665    9.1093825e-31   -1.6021766e-19    -9.156439e-20    7.1824692e-19             4637                1
    -0.0019037112     9.946763e-05      0.001871272    -0.0024724114    -0.0053777248     0.0068078414    9.1093825e-31   -1.6021766e-19    -9.156439e-20    7.1824692e-19             4638                1
