%  ASCII export : 
%
%  Momentum is normalized to the product of particle's mass and speed of light.
%  All other quantities are in SI units.
%
%            posX             posY             posZ             momX             momY             momZ             mass           charge     macro-charge             time       particleID         sourceID

     0.0015213753    1.8368244e-05    -0.0049587693    3.7239963e-05     0.0042744344     0.0044736951    9.1093825e-31   -1.6021766e-19    -9.156439e-20    4.3193883e-19             2522                1
     0.0016381007    7.9610931e-05     -0.012962345    -0.0004645325     0.0095260162      0.001758413    9.1093825e-31   -1.6021766e-19    -9.156439e-20    4.3193883e-19             2441                1
    -0.0016077807    9.0746922e-05     -0.012495824    -0.0018087691     -0.003436326    -0.0025060771    9.1093825e-31   -1.6021766e-19    -9.156439e-20    4.3193883e-19             2638                1
    -0.0026081598     1.028346e-05     6.000877e-05   -0.00030082502    -0.0027458463   -0.00056119903    9.1093825e-31   -1.6021766e-19    -9.156439e-20    4.3193883e-19              348                0
    -0.0091909571    4.0656309e-06    -0.0044296621     0.0020678912   -0.00077653449    0.00085991871    9.1093825e-31   -1.6021766e-19    -9.156439e-20    4.3193883e-19             1002                1
   -0.00080709072    3.6206042e-05    -0.0028100586     0.0011792667     0.0054045985   -3.4540251e-05    9.1093825e-31   -1.6021766e-19    -9.156439e-20    4.3193883e-19             2527                1
    -0.0063314792     7.894042e-06     0.0040041604    4.6137258e-05    -0.0020436198    3.0631662e-05    9.1093825e-31   -1.6021766e-19    -9.156439e-20    4.3193883e-19              997                0
   -0.00065063173    3.9974391e-05     -0.012196388    0.00042701626     0.0029333478    -0.0011822182    9.1093825e-31   -1.6021766e-19    -9.156439e-20    4.3193883e-19               55                0
     0.0063417568     1.466647e-05      0.014321189   -0.00054380443   -0.00021943515    0.00091613358    9.1093825e-31   -1.6021766e-19    -9.156439e-20    4.3193883e-19              171                0
    -0.0016289022    7.1045455e-05     -0.011169175     0.0018115583      0.011159862    0.00071522972    9.1093825e-31   -1.6021766e-19    -9.156439e-20    4.3193883e-19             2549                1
     0.0044202916    3.3308716e-05     0.0052596512   -0.00055532774    -0.0027013447   -0.00038253365    9.1093825e-31   -1.6021766e-19    -9.156439e-20    4.3193883e-19              154                0
     0.0065940958    7.0968701e-05     -0.013325942     0.0014314908     0.0016626507     0.0013954885    9.1093825e-31   -1.6021766e-19    -9.156439e-20    4.3193883e-19              488                0
    -0.0024786764    4.4561515e-05     -0.014812077    -0.0012237491     0.0030267658     0.0006362386    9.1093825e-31   -1.6021766e-19    -9.156439e-20    4.3193883e-19               27                0
      0.001714917    6.3613239e-05    -0.0029942556     0.0032666933      0.010085818    0.00097279227    9.1093825e-31   -1.6021766e-19    -9.156439e-20    4.3193883e-19             2574                1
    -0.0015275732    8.7094522e-05     -0.011254912     0.0015438538    -0.0068211672     0.0018368015    9.1093825e-31   -1.6021766e-19    -9.156439e-20    4.3193883e-19             2651                1
     0.0041372715    6.6626671e-05    -0.0087324018    -0.0014723063      0.010976918      0.000622619    9.1093825e-31   -1.6021766e-19    -9.156439e-20    4.3193883e-19             2572                1
     0.0080726212     1.083179e-05      0.014958676   -0.00069073285    -0.0003396809     0.0010853065    9.1093825e-31   -1.6021766e-19    -9.156439e-20    4.3193883e-19              986                0
     0.0079353973    3.3417955e-06     0.0085911658    -0.0021675292     -0.001134749   -0.00020109882    9.1093825e-31   -1.6021766e-19    -9.156439e-20    4.3193883e-19              961                0
     0.0087862061    7.6273068e-06    0.00017694934     0.0020886795   -0.00059710344    0.00017326826    9.1093825e-31   -1.6021766e-19    -9.156439e-20    4.3193883e-19              386                0
     0.0058219908    2.2301252e-05    -0.0049977028    -0.0012362457     0.0029951569    1.6705088e-05    9.1093825e-31   -1.6021766e-19    -9.156439e-20    4.3193883e-19             2458                1
     0.0023725992     1.368585e-05   -7.8970203e-05     0.0038023787     0.0033756883     -0.001484369    9.1093825e-31   -1.6021766e-19    -9.156439e-20    4.3193883e-19             2597                1
   -0.00010471269    1.9233195e-05    -0.0074928189     0.0076674386     0.0050503588     0.0033167973    9.1093825e-31   -1.6021766e-19    -9.156439e-20    4.3193883e-19             2488                1
    -0.0051896404    6.5166503e-05     0.0089392224     0.0014657035    -0.0019836442   -0.00043801294    9.1093825e-31   -1.6021766e-19    -9.156439e-20    4.3193883e-19              355                0
     0.0076472685    2.6844931e-05     -0.011874568   -0.00082082039    0.00064780103       0.00070921    9.1093825e-31   -1.6021766e-19    -9.156439e-20    4.3193883e-19              451                0
    -0.0011440405    1.6907159e-05     0.0058943462    -0.0013987712    -0.0090252673    0.00096301379    9.1093825e-31   -1.6021766e-19    -9.156439e-20    4.3193883e-19             2389                1
    -0.0064239963    2.6298854e-05    -0.0020022832   -0.00013284491   -0.00089804258    0.00093337154    9.1093825e-31   -1.6021766e-19    -9.156439e-20    4.3193883e-19               32                0
   -0.00073782081    4.4426939e-05     -0.008412132    -0.0019944394     0.0069172811     -0.002843149    9.1093825e-31   -1.6021766e-19    -9.156439e-20    4.3193883e-19             2449                1
     0.0082149319    2.5387544e-05    0.00061992591    -0.0016527997   -0.00071400328   -0.00062169222    9.1093825e-31   -1.6021766e-19    -9.156439e-20    4.3193883e-19              455                0
    -0.0042800065           0.0001      -0.01219422    3.3620869e-05      0.010593805   -5.6464625e-05    9.1093825e-31   -1.6021766e-19    -9.156439e-20    4.3193883e-19             2454                1
     0.0017482956    4.3404866e-06      0.012181841    -0.0028972914     -0.011691777     0.0023619025    9.1093825e-31   -1.6021766e-19    -9.156439e-20    4.3193883e-19             2487                1
     0.0011251125    6.0994789e-05      0.013599676    -0.0021503731    -0.0075399224    -0.0069559957    9.1093825e-31   -1.6021766e-19    -9.156439e-20    4.3193883e-19             2566                1
    -0.0010629668    4.6920828e-05     0.0059683258   -0.00035396623    -0.0074073989     0.0018345609    9.1093825e-31   -1.6021766e-19    -9.156439e-20    4.3193883e-19             2407                1
     0.0019468351    9.4083262e-05      0.012111029   -0.00072244479    -0.0035732393   -2.1179392e-05    9.1093825e-31   -1.6021766e-19    -9.156439e-20    4.3193883e-19             2645                1
    -0.0012443644    1.3639326e-05     0.0066266097   -0.00052430987     -0.011210781       0.00165756    9.1093825e-31   -1.6021766e-19    -9.156439e-20    4.3193883e-19             2498                1
   -0.00085926044    2.6638754e-05    -0.0028153642    0.00056907581     0.0093927691     0.0034162863    9.1093825e-31   -1.6021766e-19    -9.156439e-20    4.3193883e-19             2621                1
     -0.005437512    1.2651091e-05     0.0064095808     0.0014502516    -0.0022231592      0.001497805    9.1093825e-31   -1.6021766e-19    -9.156439e-20    4.3193883e-19              902                0
     0.0010053865    6.6236527e-05    -0.0095346803     0.0037453522      0.010752589    0.00013773066    9.1093825e-31   -1.6021766e-19    -9.156439e-20    4.3193883e-19             2543                1
    -0.0050813793    5.0624225e-05      -0.01084574     0.0014201946     0.0062246588   -6.7002671e-05    9.1093825e-31   -1.6021766e-19    -9.156439e-20    4.3193883e-19             2433                1
     0.0018421573     6.979365e-06      0.010561154   -0.00027238016     -0.010867663     0.0012021771    9.1093825e-31   -1.6021766e-19    -9.156439e-20    4.3193883e-19             2468                1
    -0.0065508587    2.2115471e-05     0.0038819648     0.0030748835     -0.001743935    -0.0015913473    9.1093825e-31   -1.6021766e-19    -9.156439e-20    4.3193883e-19              695                0
    -0.0040584784    8.4040679e-05    -0.0096919965    -0.0036950684     0.0095288195   -0.00037217099    9.1093825e-31   -1.6021766e-19    -9.156439e-20    4.3193883e-19             2456                1
    -0.0034117517    8.3887229e-05     -0.009907118    0.00025514601    -0.0044053541     0.0005667372    9.1093825e-31   -1.6021766e-19    -9.156439e-20    4.3193883e-19             2624                1
     0.0066356924    5.9078615e-05    -0.0075591323     0.0022534735     0.0010693497     0.0016486901    9.1093825e-31   -1.6021766e-19    -9.156439e-20    4.3193883e-19                4                0
    -0.0031661431    7.9744832e-06     0.0024363743    -0.0010732858    -0.0028717781     0.0022470623    9.1093825e-31   -1.6021766e-19    -9.156439e-20    4.3193883e-19              512                0
   -0.00086610776    2.8359891e-05    -0.0081671365     -0.001849122     0.0060823923     0.0021669434    9.1093825e-31   -1.6021766e-19    -9.156439e-20    4.3193883e-19             2510                1
    -0.0061339582     5.678542e-06     -0.012073901   -1.0112017e-05     0.0013443927    -0.0013668166    9.1093825e-31   -1.6021766e-19    -9.156439e-20    4.3193883e-19              385                0
    -0.0052820533    6.2147323e-05      0.013705015     -0.002003334    -0.0092516085    -0.0026898626    9.1093825e-31   -1.6021766e-19    -9.156439e-20    4.3193883e-19             2601                1
     0.0033322517    5.0135668e-06      0.012618957     0.0034962937     0.0082780002     0.0029225159    9.1093825e-31   -1.6021766e-19    -9.156439e-20    4.3193883e-19             2670                1
    -0.0017235653    6.4581322e-06      0.010546085     0.0010553162     -0.011932749    -0.0011557228    9.1093825e-31   -1.6021766e-19    -9.156439e-20    4.3193883e-19             2492                1
    0.00048280915    4.8127207e-05    0.00022686785    0.00019061429     0.0071123792   -0.00016264028    9.1093825e-31   -1.6021766e-19    -9.156439e-20    4.3193883e-19             2578                1
    0.00099710398    3.5624917e-06      0.007826657     0.0017300355     0.0034071945     -0.001424363    9.1093825e-31   -1.6021766e-19    -9.156439e-20    4.3193883e-19             2667                1
       0.00609138    2.8623235e-05     0.0048497259    -0.0010948334    -0.0018229585    0.00066447275    9.1093825e-31   -1.6021766e-19    -9.156439e-20    4.3193883e-19              751                0
     0.0012738652    4.1520267e-05      0.011359243     0.0011064217    -0.0081248246    -0.0030050746    9.1093825e-31   -1.6021766e-19    -9.156439e-20    4.3193883e-19             2469                1
    -0.0042589577    1.9219849e-06    -0.0072815726      0.002057269    -0.0026468211     0.0011068237    9.1093825e-31   -1.6021766e-19    -9.156439e-20    4.3193883e-19             2244                1
     -0.001145396     2.274574e-05     0.0061411671    -0.0033076205    -0.0098900702      0.004648278    9.1093825e-31   -1.6021766e-19    -9.156439e-20    4.3193883e-19             2476                1
    -0.0074125007    6.0746715e-05    -0.0071387901    -0.0011723674    0.00026115178    -0.0026722765    9.1093825e-31   -1.6021766e-19    -9.156439e-20    4.3193883e-19              532                0
     0.0055742282    1.9116176e-05      0.011503469     0.0017112199    -0.0034024711    -0.0013476441    9.1093825e-31   -1.6021766e-19    -9.156439e-20    4.3193883e-19             2103                1
   -5.8213333e-05    2.5839568e-05     0.0043369113    0.00010776644     0.0088257771   -0.00046758103    9.1093825e-31   -1.6021766e-19    -9.156439e-20    4.3193883e-19             2631                1
    -0.0009266595     8.694964e-06    -0.0028317405    -0.0011663896     0.0060085054    -0.0013870667    9.1093825e-31   -1.6021766e-19    -9.156439e-20    4.3193883e-19             2653                1
     0.0026850875    4.0181658e-05      0.012277136     0.0052110055    -0.0030660045     0.0019953796    9.1093825e-31   -1.6021766e-19    -9.156439e-20    4.3193883e-19             2210                1
   -0.00082782301     1.627595e-05    -0.0056277262      0.003202941     -0.002786604     0.0052096094    9.1093825e-31   -1.6021766e-19    -9.156439e-20    4.3193883e-19             2253                1
     0.0024844168    4.6836994e-05    -0.0077511836    -0.0011760753     0.0095464373   -0.00053520227    9.1093825e-31   -1.6021766e-19    -9.156439e-20    4.3193883e-19             2584                1
     0.0020412346    5.4326079e-05      0.014636168    -0.0017148394    -0.0073278747    -0.0011658851    9.1093825e-31   -1.6021766e-19    -9.156439e-20    4.3193883e-19             2533                1
     0.0020807998    4.3024949e-05      0.010690459    -0.0012489274    2.4197039e-05    -0.0012790451    9.1093825e-31   -1.6021766e-19    -9.156439e-20    4.3193883e-19             2471                1
     0.0011841409    6.9121808e-05    -0.0067907046    0.00089124194      0.010024551    -0.0058091301    9.1093825e-31   -1.6021766e-19    -9.156439e-20    4.3193883e-19             2516                1
    -0.0035151602    5.9432081e-05    -0.0099500166    -0.0057208645     0.0097252056    -0.0026144229    9.1093825e-31   -1.6021766e-19    -9.156439e-20    4.3193883e-19             2561                1
    -0.0020662392    3.3938619e-07     0.0063207331    -0.0025014295    0.00023332943     0.0014004116    9.1093825e-31   -1.6021766e-19    -9.156439e-20    4.3193883e-19             2665                1
    -0.0011839034    4.8237271e-05     0.0061236955    -0.0067350338    -0.0071477559     0.0021309841    9.1093825e-31   -1.6021766e-19    -9.156439e-20    4.3193883e-19             2385                1
    -0.0082003614    2.6102805e-06    -0.0085203443    7.2764713e-05    -0.0013931142    -0.0021888791    9.1093825e-31   -1.6021766e-19    -9.156439e-20    4.3193883e-19             1848                1
    -0.0082847243    6.3386564e-05      0.014665466    6.3949396e-05    0.00032695234     0.0012157067    9.1093825e-31   -1.6021766e-19    -9.156439e-20    4.3193883e-19              719                0
    -0.0090787392    3.8458427e-05      0.002422319     -0.000663271   -0.00075297401     0.0014008131    9.1093825e-31   -1.6021766e-19    -9.156439e-20    4.3193883e-19              874                0
     0.0002279668    2.7808488e-05      0.012417871    -0.0066266214     -0.011528523    -0.0035363655    9.1093825e-31   -1.6021766e-19    -9.156439e-20    4.3193883e-19             2555                1
    -0.0024120212    3.4846416e-06     -0.002081817    -0.0020597465     0.0019073013     0.0015690468    9.1093825e-31   -1.6021766e-19    -9.156439e-20    4.3193883e-19             2616                1
     -0.004220299    6.6195236e-05     0.0060082884     0.0015756077    -0.0026185026   -0.00078204175    9.1093825e-31   -1.6021766e-19    -9.156439e-20    4.3193883e-19              628                0
     0.0066001657    1.2660683e-05     0.0056760688    0.00045932189    -0.0022428608   -0.00062675285    9.1093825e-31   -1.6021766e-19    -9.156439e-20    4.3193883e-19              420                0
   -0.00099121325      1.72894e-05     0.0059439177    -0.0020765052     0.0045782118     0.0019554039    9.1093825e-31   -1.6021766e-19    -9.156439e-20    4.3193883e-19             2617                1
     0.0014799463    9.3247218e-05    -0.0088363104    -0.0049191639     -0.004435631    -0.0016995239    9.1093825e-31   -1.6021766e-19    -9.156439e-20    4.3193883e-19             2656                1
    -0.0015300681    3.7426711e-05     -0.011278468    0.00012739508     0.0061143227    -0.0011203327    9.1093825e-31   -1.6021766e-19    -9.156439e-20    4.3193883e-19             2380                1
     0.0072746184    7.8289348e-05     0.0059899283   -0.00061648828     -0.001261355     0.0019555751    9.1093825e-31   -1.6021766e-19    -9.156439e-20    4.3193883e-19              828                0
     0.0014611159    7.3920128e-05    -0.0087814396     0.0020756903     0.0086617311     0.0028049222    9.1093825e-31   -1.6021766e-19    -9.156439e-20    4.3193883e-19             2431                1
     0.0004015764    2.1909647e-05    -0.0037915418    0.00016717103     0.0049544484    0.00023077358    9.1093825e-31   -1.6021766e-19    -9.156439e-20    4.3193883e-19             2576                1
     0.0048121754    3.3970635e-05    -0.0033777521     0.0024397222     0.0077926987   -0.00021196798    9.1093825e-31   -1.6021766e-19    -9.156439e-20    4.3193883e-19             2598                1
     0.0053222449     3.163068e-05     0.0064225253     0.0011124583     -0.002475058   -0.00040026056    9.1093825e-31   -1.6021766e-19    -9.156439e-20    4.3193883e-19              580                0
    -0.0030238028    7.0251408e-05     -0.010326219    -0.0010258025      0.008307307   -0.00014628895    9.1093825e-31   -1.6021766e-19    -9.156439e-20    4.3193883e-19             2429                1
     0.0083305752    5.6812161e-05     -0.012629574    -0.0022260123     0.0010392057     0.0022226046    9.1093825e-31   -1.6021766e-19    -9.156439e-20    4.3193883e-19              586                0
     -0.002834823    7.0056405e-05       -0.0068854   -0.00032288596      0.010769149     0.0025640544    9.1093825e-31   -1.6021766e-19    -9.156439e-20    4.3193883e-19             2544                1
    -0.0050289663    4.9533701e-05    -0.0052162805     0.0010285745    0.00022048385   -0.00094719394    9.1093825e-31   -1.6021766e-19    -9.156439e-20    4.3193883e-19              660                0
    0.00082513265    3.3566172e-05     0.0097365351    0.00011609351     -0.008086334    -0.0003945998    9.1093825e-31   -1.6021766e-19    -9.156439e-20    4.3193883e-19             2415                1
    -0.0077564665    3.5460733e-05      0.011023146    0.00061552372   -0.00064064225     0.0015232692    9.1093825e-31   -1.6021766e-19    -9.156439e-20    4.3193883e-19              652                0
     0.0018660892    6.2959436e-05      0.010716763    -0.0018831007    -0.0068256897    0.00066165527    9.1093825e-31   -1.6021766e-19    -9.156439e-20    4.3193883e-19             2502                1
   -0.00080197456    2.5371144e-05    -0.0059330468   -0.00071023998     0.0061674127     0.0019233131    9.1093825e-31   -1.6021766e-19    -9.156439e-20    4.3193883e-19             2583                1
     0.0015701015    2.5020245e-05     0.0024497998   -0.00013275631     0.0043000416    0.00099077856    9.1093825e-31   -1.6021766e-19    -9.156439e-20    4.3193883e-19             2591                1
    0.00041508483    2.0187124e-05    0.00019104801    7.7129538e-05      0.008059564    2.7321301e-05    9.1093825e-31   -1.6021766e-19    -9.156439e-20    4.3193883e-19             2633                1
    -0.0030463831    6.5598911e-06    6.2940104e-05    -0.0029600649    -0.0023468558    -0.0029522476    9.1093825e-31   -1.6021766e-19    -9.156439e-20    4.3193883e-19              303                0
   -2.3834362e-05    6.3269745e-06     0.0042860215     0.0014231642     0.0035047045    -0.0019399981    9.1093825e-31   -1.6021766e-19    -9.156439e-20    4.3193883e-19             2652                1
    -0.0010609153    2.0825702e-05     0.0060879504    0.00087130442     0.0084160371    0.00086708483    9.1093825e-31   -1.6021766e-19    -9.156439e-20    4.3193883e-19             2639                1
     0.0029279774    2.0258585e-05    -0.0056395247    -0.0017134029    1.0274668e-05     1.144939e-05    9.1093825e-31   -1.6021766e-19    -9.156439e-20    4.3193883e-19              860                0
   -9.2239301e-05    3.6335055e-05     0.0038019754    -0.0032118366    -0.0077324542   -0.00074907008    9.1093825e-31   -1.6021766e-19    -9.156439e-20    4.3193883e-19             2438                1
    -0.0032762843    2.7558801e-05     -0.012549571   -0.00087329064     0.0026173221     -0.001539516    9.1093825e-31   -1.6021766e-19    -9.156439e-20    4.3193883e-19              900                0
    -0.0064948443    2.0702942e-05    -0.0088162012    0.00091196649    0.00098205707    -0.0013279724    9.1093825e-31   -1.6021766e-19    -9.156439e-20    4.3193883e-19              132                0
     0.0089971395     8.094059e-05      0.013122307     0.0016628191     0.0015781726    -0.0014215519    9.1093825e-31   -1.6021766e-19    -9.156439e-20    4.3193883e-19             1962                1
    -0.0072645964    7.0450398e-05    -0.0026583795     0.0006161952    0.00015770696    0.00067802024    9.1093825e-31   -1.6021766e-19    -9.156439e-20    4.3193883e-19             1012                1
    -0.0037796514    9.7017764e-06    0.00051782682     -0.001345627    -0.0026029798     0.0026035691    9.1093825e-31   -1.6021766e-19    -9.156439e-20    4.3193883e-19              893                0
     0.0076680006    4.4343815e-05     -0.013045494     0.0023827441     0.0011069567    -0.0016999486    9.1093825e-31   -1.6021766e-19    -9.156439e-20    4.3193883e-19              311                0
    -0.0070154294    7.6519591e-06    -0.0077546826    -0.0012982424    0.00024600237    0.00055271102    9.1093825e-31   -1.6021766e-19    -9.156439e-20    4.3193883e-19              791                0
    -0.0011664382    1.4480398e-05    -0.0041200044      0.001654509     0.0038466542     0.0058929138    9.1093825e-31   -1.6021766e-19    -9.156439e-20    4.3193883e-19             2560                1
     0.0012098612    4.0138188e-05    -0.0092598554     0.0045955516     0.0077998266    -0.0045833918    9.1093825e-31   -1.6021766e-19    -9.156439e-20    4.3193883e-19             2559                1
     0.0016481403    1.9031135e-05      0.012022413    -0.0027731825    -0.0075456412     -0.001025032    9.1093825e-31   -1.6021766e-19    -9.156439e-20    4.3193883e-19             2397                1
      -0.00138217    6.9872505e-05     -0.008475055    3.0803021e-05      0.010707684    0.00066403439    9.1093825e-31   -1.6021766e-19    -9.156439e-20    4.3193883e-19             2530                1
    -0.0062044966     9.948857e-06     0.0028755853    1.8842306e-05    -0.0018400348   -0.00011805969    9.1093825e-31   -1.6021766e-19    -9.156439e-20    4.3193883e-19              677                0
   -0.00066366582    1.2945438e-05    -0.0025646135   -0.00022382644     0.0044122799    -0.0016082925    9.1093825e-31   -1.6021766e-19    -9.156439e-20    4.3193883e-19             2609                1
    -0.0084574604    7.9433208e-05    -0.0047966791    0.00032608514    0.00039501162   -0.00011254903    9.1093825e-31   -1.6021766e-19    -9.156439e-20    4.3193883e-19              210                0
   -0.00084626523    3.6270296e-05     0.0058396761     0.0020923056     0.0073046731    0.00095009658    9.1093825e-31   -1.6021766e-19    -9.156439e-20    4.3193883e-19             2604                1
     0.0079047289    5.7805984e-05     0.0084814327   -0.00030885619   -0.00075317774     0.0012622632    9.1093825e-31   -1.6021766e-19    -9.156439e-20    4.3193883e-19              254                0
     0.0058683283    5.8221074e-05     0.0044281245   -0.00061766867    -0.0021152387   -0.00087993825    9.1093825e-31   -1.6021766e-19    -9.156439e-20    4.3193883e-19              270                0
     0.0013752371    8.6226049e-05     -0.012967631     0.0038207048     -0.003154109    0.00037882238    9.1093825e-31   -1.6021766e-19    -9.156439e-20    4.3193883e-19             2614                1
   -0.00099978934    6.4795522e-06     0.0055826162    -0.0023830193     -0.011460123    -0.0017037604    9.1093825e-31   -1.6021766e-19    -9.156439e-20    4.3193883e-19             2493                1
     0.0015547837    3.2680906e-05     0.0024852999    -0.0058175009    -0.0071238982    -0.0051891641    9.1093825e-31   -1.6021766e-19    -9.156439e-20    4.3193883e-19             2393                1
     0.0014880984    9.7036369e-05    -0.0088331392    0.00096285727     -0.001702624    0.00058894337    9.1093825e-31   -1.6021766e-19    -9.156439e-20    4.3193883e-19             2655                1
    -0.0075921952    7.3325864e-05     -0.012198647    -0.0011587724     0.0015528433    -0.0012036752    9.1093825e-31   -1.6021766e-19    -9.156439e-20    4.3193883e-19              673                0
   -0.00060371269    7.2976705e-05    -0.0081210295     0.0049948636      0.010212129    -0.0041894121    9.1093825e-31   -1.6021766e-19    -9.156439e-20    4.3193883e-19             2499                1
     0.0085362159    1.1827259e-05      0.010213577     0.0002690455   -0.00052257255   -9.2277616e-05    9.1093825e-31   -1.6021766e-19    -9.156439e-20    4.3193883e-19              410                0
     0.0044111796    3.2279466e-05    -0.0019827355     0.0013127542    -0.0044112029    -0.0031901614    9.1093825e-31   -1.6021766e-19    -9.156439e-20    4.3193883e-19             2387                1
   -0.00010243028    3.5678854e-06     0.0034561418    -0.0026985854     0.0028217307    -0.0044154092    9.1093825e-31   -1.6021766e-19    -9.156439e-20    4.3193883e-19             2658                1
     0.0033848567    3.1724216e-05    -0.0075545101     0.0018276776     0.0046600099      -0.00382143    9.1093825e-31   -1.6021766e-19    -9.156439e-20    4.3193883e-19             2419                1
   -0.00087011623    3.1406991e-05    -0.0028625489    -0.0006622558      0.008781529    -0.0012875028    9.1093825e-31   -1.6021766e-19    -9.156439e-20    4.3193883e-19             2608                1
    -0.0017116549    2.6993934e-05      0.010657908    -0.0040014801     -0.011624108    0.00071670848    9.1093825e-31   -1.6021766e-19    -9.156439e-20    4.3193883e-19             2556                1
    -0.0094130039    9.2695416e-05    -0.0066379937     0.0003967848    0.00013137575    0.00041476815    9.1093825e-31   -1.6021766e-19    -9.156439e-20    4.3193883e-19              192                0
      0.001305737    2.1312253e-05     0.0024460778    -0.0016926714     0.0095205959    -0.0012697522    9.1093825e-31   -1.6021766e-19    -9.156439e-20    4.3193883e-19             2642                1
      0.003412633    6.7364337e-05      0.012677963     0.0053089829      -0.00537145    -0.0011493335    9.1093825e-31   -1.6021766e-19    -9.156439e-20    4.3193883e-19             2472                1
      0.003041853    5.5036737e-05      0.014364406     0.0018810186    -0.0060964171     0.0016902213    9.1093825e-31   -1.6021766e-19    -9.156439e-20    4.3193883e-19             2481                1
     0.0035336607    2.3693139e-05     0.0033960419     0.0011912766     -0.003014453     0.0021995262    9.1093825e-31   -1.6021766e-19    -9.156439e-20    4.3193883e-19              991                0
    -0.0019933751    1.3311644e-05      0.004501387    -0.0013263852    -0.0038882697    -0.0013465167    9.1093825e-31   -1.6021766e-19    -9.156439e-20    4.3193883e-19              630                0
     -0.009156296    1.9662397e-05    -0.0019433922      0.001174842    -0.0003165206   -0.00095277472    9.1093825e-31   -1.6021766e-19    -9.156439e-20    4.3193883e-19              212                0
     0.0084398836    1.2920773e-05      0.001552632    0.00022803865   -0.00070463581   -0.00082992535    9.1093825e-31   -1.6021766e-19    -9.156439e-20    4.3193883e-19              525                0
     0.0092740739    8.7984863e-06    -0.0092103807     0.0011401165    0.00020166533    -0.0014044032    9.1093825e-31   -1.6021766e-19    -9.156439e-20    4.3193883e-19              690                0
    -0.0023998746    1.2536275e-05    -0.0021800883    -0.0010878026     0.0049131792     0.0066762413    9.1093825e-31   -1.6021766e-19    -9.156439e-20    4.3193883e-19             2623                1
     -0.001307343    4.8906244e-05    -0.0085082883     0.0081582405     0.0084447339    -0.0029505894    9.1093825e-31   -1.6021766e-19    -9.156439e-20    4.3193883e-19             2531                1
    -0.0086965915    4.6983645e-05      -0.00119339    0.00090745639   -0.00061334745    0.00099270919    9.1093825e-31   -1.6021766e-19    -9.156439e-20    4.3193883e-19              750                0
    3.3985711e-05    1.7110908e-05    -0.0011139697      8.69262e-05      0.006032146    0.00029880204    9.1093825e-31   -1.6021766e-19    -9.156439e-20    4.3193883e-19             2619                1
     0.0015796326     2.967806e-05     0.0073381918     0.0025101919     -0.009680381    -0.0015782444    9.1093825e-31   -1.6021766e-19    -9.156439e-20    4.3193883e-19             2490                1
     0.0032217037    6.0738024e-05      0.014057844    -0.0020739606    -0.0084639341     0.0013181437    9.1093825e-31   -1.6021766e-19    -9.156439e-20    4.3193883e-19             2588                1
    -0.0073590055    8.4180101e-05    -0.0014068937     0.0028509581   -0.00017364268   -0.00085149135    9.1093825e-31   -1.6021766e-19    -9.156439e-20    4.3193883e-19              257                0
     -0.005684332    4.7775338e-05     0.0058561582    -0.0011251908    -0.0019183926     0.0010293953    9.1093825e-31   -1.6021766e-19    -9.156439e-20    4.3193883e-19              220                0
   -0.00098562927    4.3164477e-05    -0.0058444203    -0.0015651892      0.010819841    -0.0019163707    9.1093825e-31   -1.6021766e-19    -9.156439e-20    4.3193883e-19             2600                1
     0.0063033891    3.5219513e-05    -0.0085033178    -0.0027277607      0.001113276   -0.00053941109    9.1093825e-31   -1.6021766e-19    -9.156439e-20    4.3193883e-19              931                0
    -0.0026493457    2.0747088e-06    -0.0080564488     0.0001413352     0.0010967919    0.00086938444    9.1093825e-31   -1.6021766e-19    -9.156439e-20    4.3193883e-19              217                0
    -0.0016727459    5.2190312e-06       0.01065773    0.00067760417     -0.014247036    0.00070037384    9.1093825e-31   -1.6021766e-19    -9.156439e-20    4.3193883e-19             2557                1
     0.0050216545    2.5539866e-05     0.0071617705    -0.0012425949     -0.010019205   -0.00028142476    9.1093825e-31   -1.6021766e-19    -9.156439e-20    4.3193883e-19             2532                1
    -0.0020639228     5.219284e-06     0.0063193389   -0.00016132236     0.0051623308   -8.5810461e-06    9.1093825e-31   -1.6021766e-19    -9.156439e-20    4.3193883e-19             2666                1
     0.0024406963    3.6794183e-05    -0.0093198093   -0.00072238361     0.0072296392    -0.0011734691    9.1093825e-31   -1.6021766e-19    -9.156439e-20    4.3193883e-19             2563                1
     0.0059019355    1.0224318e-05    -0.0030294983    -0.0011065374   -0.00054264109    -0.0022774879    9.1093825e-31   -1.6021766e-19    -9.156439e-20    4.3193883e-19              256                0
     0.0041765003    3.5568773e-05    -0.0087478738     0.0009005816     0.0068004131    0.00039583401    9.1093825e-31   -1.6021766e-19    -9.156439e-20    4.3193883e-19             2569                1
    -0.0036761377    9.6942633e-05     -0.014355023    -0.0018311016    -0.0018385509   -0.00059774844    9.1093825e-31   -1.6021766e-19    -9.156439e-20    4.3193883e-19             2654                1
   -0.00038015901    2.8200411e-05    -0.0027300126     0.0056258421     0.0036220818    -0.0019690341    9.1093825e-31   -1.6021766e-19    -9.156439e-20    4.3193883e-19             2478                1
    -0.0012248541    2.4306797e-05     0.0055541578   -0.00018443722    -0.0090600308   -0.00023722836    9.1093825e-31   -1.6021766e-19    -9.156439e-20    4.3193883e-19             2436                1
    -0.0092252316    6.1504063e-05     0.0021635175    -0.0022380473    6.3881875e-05      -0.00183633    9.1093825e-31   -1.6021766e-19    -9.156439e-20    4.3193883e-19              978                0
     0.0013637078    5.9431364e-05    -0.0033404215    -0.0013469086      0.012648975    0.00089773611    9.1093825e-31   -1.6021766e-19    -9.156439e-20    4.3193883e-19             2592                1
     0.0093105864    3.8968723e-05    0.00091052696     0.0014134358   -0.00062656065   -0.00017841456    9.1093825e-31   -1.6021766e-19    -9.156439e-20    4.3193883e-19              637                0
    0.00079624238    2.6136349e-05     0.0010871509    -0.0035271612     0.0065486347    -0.0012069177    9.1093825e-31   -1.6021766e-19    -9.156439e-20    4.3193883e-19             2607                1
   -0.00076196517    5.7139889e-05    -0.0083263488    -0.0049322243     0.0094507951    -0.0061914939    9.1093825e-31   -1.6021766e-19    -9.156439e-20    4.3193883e-19             2534                1
     0.0047025871    7.0225018e-05     0.0021859549   -0.00070238928     -0.002079366     0.0011533605    9.1093825e-31   -1.6021766e-19    -9.156439e-20    4.3193883e-19              229                0
    -0.0031182959    3.2736647e-05    -0.0017714481     -0.001753521     0.0065045711    -0.0017905257    9.1093825e-31   -1.6021766e-19    -9.156439e-20    4.3193883e-19             2586                1
    -0.0085428972     4.861072e-05    -0.0014685949    0.00080728543   -0.00061623013   -0.00040299207    9.1093825e-31   -1.6021766e-19    -9.156439e-20    4.3193883e-19              894                0
     0.0076291715    8.5262873e-05     0.0053352839    -0.0010144998   -0.00094542472     0.0030266601    9.1093825e-31   -1.6021766e-19    -9.156439e-20    4.3193883e-19              219                0
     0.0079415515    4.3580469e-05    -0.0030920841     0.0016612096   -0.00063403416      0.002310138    9.1093825e-31   -1.6021766e-19    -9.156439e-20    4.3193883e-19              309                0
    -0.0089481547    5.9289872e-05      0.011205941   -0.00023089648   -7.0003065e-05   -0.00060472748    9.1093825e-31   -1.6021766e-19    -9.156439e-20    4.3193883e-19              329                0
    -0.0034128022    8.4871666e-05    -0.0099087516   -8.7186403e-05    -0.0040845047    3.4562589e-05    9.1093825e-31   -1.6021766e-19    -9.156439e-20    4.3193883e-19             2625                1
     0.0090241227    6.1304519e-05     0.0079803271    -0.0010108117   -0.00032374496     0.0016580781    9.1093825e-31   -1.6021766e-19    -9.156439e-20    4.3193883e-19              369                0
     0.0028324609    5.4298718e-05    -0.0070355395   -0.00065324188    -0.0003449347    -0.0037369307    9.1093825e-31   -1.6021766e-19    -9.156439e-20    4.3193883e-19             2430                1
    -0.0025517996    1.0685132e-05    -0.0020815579   -0.00063726812     0.0032231102     0.0054730889    9.1093825e-31   -1.6021766e-19    -9.156439e-20    4.3193883e-19             2595                1
    -0.0021655743    7.2998679e-05     0.0071982751     0.0020297831    -0.0025775733    0.00015926757    9.1093825e-31   -1.6021766e-19    -9.156439e-20    4.3193883e-19              632                0
   -0.00059148896    9.3851115e-05    -0.0077177761     0.0013906684      0.011614035    0.00074066798    9.1093825e-31   -1.6021766e-19    -9.156439e-20    4.3193883e-19             2483                1
    -0.0034142504    4.2672482e-06     0.0061895149    -0.0048811254      0.001079832     0.0011201499    9.1093825e-31   -1.6021766e-19    -9.156439e-20    4.3193883e-19             2630                1
    -0.0014890154    8.4238782e-05    -0.0066345381   -0.00011167245      0.012235985   -0.00083190232    9.1093825e-31   -1.6021766e-19    -9.156439e-20    4.3193883e-19             2536                1
    0.00010377783    4.6336354e-05    -0.0059351418   -0.00020930464     0.0071029346    1.8302138e-05    9.1093825e-31   -1.6021766e-19    -9.156439e-20    4.3193883e-19             2494                1
     0.0072923764    4.5195127e-05    0.00085120933    -0.0015342968   -0.00071142288   -0.00085187069    9.1093825e-31   -1.6021766e-19    -9.156439e-20    4.3193883e-19              476                0
    -0.0048915679    4.0246745e-05     -0.012786161     0.0013358097     0.0025048319    -0.0016439338    9.1093825e-31   -1.6021766e-19    -9.156439e-20    4.3193883e-19              549                0
   -0.00096043514    9.4194627e-05      0.010203528     0.0026222046    -0.0021143726    0.00071711221    9.1093825e-31   -1.6021766e-19    -9.156439e-20    4.3193883e-19              569                0
     0.0011581642    6.5803877e-05    -0.0067736446    -0.0017591876     0.0096809166    -0.0040690508    9.1093825e-31   -1.6021766e-19    -9.156439e-20    4.3193883e-19             2517                1
     0.0016213354    3.3460907e-05     0.0073790774    5.1627649e-06    -0.0087476177    3.1075549e-05    9.1093825e-31   -1.6021766e-19    -9.156439e-20    4.3193883e-19             2445                1
     0.0094950823    8.8723515e-05     -0.014452148   -9.0842223e-05    0.00070433249      0.002094649    9.1093825e-31   -1.6021766e-19    -9.156439e-20    4.3193883e-19              922                0
     -0.001227561     1.341986e-05     -0.012419728    -0.0023416425      0.002874817   -0.00037878135    9.1093825e-31   -1.6021766e-19    -9.156439e-20    4.3193883e-19              649                0
    -0.0077888155    4.9448256e-05     0.0038891835     0.0011760029    -0.0010312739    0.00098709133    9.1093825e-31   -1.6021766e-19    -9.156439e-20    4.3193883e-19              934                0
     0.0018550329    2.1020656e-05      0.010545383    -0.0018719004     0.0044888197    -0.0024224357    9.1093825e-31   -1.6021766e-19    -9.156439e-20    4.3193883e-19             2611                1
     0.0012851927    6.7086628e-05      0.011335366   -0.00049712084    -0.0064929388    -0.0017235728    9.1093825e-31   -1.6021766e-19    -9.156439e-20    4.3193883e-19             2506                1
     0.0016458576    3.1619726e-05      0.011414942   -0.00086623873    -0.0091075292    -0.0052059032    9.1093825e-31   -1.6021766e-19    -9.156439e-20    4.3193883e-19             2473                1
    0.00088034396    1.4173422e-05     0.0060291174     -0.007369231    -0.0085914005     0.0023541853    9.1093825e-31   -1.6021766e-19    -9.156439e-20    4.3193883e-19             2362                1
    -0.0005125567    6.4327367e-05    -0.0081699332     0.0013634596      0.010588387     0.0071742875    9.1093825e-31   -1.6021766e-19    -9.156439e-20    4.3193883e-19             2550                1
    0.00099582586    3.4650925e-06     0.0078837713    -0.0024467479     0.0057308329     0.0011048797    9.1093825e-31   -1.6021766e-19    -9.156439e-20    4.3193883e-19             2671                1
     0.0054210383    2.9570087e-05     0.0020923028    0.00058247085    -0.0021779842     0.0025737977    9.1093825e-31   -1.6021766e-19    -9.156439e-20    4.3193883e-19               20                0
     0.0041447142     9.644738e-05     -0.011722525   -0.00082622387    -0.0028049033     0.0028011114    9.1093825e-31   -1.6021766e-19    -9.156439e-20    4.3193883e-19             2662                1
    -0.0018447922    1.7728833e-05     0.0018228653     0.0003130603     0.0091746096    0.00032980175    9.1093825e-31   -1.6021766e-19    -9.156439e-20    4.3193883e-19             2647                1
     0.0048152991    5.0320628e-05    -0.0033774788     0.0030566782      0.011031253   -0.00015544471    9.1093825e-31   -1.6021766e-19    -9.156439e-20    4.3193883e-19             2599                1
     0.0086301025    9.3859679e-05     0.0039695585   -0.00071257661    0.00011277029    -0.0011708732    9.1093825e-31   -1.6021766e-19    -9.156439e-20    4.3193883e-19               36                0
     -0.002539533    3.7181908e-05    -0.0021072938     0.0017478166      0.008376997    0.00047794048    9.1093825e-31   -1.6021766e-19    -9.156439e-20    4.3193883e-19             2596                1
   -3.2227712e-05     9.003269e-06     0.0038288615    -0.0023761352     0.0022671204     0.0043919426    9.1093825e-31   -1.6021766e-19    -9.156439e-20    4.3193883e-19             2612                1
     0.0017009721    6.7218234e-06     0.0073714983     0.0045430996     0.0054518646     0.0028161346    9.1093825e-31   -1.6021766e-19    -9.156439e-20    4.3193883e-19             2661                1
     0.0060213236    7.6637691e-05      0.011959706    -0.0006670978    -0.0007517091     0.0020719166    9.1093825e-31   -1.6021766e-19    -9.156439e-20    4.3193883e-19              280                0
    0.00039388894    1.7617642e-05    0.00018923804      -0.00785287     0.0070986329   -0.00065018592    9.1093825e-31   -1.6021766e-19    -9.156439e-20    4.3193883e-19             2634                1
    -0.0093247481    9.4401235e-05     0.0025719341     0.0008082877    8.1444799e-05    0.00012256905    9.1093825e-31   -1.6021766e-19    -9.156439e-20    4.3193883e-19               44                0
    -0.0018335191    1.4675711e-06     0.0018455578    -0.0035408677     0.0037534882     0.0045572557    9.1093825e-31   -1.6021766e-19    -9.156439e-20    4.3193883e-19             2673                1
    -0.0016946277    3.3463781e-05      0.010729461    -0.0042634206     -0.011140689   -4.6334972e-05    9.1093825e-31   -1.6021766e-19    -9.156439e-20    4.3193883e-19             2565                1
     0.0028603019    6.6267115e-05     0.0099323764    0.00036966419    -0.0018873755   -0.00023591441    9.1093825e-31   -1.6021766e-19    -9.156439e-20    4.3193883e-19              177                0
     0.0031175115    6.8577181e-05    -0.0043852399    0.00033652966     0.0085968049   -0.00050136517    9.1093825e-31   -1.6021766e-19    -9.156439e-20    4.3193883e-19             2507                1
     0.0010674547    5.3594135e-06     0.0027783208    -0.0020509709    0.00013175263     0.0013691816    9.1093825e-31   -1.6021766e-19    -9.156439e-20    4.3193883e-19             2577                1
    -0.0011268373    9.8243516e-05     0.0066603404     0.0025685718    0.00069775322     0.0006837754    9.1093825e-31   -1.6021766e-19    -9.156439e-20    4.3193883e-19             2355                1
    -0.0083149578     3.669889e-05     0.0035923815    0.00096905255    -0.0010040818    -0.0031896501    9.1093825e-31   -1.6021766e-19    -9.156439e-20    4.3193883e-19              184                0
    -0.0018753153    7.2565788e-05     0.0039723311    -0.0014021745    -0.0031708626    9.4878174e-05    9.1093825e-31   -1.6021766e-19    -9.156439e-20    4.3193883e-19              699                0
    -0.0076946905    1.7220142e-05        -0.004865    -0.0028650023   -0.00053480518    0.00034548054    9.1093825e-31   -1.6021766e-19    -9.156439e-20    4.3193883e-19              243                0
   -0.00068359502    9.5149066e-05    -0.0059243436    0.00011957633    -0.0058513079     0.0037811208    9.1093825e-31   -1.6021766e-19    -9.156439e-20    4.3193883e-19             2669                1
    -0.0086186063    4.0283954e-05     0.0021037823    0.00043438765   -0.00063676934   -0.00017240751    9.1093825e-31   -1.6021766e-19    -9.156439e-20    4.3193883e-19              264                0
     0.0050940984    3.8595372e-05    0.00026742072    0.00023923363     -0.001990709    -0.0012746516    9.1093825e-31   -1.6021766e-19    -9.156439e-20    4.3193883e-19              284                0
    0.00041903841    9.4509618e-05    -0.0088423798    0.00088762102      0.013635224    -0.0023214773    9.1093825e-31   -1.6021766e-19    -9.156439e-20    4.3193883e-19             2535                1
     0.0022053821    5.8725095e-06    -4.985966e-05     0.0019372359     0.0045313495     -0.002634424    9.1093825e-31   -1.6021766e-19    -9.156439e-20    4.3193883e-19             2657                1
     -0.000520306    6.1782273e-05    -0.0082327193    0.00044248113      0.010301425   -0.00028794431    9.1093825e-31   -1.6021766e-19    -9.156439e-20    4.3193883e-19             2551                1
     0.0043397364    9.2924347e-05     -0.014798963     0.0078656292     0.0092486246    -0.0012616655    9.1093825e-31   -1.6021766e-19    -9.156439e-20    4.3193883e-19             2439                1
   -0.00099048333    1.6225706e-05    -0.0021020535   -7.4605086e-05    -0.0017489714    0.00019005228    9.1093825e-31   -1.6021766e-19    -9.156439e-20    4.3193883e-19              384                0
      0.001360715    7.4518255e-05      -0.01298379   -0.00025462036    -0.0064379997    -0.0041566361    9.1093825e-31   -1.6021766e-19    -9.156439e-20    4.3193883e-19             2615                1
   -0.00099197135    2.3352995e-05     0.0059341616    -0.0023015155     0.0063798102   -0.00094374828    9.1093825e-31   -1.6021766e-19    -9.156439e-20    4.3193883e-19             2618                1
    -0.0092207259    5.6615339e-05   -0.00043687847    1.7081786e-05   -0.00036696208    0.00067075831    9.1093825e-31   -1.6021766e-19    -9.156439e-20    4.3193883e-19              444                0
    -0.0059324191    8.0431255e-06    -0.0019819469    0.00020392615    -0.0008600445    -0.0010530808    9.1093825e-31   -1.6021766e-19    -9.156439e-20    4.3193883e-19              464                0
     0.0017492108    1.7059245e-06      0.006923622    0.00045096609     -0.011860634     0.0036157188    9.1093825e-31   -1.6021766e-19    -9.156439e-20    4.3193883e-19             2480                1
     0.0055677542    6.6023058e-05     0.0093010496     0.0015826029    -0.0010012351     0.0017078791    9.1093825e-31   -1.6021766e-19    -9.156439e-20    4.3193883e-19             1322                1
    0.00042929553    4.4156361e-05    -0.0087090237    0.00046730551     0.0079237372     0.0021993916    9.1093825e-31   -1.6021766e-19    -9.156439e-20    4.3193883e-19             2528                1
     0.0019153331    9.8105877e-05     -0.012659749    -0.0051034857      0.011221413    -0.0013371052    9.1093825e-31   -1.6021766e-19    -9.156439e-20    4.3193883e-19             2462                1
     0.0084170746    3.8746803e-05    -0.0038521355   -0.00065509393    0.00014641426    0.00088328432    9.1093825e-31   -1.6021766e-19    -9.156439e-20    4.3193883e-19              564                0
     0.0016396743    3.2403972e-05     0.0025984058   -0.00087356532     0.0059352298      0.006911932    9.1093825e-31   -1.6021766e-19    -9.156439e-20    4.3193883e-19             2594                1
     -0.004044963    6.6763942e-06    -0.0096432948       0.00363521    -0.0017468148     0.0017448048    9.1093825e-31   -1.6021766e-19    -9.156439e-20    4.3193883e-19             2310                1
     0.0011310116    5.8334765e-05      0.013620915     -0.001386451     -0.007878161    -0.0042049238    9.1093825e-31   -1.6021766e-19    -9.156439e-20    4.3193883e-19             2567                1
     0.0014541877    4.1360177e-05      0.011525426     0.0012119709    -0.0092291143    0.00024964704    9.1093825e-31   -1.6021766e-19    -9.156439e-20    4.3193883e-19             2525                1
    -0.0068326071    6.9816233e-05    0.00082117575    0.00022266968    -0.0008595807   -8.8500812e-05    9.1093825e-31   -1.6021766e-19    -9.156439e-20    4.3193883e-19              664                0
    -0.0076842243    2.2085885e-06       -0.0148735    0.00078543136    0.00032933484    0.00073531101    9.1093825e-31   -1.6021766e-19    -9.156439e-20    4.3193883e-19              684                0
     0.0033931874    4.8650523e-05     0.0047053238   -0.00020246999    -0.0027886699    -0.0018755789    9.1093825e-31   -1.6021766e-19    -9.156439e-20    4.3193883e-19              704                0
    -0.0027049009    8.7803026e-05     -0.014305681    -0.0014746247     0.0034385952    0.00011640004    9.1093825e-31   -1.6021766e-19    -9.156439e-20    4.3193883e-19              494                0
    -0.0065953196    8.0171027e-05     0.0094383741     0.0010357957   -0.00065616542     0.0016268293    9.1093825e-31   -1.6021766e-19    -9.156439e-20    4.3193883e-19              871                0
    -0.0040852963    8.1413265e-05     -0.012645065    0.00024411024     0.0047993488   -0.00031853188    9.1093825e-31   -1.6021766e-19    -9.156439e-20    4.3193883e-19             2176                1
    -0.0066554453    7.2285053e-05     -0.010905997    0.00098209421     0.0011535275    0.00099943089    9.1093825e-31   -1.6021766e-19    -9.156439e-20    4.3193883e-19              125                0
    -0.0050775544    8.0534039e-05      0.013379786    0.00094972854   -4.6446177e-05    0.00043362824    9.1093825e-31   -1.6021766e-19    -9.156439e-20    4.3193883e-19              804                0
     0.0040232912    9.3761755e-06      -0.01276015    0.00036571125     0.0021035573    -0.0025099721    9.1093825e-31   -1.6021766e-19    -9.156439e-20    4.3193883e-19              266                0
    9.9413694e-05    8.2670071e-05     -0.011839665    0.00032297266     0.0035934884     0.0031176645    9.1093825e-31   -1.6021766e-19    -9.156439e-20    4.3193883e-19              483                0
    -0.0031090633    2.2172486e-05    -0.0018022079   -0.00022580898     0.0047642114    -0.0068855495    9.1093825e-31   -1.6021766e-19    -9.156439e-20    4.3193883e-19             2587                1
    -0.0027506105    7.7066514e-05    -0.0089094229     0.0011481689     0.0022193494      0.001145688    9.1093825e-31   -1.6021766e-19    -9.156439e-20    4.3193883e-19              360                0
    0.00039186858    2.9267803e-05    -0.0037846721    -0.0017001582     0.0057933559    0.00034762884    9.1093825e-31   -1.6021766e-19    -9.156439e-20    4.3193883e-19             2570                1
     0.0012459619    9.8593126e-05      0.011413469    0.00018968382     -0.001861686     0.0015547808    9.1093825e-31   -1.6021766e-19    -9.156439e-20    4.3193883e-19             2668                1
     0.0018748036    7.6916076e-05     -0.012494867    -0.0012535836      0.012128078     0.0024199593    9.1093825e-31   -1.6021766e-19    -9.156439e-20    4.3193883e-19             2568                1
       0.00054086    5.7660058e-05     -0.011864697    3.6988524e-05     0.0034204975    0.00023342726    9.1093825e-31   -1.6021766e-19    -9.156439e-20    4.3193883e-19              958                0
     0.0015247194    5.5049033e-05     -0.012909433   -0.00034149952     0.0084268507   -0.00068841712    9.1093825e-31   -1.6021766e-19    -9.156439e-20    4.3193883e-19             2519                1
    -0.0067777312    8.0332997e-05      0.012253988    0.00033010295   -0.00031046625    0.00066826731    9.1093825e-31   -1.6021766e-19    -9.156439e-20    4.3193883e-19              988                0
    -0.0013871689    9.9115678e-05    -0.0080163646    -0.0044467398    -0.0029083111   -0.00022542669    9.1093825e-31   -1.6021766e-19    -9.156439e-20    4.3193883e-19             2675                1
     0.0013553133    6.0860606e-05    -0.0089461934    -0.0079491828     0.0088878851    -0.0015546188    9.1093825e-31   -1.6021766e-19    -9.156439e-20    4.3193883e-19             2484                1
    -0.0029830881    6.6539877e-05     -0.010413741     0.0024429427      0.010350875    -0.0021789069    9.1093825e-31   -1.6021766e-19    -9.156439e-20    4.3193883e-19             2540                1
    -0.0018449576    1.4251391e-05     0.0018300755    0.00022923847     0.0074171722     0.0039711348    9.1093825e-31   -1.6021766e-19    -9.156439e-20    4.3193883e-19             2648                1
     0.0055010468    8.8069515e-05      0.010673722    3.3482353e-05    -0.0049040718    1.7876531e-05    9.1093825e-31   -1.6021766e-19    -9.156439e-20    4.3193883e-19             2632                1
    -0.0015694911    8.6376749e-05      0.010858698     0.0062092813    -0.0043598423     0.0071467385    9.1093825e-31   -1.6021766e-19    -9.156439e-20    4.3193883e-19             2418                1
     0.0014714148    9.0216279e-05    -0.0088811824   -0.00019812182    -0.0037706434   -0.00042777762    9.1093825e-31   -1.6021766e-19    -9.156439e-20    4.3193883e-19             2643                1
   -0.00039617936    3.9089653e-05    0.00031166396   -6.6438966e-05     0.0093818847    2.1652613e-05    9.1093825e-31   -1.6021766e-19    -9.156439e-20    4.3193883e-19             2603                1
    -0.0009475525    6.3591651e-05    -0.0059063248    -0.0049703005     0.0091279838    0.00018710221    9.1093825e-31   -1.6021766e-19    -9.156439e-20    4.3193883e-19             2511                1
    -0.0025392484    3.4727404e-05     0.0061437241     0.0013094309    -0.0033547527    0.00040789798    9.1093825e-31   -1.6021766e-19    -9.156439e-20    4.3193883e-19              485                0
     0.0021176622    8.8942354e-05     -0.014720413   -2.5219804e-05    -0.0020207404     0.0078161675    9.1093825e-31   -1.6021766e-19    -9.156439e-20    4.3193883e-19             2605                1
     0.0033507238    5.8638023e-05   -0.00094263535     -0.000288626    0.00040830032    0.00026915898    9.1093825e-31   -1.6021766e-19    -9.156439e-20    4.3193883e-19             2276                1
     0.0014040496    1.9188705e-05      0.011401257     0.0014766083    -0.0087335575    -0.0031548317    9.1093825e-31   -1.6021766e-19    -9.156439e-20    4.3193883e-19             2423                1
    -0.0029027963    4.1927458e-05     -0.010484003    0.00049257081     0.0084680589     0.0033345192    9.1093825e-31   -1.6021766e-19    -9.156439e-20    4.3193883e-19             2582                1
     0.0022530975    6.2308682e-05    -0.0091937156    -0.0015698943     0.0079393024     0.0005553813    9.1093825e-31   -1.6021766e-19    -9.156439e-20    4.3193883e-19             2437                1
     -0.006795649    4.8510385e-05     0.0025936628    -0.0017817627    -0.0055385926    -0.0018367623    9.1093825e-31   -1.6021766e-19    -9.156439e-20    4.3193883e-19             2501                1
     0.0016304128    8.6368942e-05     -0.012978178    -0.0010113212      0.010007307    0.00063341565    9.1093825e-31   -1.6021766e-19    -9.156439e-20    4.3193883e-19             2442                1
    -0.0016934755    4.2360578e-05     -0.011205835    -0.0018638562     0.0076974044    -0.0057207402    9.1093825e-31   -1.6021766e-19    -9.156439e-20    4.3193883e-19             2541                1
     0.0010980513    5.2810148e-05    -0.0065024896     0.0015859611     0.0081973132     0.0030856756    9.1093825e-31   -1.6021766e-19    -9.156439e-20    4.3193883e-19             2512                1
     0.0011749597    4.1231142e-05      0.011430968   -7.3235198e-05    -0.0098370519    8.4406884e-06    9.1093825e-31   -1.6021766e-19    -9.156439e-20    4.3193883e-19             2545                1
    -0.0016112475    8.4656742e-05      -0.01244276    -0.0015090785      0.010853951     0.0049342141    9.1093825e-31   -1.6021766e-19    -9.156439e-20    4.3193883e-19             2485                1
   -0.00051347114    7.5265882e-05    -0.0082394537     0.0020161371      0.010610204   -0.00086122658    9.1093825e-31   -1.6021766e-19    -9.156439e-20    4.3193883e-19             2505                1
    -0.0029362116      4.92906e-05     -0.014494256   -1.9127496e-05     0.0029506739    -0.0013795469    9.1093825e-31   -1.6021766e-19    -9.156439e-20    4.3193883e-19              422                0
    -0.0037571099    4.4263092e-05      0.011600593     0.0036183146    -0.0077613322     0.0019283037    9.1093825e-31   -1.6021766e-19    -9.156439e-20    4.3193883e-19             2489                1
     0.0016198227    7.7844175e-05      0.010476745     0.0021302858     0.0011503857    -0.0064933551    9.1093825e-31   -1.6021766e-19    -9.156439e-20    4.3193883e-19             2412                1
    0.00036917432    4.6312591e-05    -0.0088585103   -0.00070779218     0.0092737507     0.0001721725    9.1093825e-31   -1.6021766e-19    -9.156439e-20    4.3193883e-19             2579                1
     -0.004324825    8.0449776e-05      0.010361329    -0.0028816897    -0.0012971131     0.0010077721    9.1093825e-31   -1.6021766e-19    -9.156439e-20    4.3193883e-19              687                0
     0.0012189081    5.6104087e-05      0.011382034    9.6977805e-05    -0.0081267701     0.0016484461    9.1093825e-31   -1.6021766e-19    -9.156439e-20    4.3193883e-19             2552                1
   -5.0667295e-05    5.3353637e-05      0.013866586    -0.0065979818    -0.0071771005     0.0024032011    9.1093825e-31   -1.6021766e-19    -9.156439e-20    4.3193883e-19             2504                1
    -0.0012385632           0.0001     -0.014254305     0.0033616398     0.0016567033   -0.00097028801    9.1093825e-31   -1.6021766e-19    -9.156439e-20    4.3193883e-19             2573                1
     0.0053614965    4.7446094e-05     0.0032918472    0.00023077066    -0.0023217958   -0.00070361322    9.1093825e-31   -1.6021766e-19    -9.156439e-20    4.3193883e-19              581                0
   -0.00051435491    7.6439675e-05    -0.0025038447    -0.0020804023   -0.00098495523    -0.0019702259    9.1093825e-31   -1.6021766e-19    -9.156439e-20    4.3193883e-19             2509                1
     0.0011902556    2.6589561e-05      0.011394311      0.001723335     -0.011565924    -0.0042936853    9.1093825e-31   -1.6021766e-19    -9.156439e-20    4.3193883e-19             2546                1
     0.0013921787    5.7805766e-05     0.0016492758   -9.5542215e-05    -0.0028001347    -0.0016340152    9.1093825e-31   -1.6021766e-19    -9.156439e-20    4.3193883e-19              641                0
    0.00062523951    6.9077723e-05     0.0096602226    -0.0045006098    -0.0062701395    -0.0057167136    9.1093825e-31   -1.6021766e-19    -9.156439e-20    4.3193883e-19             2453                1
     0.0018328886    8.6565051e-05      0.011970293   -0.00059864006    -0.0053762714     0.0019746027    9.1093825e-31   -1.6021766e-19    -9.156439e-20    4.3193883e-19             2622                1
     0.0033895995    5.2495812e-05      0.012632265      0.001197333    -0.0058172476    0.00086241716    9.1093825e-31   -1.6021766e-19    -9.156439e-20    4.3193883e-19             2435                1
    -0.0069881142    3.4167247e-06     -0.014229615    -0.0018148387    0.00092227658    -0.0001448191    9.1093825e-31   -1.6021766e-19    -9.156439e-20    4.3193883e-19              394                0
    -0.0025173293    9.3564058e-06    0.00067468174     0.0028785146       0.00187272     0.0049595484    9.1093825e-31   -1.6021766e-19    -9.156439e-20    4.3193883e-19             2585                1
     0.0011766544    4.9151342e-05      0.013647397    0.00042260348    -0.0075157466    -0.0012649617    9.1093825e-31   -1.6021766e-19    -9.156439e-20    4.3193883e-19             2500                1
    -0.0027016853    7.1429992e-07     0.0069424096     0.0024112512     0.0023782554    -0.0018268875    9.1093825e-31   -1.6021766e-19    -9.156439e-20    4.3193883e-19             2676                1
    -0.0035472838    5.4708245e-05    -0.0012731788    -0.0026388778     0.0089111086     0.0010975252    9.1093825e-31   -1.6021766e-19    -9.156439e-20    4.3193883e-19             2580                1
     0.0093936315    5.7467725e-05    -0.0041996907    0.00047102902   -0.00029184594     0.0016114153    9.1093825e-31   -1.6021766e-19    -9.156439e-20    4.3193883e-19              821                0
     0.0030215385     2.174261e-05    -0.0044218274     -0.002197874     0.0082638999    0.00060102122    9.1093825e-31   -1.6021766e-19    -9.156439e-20    4.3193883e-19             2626                1
     0.0013689568    2.0873284e-05    -0.0033481345   -0.00036351886     0.0054379818   -0.00055278913    9.1093825e-31   -1.6021766e-19    -9.156439e-20    4.3193883e-19             2593                1
     0.0014093723     4.744032e-05      0.011391183     0.0059848204    -0.0073960214     0.0032133257    9.1093825e-31   -1.6021766e-19    -9.156439e-20    4.3193883e-19             2451                1
     0.0032045254    5.5234243e-05      0.014067133    -0.0050154086    -0.0094051426     0.0029096738    9.1093825e-31   -1.6021766e-19    -9.156439e-20    4.3193883e-19             2589                1
     0.0010734207    1.4583763e-05     0.0058985897    0.00019837143     -0.010006021    -0.0058471169    9.1093825e-31   -1.6021766e-19    -9.156439e-20    4.3193883e-19             2446                1
   -0.00050210766    6.5081265e-05     0.0094659766   -0.00034247848    -0.0076833661   -0.00058402383    9.1093825e-31   -1.6021766e-19    -9.156439e-20    4.3193883e-19             2581                1
    -0.0010063447    4.6629989e-06      0.006086193    -0.0011640206     0.0015125659    -0.0013369884    9.1093825e-31   -1.6021766e-19    -9.156439e-20    4.3193883e-19             2635                1
    6.0192084e-05    1.7814449e-05    -0.0013405702    -0.0021623394     0.0029307618    -0.0026928019    9.1093825e-31   -1.6021766e-19    -9.156439e-20    4.3193883e-19             2537                1
      0.001026782    3.5395735e-07     0.0060114791     0.0022681961    0.00086607761   -0.00074890576    9.1093825e-31   -1.6021766e-19    -9.156439e-20    4.3193883e-19             2674                1
     0.0075419382    9.3545088e-05     -0.014047318   -5.2363455e-05    -0.0020494112   -2.7684631e-05    9.1093825e-31   -1.6021766e-19    -9.156439e-20    4.3193883e-19             2627                1
    -0.0083677489    5.9205881e-06     0.0084957927    0.00072523847   -0.00067471492   -0.00013097186    9.1093825e-31   -1.6021766e-19    -9.156439e-20    4.3193883e-19               58                0
     0.0090705762     7.692357e-05     -0.012694402     0.0013673127     0.0023525173    -0.0021544129    9.1093825e-31   -1.6021766e-19    -9.156439e-20    4.3193883e-19             2078                1
    -0.0013939773    8.1472281e-05     -0.011194278   -5.6356399e-05      0.012503234     0.0048076967    9.1093825e-31   -1.6021766e-19    -9.156439e-20    4.3193883e-19             2558                1
     0.0040897122    4.1410749e-05     0.0010877366     -0.001550475    -0.0025856644    -0.0015082854    9.1093825e-31   -1.6021766e-19    -9.156439e-20    4.3193883e-19              118                0
     0.0040515042    5.2272891e-05    -0.0069403439     0.0012677106     0.0082222614     0.0033101593    9.1093825e-31   -1.6021766e-19    -9.156439e-20    4.3193883e-19             2538                1
    -0.0094245337    3.1244243e-05    -0.0036316297    0.00052208814     9.526607e-05    0.00042812093    9.1093825e-31   -1.6021766e-19    -9.156439e-20    4.3193883e-19              158                0
     0.0047295718    9.6959586e-05    -0.0035768552     0.0019385489    -0.0025256239   -0.00022615887    9.1093825e-31   -1.6021766e-19    -9.156439e-20    4.3193883e-19             2664                1
   -0.00059188454    7.4292852e-06     -0.002581022     0.0056642918    -0.0047752778     0.0061915582    9.1093825e-31   -1.6021766e-19    -9.156439e-20    4.3193883e-19             2252                1
    0.00043467802    6.7783199e-05    -0.0038051498     0.0039153663      0.010852898    -0.0023318585    9.1093825e-31   -1.6021766e-19    -9.156439e-20    4.3193883e-19             2571                1
     0.0010939218    1.0666916e-05     0.0058685653    0.00037458772     0.0048676454     0.0002672812    9.1093825e-31   -1.6021766e-19    -9.156439e-20    4.3193883e-19             2646                1
     0.0068731862    6.0531256e-05     -0.013549973   -0.00046645282     0.0017555149    0.00094274781    9.1093825e-31   -1.6021766e-19    -9.156439e-20    4.3193883e-19              213                0
    -0.0024222576    1.6689442e-05    -0.0022024175   -0.00071018195     0.0059845275    -0.0018908961    9.1093825e-31   -1.6021766e-19    -9.156439e-20    4.3193883e-19             2620                1
    -0.0060814731    1.0076119e-05    -0.0030500654    -0.0006184667    -0.0049898201    0.00020116867    9.1093825e-31   -1.6021766e-19    -9.156439e-20    4.3193883e-19             2376                1
    -0.0039718072    3.1095122e-05      0.011632216    0.00085725443    -0.0095410403     0.0014115815    9.1093825e-31   -1.6021766e-19    -9.156439e-20    4.3193883e-19             2514                1
    -0.0092116445    9.5912175e-05    -0.0043346747    -0.0027759734    0.00032639431    0.00050315418    9.1093825e-31   -1.6021766e-19    -9.156439e-20    4.3193883e-19              723                0
     0.0034328559    3.6627225e-05     0.0090716425     0.0029047187    -0.0085784448    -0.0027255374    9.1093825e-31   -1.6021766e-19    -9.156439e-20    4.3193883e-19             2477                1
     0.0024574422    8.1057762e-05    -0.0093187522     0.0013663435      0.012747943    -0.0010315441    9.1093825e-31   -1.6021766e-19    -9.156439e-20    4.3193883e-19             2564                1
   -0.00088327576    8.3237237e-06    -0.0059609348    -0.0014723181      0.004945532    -0.0011439357    9.1093825e-31   -1.6021766e-19    -9.156439e-20    4.3193883e-19             2649                1
     0.0008871376    4.7164165e-05     0.0026597825     -0.001125443     -0.006530351     -0.001073649    9.1093825e-31   -1.6021766e-19    -9.156439e-20    4.3193883e-19             2497                1
     0.0058536646    8.8228393e-05     0.0030139515   -0.00043024361     0.0014254847    0.00012910311    9.1093825e-31   -1.6021766e-19    -9.156439e-20    4.3193883e-19             2271                1
     0.0018185198    1.7496826e-05     -0.001957614    -0.0047259252     0.0051658936     -0.002493287    9.1093825e-31   -1.6021766e-19    -9.156439e-20    4.3193883e-19             2606                1
     -0.008907456     2.370339e-06      0.013746167     0.0013360262    -0.0002252503   -0.00050243369    9.1093825e-31   -1.6021766e-19    -9.156439e-20    4.3193883e-19              503                0
     0.0014078569    4.8235142e-05      0.011528937    -0.0036126517    -0.0085172458     0.0006138364    9.1093825e-31   -1.6021766e-19    -9.156439e-20    4.3193883e-19             2524                1
    -0.0088749481      9.28019e-05    -0.0012753875      0.000773006    0.00032113583     -0.001787719    9.1093825e-31   -1.6021766e-19    -9.156439e-20    4.3193883e-19              518                0
     0.0026086874    3.9211456e-05      0.012282473     0.0077039567    -0.0096635753    -3.769312e-05    9.1093825e-31   -1.6021766e-19    -9.156439e-20    4.3193883e-19             2539                1
     0.0032771463    7.8695201e-05     0.0079353089   -0.00072805991    -0.0024122349   -0.00054133928    9.1093825e-31   -1.6021766e-19    -9.156439e-20    4.3193883e-19              903                0
    -0.0084857401     4.543726e-05      0.010166232    0.00099445658   -0.00016413537    0.00071630359    9.1093825e-31   -1.6021766e-19    -9.156439e-20    4.3193883e-19              578                0
   -0.00087112904    6.5515909e-05    -0.0085137058     0.0008020064      0.010951646   -0.00023216644    9.1093825e-31   -1.6021766e-19    -9.156439e-20    4.3193883e-19             2562                1
     0.0082659442    3.5845373e-05     0.0096077267     0.0017349607    -0.0004391431    0.00014753798    9.1093825e-31   -1.6021766e-19    -9.156439e-20    4.3193883e-19              618                0
    -0.0013069997    6.8667898e-05     -0.014201785     0.0030980234     0.0085339639    0.00028343435    9.1093825e-31   -1.6021766e-19    -9.156439e-20    4.3193883e-19             2440                1
   -4.0137111e-06    1.4392575e-05     0.0036584835    -0.0033577562     0.0028486501    -0.0071969791    9.1093825e-31   -1.6021766e-19    -9.156439e-20    4.3193883e-19             2602                1
    -0.0032780953    1.0502601e-05     0.0061486452    -0.0020568091     0.0053623477     0.0033056638    9.1093825e-31   -1.6021766e-19    -9.156439e-20    4.3193883e-19             2650                1
     0.0018120857    4.0891242e-05        0.0121933    0.00034010652    -0.0087927775     0.0021074172    9.1093825e-31   -1.6021766e-19    -9.156439e-20    4.3193883e-19             2508                1
    -0.0030350473    5.0435086e-05     -0.010355966     0.0011610485     0.0072933258    -0.0011626811    9.1093825e-31   -1.6021766e-19    -9.156439e-20    4.3193883e-19             2452                1
    -0.0023081342    7.0939932e-06     0.0029562986     0.0012204365     0.0055926116     -0.001175008    9.1093825e-31   -1.6021766e-19    -9.156439e-20    4.3193883e-19             2659                1
     0.0010871509    8.6708285e-05    -0.0064753173     0.0004950767       0.01157922      0.005810325    9.1093825e-31   -1.6021766e-19    -9.156439e-20    4.3193883e-19             2513                1
   -6.7984591e-05    3.3692574e-18      0.013794183     -0.001805816    -0.0099363355    -0.0023454106    9.1093825e-31   -1.6021766e-19    -9.156439e-20    4.3193883e-19             2447                1
   -0.00068150135    4.2358497e-05     0.0068488368    -0.0015695443    -0.0099434815    0.00048884941    9.1093825e-31   -1.6021766e-19    -9.156439e-20    4.3193883e-19             2575                1
      0.001477217    3.9201623e-05    -0.0051294854   -0.00030979596     0.0086374227    0.00022718075    9.1093825e-31   -1.6021766e-19    -9.156439e-20    4.3193883e-19             2590                1
    -0.0066805291     3.097437e-05     0.0050907466   -0.00045566342    -0.0016929989     0.0010697434    9.1093825e-31   -1.6021766e-19    -9.156439e-20    4.3193883e-19              573                0
     0.0066235447    8.8706744e-05     -0.011497524   -0.00013345113      0.001881959    0.00042431083    9.1093825e-31   -1.6021766e-19    -9.156439e-20    4.3193883e-19              274                0
   -0.00096332974    7.5844559e-06     0.0058836294      0.003392474     -0.011523966    -0.0068009687    9.1093825e-31   -1.6021766e-19    -9.156439e-20    4.3193883e-19             2496                1
     -0.001010951     1.759545e-05     0.0060928031    -0.0030247241     0.0067383237     0.0013323154    9.1093825e-31   -1.6021766e-19    -9.156439e-20    4.3193883e-19             2636                1
      0.001472882    8.1364145e-05     -0.008881785    0.00047527556    -0.0078352205   -0.00070667505    9.1093825e-31   -1.6021766e-19    -9.156439e-20    4.3193883e-19             2644                1
     0.0003822966    9.8318647e-05    -0.0087629026   -0.00024367624    -0.0084590809    -0.0048213471    9.1093825e-31   -1.6021766e-19    -9.156439e-20    4.3193883e-19             2678                1
     0.0051967637     3.735672e-05     0.0001877624     0.0021909613    -0.0065601119     0.0013132879    9.1093825e-31   -1.6021766e-19    -9.156439e-20    4.3193883e-19             2526                1
      0.001546216    9.3946055e-06     0.0024618132    -0.0014175293     -0.008522898    -0.0014161564    9.1093825e-31   -1.6021766e-19    -9.156439e-20    4.3193883e-19             2404                1
    -0.0063247229    2.9849129e-05     0.0053532473   -0.00083899254    -0.0018522136    -0.0027872196    9.1093825e-31   -1.6021766e-19    -9.156439e-20    4.3193883e-19              985                0
    -0.0014492971    6.9982816e-05    -0.0084519098   -0.00011627485     0.0097467434   -0.00016307253    9.1093825e-31   -1.6021766e-19    -9.156439e-20    4.3193883e-19             2491                1
     0.0076317778    6.7016139e-05    0.00069611036   -0.00055140699    -0.0009037219     0.0012068336    9.1093825e-31   -1.6021766e-19    -9.156439e-20    4.3193883e-19              614                0
    0.00015947619    7.1286386e-06    -0.0010847508   -0.00071593485    -0.0070952522   -0.00045094755    9.1093825e-31   -1.6021766e-19    -9.156439e-20    4.3193883e-19             2448                1
   -0.00070742122    5.0220457e-05    -0.0083815726     0.0034863693     0.0033629104    0.00039865499    9.1093825e-31   -1.6021766e-19    -9.156439e-20    4.3193883e-19             2204                1
    9.1286965e-05    3.6780555e-05     -0.013341252   -7.8735764e-05     0.0031529702    0.00029499605    9.1093825e-31   -1.6021766e-19    -9.156439e-20    4.3193883e-19               79                0
    -0.0021517966    4.0997984e-06     0.0062575778    -0.0015061257      0.003315774    0.00043999593    9.1093825e-31   -1.6021766e-19    -9.156439e-20    4.3193883e-19             2663                1
     0.0010032632    4.9325499e-05     -0.009265515    -0.0050947471     0.0070736073     0.0016032398    9.1093825e-31   -1.6021766e-19    -9.156439e-20    4.3193883e-19             2426                1
      0.008172242    4.0722094e-05     -0.013357749   -0.00014706913     0.0017275806    0.00082659087    9.1093825e-31   -1.6021766e-19    -9.156439e-20    4.3193883e-19             1982                1
   -0.00099858723    3.5915368e-06     0.0059251948      0.001291653     0.0072196117    -0.0021954952    9.1093825e-31   -1.6021766e-19    -9.156439e-20    4.3193883e-19             2672                1
     0.0032558469    7.4277363e-05      0.012720332    -0.0028392265    -0.0052059162     0.0048392932    9.1093825e-31   -1.6021766e-19    -9.156439e-20    4.3193883e-19             2515                1
     0.0011626204    7.3520947e-05     -0.009586704    7.8495876e-05       0.01086509    -0.0004220168    9.1093825e-31   -1.6021766e-19    -9.156439e-20    4.3193883e-19             2520                1
   -0.00092579541    9.4279261e-05    -0.0084596397     0.0045629586      0.012970684     0.0019943756    9.1093825e-31   -1.6021766e-19    -9.156439e-20    4.3193883e-19             2521                1
    -0.0012685406     9.701783e-05     -0.012478974    -0.0018468004      0.013301851     0.0010249174    9.1093825e-31   -1.6021766e-19    -9.156439e-20    4.3193883e-19             2529                1
     0.0010172051    7.7610035e-05    -0.0095477588     0.0051336917      0.012090615    -0.0013957961    9.1093825e-31   -1.6021766e-19    -9.156439e-20    4.3193883e-19             2542                1
    -0.0029006237    7.8623591e-05    -0.0057393452    -0.0050366954      0.011657673   -0.00048728241    9.1093825e-31   -1.6021766e-19    -9.156439e-20    4.3193883e-19             2547                1
    -0.0028647629    5.2552266e-05    -0.0056928415    -0.0007764069      0.008548093     0.0050341464    9.1093825e-31   -1.6021766e-19    -9.156439e-20    4.3193883e-19             2548                1
     0.0018309873    7.4188014e-05      0.010473026    -0.0034750348    -0.0059243543    0.00081296393    9.1093825e-31   -1.6021766e-19    -9.156439e-20    4.3193883e-19             2553                1
     0.0002740871    6.2162217e-05      0.012432854    -0.0010801104    -0.0073906449    -0.0017425395    9.1093825e-31   -1.6021766e-19    -9.156439e-20    4.3193883e-19             2554                1
     0.0018287265    5.0106019e-06      0.010542405    -0.0090534687    0.00011556188    -0.0032316362    9.1093825e-31   -1.6021766e-19    -9.156439e-20    4.3193883e-19             2610                1
    -6.004428e-05    2.7452103e-05     0.0037374599     0.0038008981      0.007546158     0.0013172583    9.1093825e-31   -1.6021766e-19    -9.156439e-20    4.3193883e-19             2613                1
    -0.0032761374    4.9124333e-06     0.0062424717     0.0031354965     0.0012925203      0.008773285    9.1093825e-31   -1.6021766e-19    -9.156439e-20    4.3193883e-19             2628                1
    -0.0035243852    8.8066889e-05     -0.010003421   -0.00064980419    -0.0033906756    -0.0010139918    9.1093825e-31   -1.6021766e-19    -9.156439e-20    4.3193883e-19             2629                1
    -0.0015997967     9.462508e-05     -0.012487592     0.0015513037    -0.0018038736    0.00095935282    9.1093825e-31   -1.6021766e-19    -9.156439e-20    4.3193883e-19             2637                1
    0.00036367049     8.589583e-05    -0.0087316968    0.00043777138    -0.0054060956    -0.0013388753    9.1093825e-31   -1.6021766e-19    -9.156439e-20    4.3193883e-19             2640                1
      0.001311927    1.4372537e-05     0.0024492864     0.0010263721      0.006472447    0.00013910496    9.1093825e-31   -1.6021766e-19    -9.156439e-20    4.3193883e-19             2641                1
     0.0016973917     7.041037e-06      0.007368193      0.001529226     0.0057199695    3.4052489e-05    9.1093825e-31   -1.6021766e-19    -9.156439e-20    4.3193883e-19             2660                1
     0.0074788062    3.7215037e-07      0.008682481   -0.00026283864     0.0018715506    0.00042125443    9.1093825e-31   -1.6021766e-19    -9.156439e-20    4.3193883e-19             2677                1
    -0.0059358082     9.944442e-05    -0.0026447233    -0.0006496319    -0.0056120302    -0.0010206816    9.1093825e-31   -1.6021766e-19    -9.156439e-20    4.3193883e-19             2679                1
