%  ASCII export : 
%
%  Momentum is normalized to the product of particle's mass and speed of light.
%  All other quantities are in SI units.
%
%            posX             posY             posZ             momX             momY             momZ             mass           charge     macro-charge             time       particleID         sourceID

    -0.0016795909    8.6092732e-05     -0.011145944      0.003453871     0.0096217487     0.0021629238    9.1093825e-31   -1.6021766e-19    -9.156439e-20    6.8654492e-19             4078                1
     0.0017187891    9.4080169e-05      0.010310217    -0.0012053591    -0.0032979101    -0.0048294663    9.1093825e-31   -1.6021766e-19    -9.156439e-20    6.8654492e-19             4319                1
   -0.00092246186    4.8620437e-05     0.0058472361   -0.00016658481    -0.0082327817    -0.0050565745    9.1093825e-31   -1.6021766e-19    -9.156439e-20    6.8654492e-19             4114                1
     -0.002602774    2.3586685e-05     0.0069160578     0.0026393272    -0.0067156106    0.00010246917    9.1093825e-31   -1.6021766e-19    -9.156439e-20    6.8654492e-19             3989                1
      0.002064555    7.0609683e-05      0.014665422    -0.0019766621    -0.0078085107   -0.00074737548    9.1093825e-31   -1.6021766e-19    -9.156439e-20    6.8654492e-19             4281                1
     0.0024644686    1.5529013e-05    -0.0093017006     0.0041239043    -0.0062546516    -0.0035457385    9.1093825e-31   -1.6021766e-19    -9.156439e-20    6.8654492e-19             4025                1
    -0.0019668124    2.8886216e-05     0.0063882247    -0.0037765841     -0.010808652    -0.0022008531    9.1093825e-31   -1.6021766e-19    -9.156439e-20    6.8654492e-19             4141                1
   -0.00061835378    1.4789702e-05     -0.012286689    0.00041888934   -0.00051398226    -0.0011851073    9.1093825e-31   -1.6021766e-19    -9.156439e-20    6.8654492e-19               55                0
    -0.0023980492    1.4712542e-05    -0.0019733887    -0.0040421081     0.0091290241   -0.00069873413    9.1093825e-31   -1.6021766e-19    -9.156439e-20    6.8654492e-19             4341                1
    -0.0019357066    8.2114544e-05     0.0064769937    -0.0011898181    -0.0042679575    0.00088472717    9.1093825e-31   -1.6021766e-19    -9.156439e-20    6.8654492e-19             4106                1
     0.0043793567    3.3173354e-05     0.0052303453   -0.00051834871   -0.00072864338    -0.0003849252    9.1093825e-31   -1.6021766e-19    -9.156439e-20    6.8654492e-19              154                0
      0.006704581    7.2883464e-05     -0.013219465     0.0014624122    0.00018998007     0.0013945682    9.1093825e-31   -1.6021766e-19    -9.156439e-20    6.8654492e-19              488                0
    -0.0025731535    1.8788214e-05     -0.014763447    -0.0012515013    0.00080855493    0.00063786731    9.1093825e-31   -1.6021766e-19    -9.156439e-20    6.8654492e-19               27                0
     0.0027328602    6.8255067e-05      0.012207835     0.0052125338    -0.0066683595    -0.0013753043    9.1093825e-31   -1.6021766e-19    -9.156439e-20    6.8654492e-19             4236                1
   -0.00028403453    9.2078053e-06    -0.0028836189    -0.0038686111      0.003211352     0.0047038989    9.1093825e-31   -1.6021766e-19    -9.156439e-20    6.8654492e-19             4301                1
     0.0015977778    7.9715101e-05      0.011391765    0.00039090891    -0.0052032317    -0.0037248216    9.1093825e-31   -1.6021766e-19    -9.156439e-20    6.8654492e-19             4254                1
   -0.00015434981    9.6551747e-05      0.013862725     0.0073492583    -0.0015519917   -7.3359071e-05    9.1093825e-31   -1.6021766e-19    -9.156439e-20    6.8654492e-19             4308                1
    -0.0016728198    8.4634172e-05      0.010604694     -0.001106581    -0.0041177766     0.0017618004    9.1093825e-31   -1.6021766e-19    -9.156439e-20    6.8654492e-19             4245                1
    -0.0013959452    5.2813837e-05    -0.0084740277    4.6381315e-06     0.0084652118   -9.1223086e-07    9.1093825e-31   -1.6021766e-19    -9.156439e-20    6.8654492e-19             4174                1
    -0.0013034251    7.9110898e-05     0.0067173876    -0.0027538165    -0.0045398893     0.0035534501    9.1093825e-31   -1.6021766e-19    -9.156439e-20    6.8654492e-19             4103                1
    -0.0026660133    5.4370586e-05     0.0069305352    -0.0015655429    -0.0046607922     0.0010621877    9.1093825e-31   -1.6021766e-19    -9.156439e-20    6.8654492e-19             3990                1
    -0.0016280763    1.3560548e-05      -0.01244278    -0.0028027382     0.0044142874    -0.0048926952    9.1093825e-31   -1.6021766e-19    -9.156439e-20    6.8654492e-19             4244                1
    -0.0050792997    5.1639916e-05     0.0089057572     0.0014266167     0.0005979113   -0.00043929607    9.1093825e-31   -1.6021766e-19    -9.156439e-20    6.8654492e-19              355                0
     0.0075854785    1.7751339e-06     -0.011820428   -0.00079742796   -0.00047053004    0.00070912816    9.1093825e-31   -1.6021766e-19    -9.156439e-20    6.8654492e-19              451                0
     0.0020655806    8.9945373e-05      0.014688028    -0.0017024679    -0.0026651793     0.0052613094    9.1093825e-31   -1.6021766e-19    -9.156439e-20    6.8654492e-19             4282                1
    -0.0064353044    2.7101101e-05    -0.0019310245   -0.00016407856    -0.0017633612    0.00093417533    9.1093825e-31   -1.6021766e-19    -9.156439e-20    6.8654492e-19               32                0
     0.0011518869    7.2422961e-05    -0.0096170334   -0.00015855859     0.0092797149    -0.0033505321    9.1093825e-31   -1.6021766e-19    -9.156439e-20    6.8654492e-19             4132                1
     0.0080893571    2.0016581e-05    0.00057246635     -0.001637321    -0.0008007217   -0.00062166445    9.1093825e-31   -1.6021766e-19    -9.156439e-20    6.8654492e-19              455                0
     0.0048840092    6.2722109e-05     0.0071890489    -0.0031681214    -0.0057641044     0.0011765073    9.1093825e-31   -1.6021766e-19    -9.156439e-20    6.8654492e-19             4134                1
    -0.0029433842    2.3236598e-05     -0.010675448    0.00077450403     0.0051258621    -0.0033943595    9.1093825e-31   -1.6021766e-19    -9.156439e-20    6.8654492e-19             4205                1
   -9.9527526e-05    4.4674456e-05     0.0033536239    -0.0050899666     -0.008928841    -0.0059727482    9.1093825e-31   -1.6021766e-19    -9.156439e-20    6.8654492e-19             4105                1
    -0.0012327123    1.5458962e-05     0.0060853423     0.0014821265    -0.0095052207    0.00076983706    9.1093825e-31   -1.6021766e-19    -9.156439e-20    6.8654492e-19             4054                1
   -0.00017261233    8.3807383e-05      0.013865552    0.00025415441    -0.0065028798     0.0010255576    9.1093825e-31   -1.6021766e-19    -9.156439e-20    6.8654492e-19             4309                1
    0.00096794951    5.5918395e-06     0.0025065774     -0.003395777     0.0030339444   -0.00013934144    9.1093825e-31   -1.6021766e-19    -9.156439e-20    6.8654492e-19             4342                1
      0.001185276    8.1033133e-05      0.011296046    -0.0020215388    -0.0032024374    -0.0022216043    9.1093825e-31   -1.6021766e-19    -9.156439e-20    6.8654492e-19             4163                1
     0.0013663298    2.9518895e-07     -0.008867274    3.1359006e-05    -0.0069853263   -0.00034273966    9.1093825e-31   -1.6021766e-19    -9.156439e-20    6.8654492e-19             3926                1
     0.0016327689    8.5857673e-06     -0.005131912     0.0057278094     0.0063068639   -0.00068879628    9.1093825e-31   -1.6021766e-19    -9.156439e-20    6.8654492e-19             4356                1
   -7.8720979e-05    6.0008253e-05     0.0042141164    -0.0031388411    -0.0080208853    -0.0053263698    9.1093825e-31   -1.6021766e-19    -9.156439e-20    6.8654492e-19             4161                1
    0.00096030335    1.9871059e-05    -0.0064836112    -0.0092221396    -0.0066202828    0.00086654024    9.1093825e-31   -1.6021766e-19    -9.156439e-20    6.8654492e-19             3776                1
    -0.0063173608    2.0554156e-05     0.0037604528     0.0030439652   -0.00091061438    -0.0015921866    9.1093825e-31   -1.6021766e-19    -9.156439e-20    6.8654492e-19              695                0
     0.0012252093    4.6884576e-05      0.011490172    -0.0025710729    -0.0052444777     0.0029735109    9.1093825e-31   -1.6021766e-19    -9.156439e-20    6.8654492e-19             4089                1
    -0.0042515821    3.9678471e-05    -0.0096945381    -0.0014901422     0.0094139688   -0.00054467557    9.1093825e-31   -1.6021766e-19    -9.156439e-20    6.8654492e-19             4250                1
     0.0013335651    9.0989342e-05      0.011362868     0.0019592168   -0.00037130155    -0.0014305926    9.1093825e-31   -1.6021766e-19    -9.156439e-20    6.8654492e-19             4056                1
     0.0026788577     7.810504e-05      0.012266726     0.0027349165    -0.0050102961     0.0018805988    9.1093825e-31   -1.6021766e-19    -9.156439e-20    6.8654492e-19             4243                1
   -0.00025165014     3.338671e-05    -0.0027956767    0.00025082508    -0.0077308426    -0.0014641914    9.1093825e-31   -1.6021766e-19    -9.156439e-20    6.8654492e-19             3882                1
    -0.0013888858    4.0834842e-05     0.0055969846     0.0018902535         -0.01165    0.00021715107    9.1093825e-31   -1.6021766e-19    -9.156439e-20    6.8654492e-19             4206                1
     0.0019774046    4.8284088e-05     -0.012339494    -0.0058159796     0.0074254558    -0.0018572176    9.1093825e-31   -1.6021766e-19    -9.156439e-20    6.8654492e-19             4118                1
     -0.000460476    2.9510864e-05     0.0002156625    0.00037616544     -0.011116068   -0.00066393468    9.1093825e-31   -1.6021766e-19    -9.156439e-20    6.8654492e-19             4139                1
    -0.0032925948    2.8990522e-05    -0.0099158632     0.0055813128     0.0051973979    -0.0016942639    9.1093825e-31   -1.6021766e-19    -9.156439e-20    6.8654492e-19             4166                1
    0.00042957562    5.2079198e-05    0.00021218965   -0.00099560968    -0.0077349772     0.0015931305    9.1093825e-31   -1.6021766e-19    -9.156439e-20    6.8654492e-19             4055                1
     0.0020369573    7.7966113e-05      0.014607137    0.00040338648    -0.0031402973   -0.00085261854    9.1093825e-31   -1.6021766e-19    -9.156439e-20    6.8654492e-19             4208                1
     0.0060091354    3.8882285e-05     0.0049004015    -0.0010607641   -0.00049955404    0.00066337909    9.1093825e-31   -1.6021766e-19    -9.156439e-20    6.8654492e-19              751                0
     0.0011360457    9.5059913e-05      0.013726387    -0.0034183185    -0.0043040239    -0.0051492169    9.1093825e-31   -1.6021766e-19    -9.156439e-20    6.8654492e-19             4364                1
    -0.0037044105    8.5673484e-05      0.011516052    0.00072390592    -0.0060158954    0.00072202279    9.1093825e-31   -1.6021766e-19    -9.156439e-20    6.8654492e-19             4307                1
    -0.0018076311    1.1098791e-05     0.0020071748     0.0028351503     0.0035172082     0.0036209333    9.1093825e-31   -1.6021766e-19    -9.156439e-20    6.8654492e-19             4313                1
    -0.0075029214    5.2398838e-05    -0.0073427432    -0.0011974711    -0.0010143019     -0.002671923    9.1093825e-31   -1.6021766e-19    -9.156439e-20    6.8654492e-19              532                0
   -0.00022612083    3.5977984e-05    -0.0084005371    0.00071156473     0.0061093834    0.00016540743    9.1093825e-31   -1.6021766e-19    -9.156439e-20    6.8654492e-19             4178                1
    -0.0030900484    8.6313266e-06      -0.00183225    0.00080725609      -0.01013874     0.0063664634    9.1093825e-31   -1.6021766e-19    -9.156439e-20    6.8654492e-19             4035                1
    -0.0016030313    4.3219272e-05     -0.011173081     0.0033871811     0.0082178265     0.0016640567    9.1093825e-31   -1.6021766e-19    -9.156439e-20    6.8654492e-19             4185                1
      0.001386428    1.1197488e-05    -0.0050715101      0.010426288      0.003029702      0.001440028    9.1093825e-31   -1.6021766e-19    -9.156439e-20    6.8654492e-19             4283                1
   -0.00091513916    7.6509416e-05     0.0057140337     0.0023153499    -0.0044703889     0.0055183331    9.1093825e-31   -1.6021766e-19    -9.156439e-20    6.8654492e-19             4029                1
    -0.0018104503    2.8819448e-05     0.0018421107     0.0028221097      -0.01074285    -0.0036492087    9.1093825e-31   -1.6021766e-19    -9.156439e-20    6.8654492e-19             4113                1
    0.00049984606    5.3067146e-05    0.00020591318     -0.005024245    -0.0072131339    -0.0011531489    9.1093825e-31   -1.6021766e-19    -9.156439e-20    6.8654492e-19             3975                1
     0.0012433889     7.618864e-05      0.011479746   -0.00080391183    -0.0024029438     0.0019607597    9.1093825e-31   -1.6021766e-19    -9.156439e-20    6.8654492e-19             4088                1
   -0.00097606942    5.6036548e-05     0.0060556666    -0.0013386927    -0.0087769823     0.0020027023    9.1093825e-31   -1.6021766e-19    -9.156439e-20    6.8654492e-19             4181                1
   -0.00093152223    2.6624271e-05    -0.0058183125     0.0027119543     0.0077001792    4.8219077e-05    9.1093825e-31   -1.6021766e-19    -9.156439e-20    6.8654492e-19             4285                1
     0.0010182153    9.6408628e-05       0.01364971    -0.0035516757     -0.001636403     0.0011159942    9.1093825e-31   -1.6021766e-19    -9.156439e-20    6.8654492e-19             4312                1
     0.0010508741    2.7600232e-05    -0.0092537291    9.0888221e-05     0.0061761932    0.00049789925    9.1093825e-31   -1.6021766e-19    -9.156439e-20    6.8654492e-19             4226                1
    -0.0013970877     2.283818e-05    -0.0084386589   -0.00016193307     0.0041276603     0.0051003993    9.1093825e-31   -1.6021766e-19    -9.156439e-20    6.8654492e-19             4175                1
     -0.008280294    8.4160005e-05      0.014758259    5.1436669e-05    0.00098604732     0.0012158293    9.1093825e-31   -1.6021766e-19    -9.156439e-20    6.8654492e-19              719                0
    -0.0091296425    9.6730364e-06     0.0025292321   -0.00066996465   -0.00063595007     0.0014007596    9.1093825e-31   -1.6021766e-19    -9.156439e-20    6.8654492e-19              874                0
   -0.00087803503    3.8000326e-05    -0.0084019834   -0.00029061653     0.0067606261    -0.0018727668    9.1093825e-31   -1.6021766e-19    -9.156439e-20    6.8654492e-19             4193                1
      0.001815265    6.1715626e-05      0.012122245    -0.0044693919    -0.0079865539     0.0018060734    9.1093825e-31   -1.6021766e-19    -9.156439e-20    6.8654492e-19             4237                1
    -0.0041014985    7.4881784e-05     0.0059485096     0.0015381402   -0.00032401431   -0.00078442332    9.1093825e-31   -1.6021766e-19    -9.156439e-20    6.8654492e-19              628                0
     -0.002388021    2.9045723e-06    -0.0019666229     0.0022877948     0.0016730925     0.0035734724    9.1093825e-31   -1.6021766e-19    -9.156439e-20    6.8654492e-19             4340                1
     0.0011230023    6.0826031e-05     0.0077115069   -0.00019540999    -0.0049178051   -5.0655723e-05    9.1093825e-31   -1.6021766e-19    -9.156439e-20    6.8654492e-19             4050                1
     0.0049602017    6.7815039e-05    -0.0032072361     0.0045608585    -0.0046632243     0.0027524976    9.1093825e-31   -1.6021766e-19    -9.156439e-20    6.8654492e-19             3939                1
    -0.0018559198    9.6234753e-06     0.0019337533   -0.00083883305     0.0077770264     0.0010411111    9.1093825e-31   -1.6021766e-19    -9.156439e-20    6.8654492e-19             4362                1
      0.007228578    8.0625614e-05     0.0061391741   -0.00059043721   -0.00013713195     0.0019550177    9.1093825e-31   -1.6021766e-19    -9.156439e-20    6.8654492e-19              828                0
    0.00021490721     3.035004e-05    0.00021523949    -0.0078644296    -0.0094001051    -0.0012564766    9.1093825e-31   -1.6021766e-19    -9.156439e-20    6.8654492e-19             4042                1
     0.0014789219    5.3769876e-05      0.011409986     0.0059568291    -0.0079149874    -0.0033029253    9.1093825e-31   -1.6021766e-19    -9.156439e-20    6.8654492e-19             4194                1
     -0.002517822    4.2046877e-06    -0.0019542146    0.00070152595    0.00069128943     0.0009591796    9.1093825e-31   -1.6021766e-19    -9.156439e-20    6.8654492e-19             4287                1
     0.0019467416     9.238116e-05      0.010542039     0.0012201157     0.0065829773    0.00071338151    9.1093825e-31   -1.6021766e-19    -9.156439e-20    6.8654492e-19             3965                1
     0.0015469647    9.6592456e-05    -0.0089297853     0.0021151442     0.0014719208    -0.0015229322    9.1093825e-31   -1.6021766e-19    -9.156439e-20    6.8654492e-19             3551                1
     0.0081613017    8.5020438e-05     -0.012459945     -0.002210723    0.00035474551     0.0022222472    9.1093825e-31   -1.6021766e-19    -9.156439e-20    6.8654492e-19              586                0
      0.001429748    1.7742019e-05    -0.0054326244     0.0058915089     0.0087047527    -0.0034527374    9.1093825e-31   -1.6021766e-19    -9.156439e-20    6.8654492e-19             4325                1
    -0.0049519157    6.8243316e-05    -0.0052885036    0.00099005457    -0.0020601756   -0.00094574637    9.1093825e-31   -1.6021766e-19    -9.156439e-20    6.8654492e-19              660                0
    -0.0021132117    3.0864878e-05     0.0063570072    0.00095197238    -0.0024937915   -0.00029825506    9.1093825e-31   -1.6021766e-19    -9.156439e-20    6.8654492e-19             3394                1
    -0.0077103572    2.6345435e-05      0.011139419    0.00059298967    0.00056331733     0.0015232272    9.1093825e-31   -1.6021766e-19    -9.156439e-20    6.8654492e-19              652                0
     0.0016072721    6.0579954e-05      0.010355046    -0.0041888352    -0.0082934713   -0.00031256935    9.1093825e-31   -1.6021766e-19    -9.156439e-20    6.8654492e-19             4227                1
     0.0028199609    3.0810775e-06    -0.0072166044     0.0032696628     0.0012482762     0.0040393481    9.1093825e-31   -1.6021766e-19    -9.156439e-20    6.8654492e-19             4269                1
    2.4728934e-05    7.1336573e-05     0.0038699808     0.0032357166    -0.0055918046    -0.0025729395    9.1093825e-31   -1.6021766e-19    -9.156439e-20    6.8654492e-19             4015                1
    0.00017942196    1.8663284e-06    -0.0010410843     0.0025865631   -0.00019557009     0.0039738058    9.1093825e-31   -1.6021766e-19    -9.156439e-20    6.8654492e-19             4288                1
   -0.00086567842    1.2164212e-05    -0.0029417456   -0.00026992982    -0.0097749773    -0.0060708858    9.1093825e-31   -1.6021766e-19    -9.156439e-20    6.8654492e-19             4009                1
    -0.0012132839     7.634909e-05     0.0062065399     -0.001492817    -0.0043733348     0.0046502822    9.1093825e-31   -1.6021766e-19    -9.156439e-20    6.8654492e-19             4043                1
   -0.00051756465    1.9810203e-05    -0.0026114918    0.00029549314     0.0089015765   -0.00020121181    9.1093825e-31   -1.6021766e-19    -9.156439e-20    6.8654492e-19             4320                1
     0.0027983591    6.7202545e-06    -0.0056385198    -0.0016820814    -0.0031301875    1.4845426e-05    9.1093825e-31   -1.6021766e-19    -9.156439e-20    6.8654492e-19              860                0
     0.0012545594    1.1575436e-05      0.002350929    -0.0019095497     -0.010385535    0.00028186367    9.1093825e-31   -1.6021766e-19    -9.156439e-20    6.8654492e-19             4022                1
     -0.003344273    6.9298185e-06     -0.012667141   -0.00090781559   -0.00023960505    -0.0015418754    9.1093825e-31   -1.6021766e-19    -9.156439e-20    6.8654492e-19              900                0
    -0.0064265276    2.3242827e-05    -0.0089175496    0.00087818725   -0.00096555194      -0.00132801    9.1093825e-31   -1.6021766e-19    -9.156439e-20    6.8654492e-19              132                0
      0.002023133           0.0001     -0.012332843   -0.00085593836      0.013095963    -0.0011312879    9.1093825e-31   -1.6021766e-19    -9.156439e-20    6.8654492e-19             4117                1
    0.00065753964    4.8358681e-05    0.00028759791     0.0049315095    -0.0074953255      0.004004715    9.1093825e-31   -1.6021766e-19    -9.156439e-20    6.8654492e-19             3974                1
    -0.0024924844    8.1464364e-05    0.00090631488     0.0010203311    -0.0045459396     0.0076550022    9.1093825e-31   -1.6021766e-19    -9.156439e-20    6.8654492e-19             3863                1
      0.007850715    4.9378446e-05     -0.013175266     0.0024036746    0.00015571562     -0.001700334    9.1093825e-31   -1.6021766e-19    -9.156439e-20    6.8654492e-19              311                0
     0.0019192559    7.0261885e-05      0.012215205    -0.0014509583    -0.0032421129    0.00033458637    9.1093825e-31   -1.6021766e-19    -9.156439e-20    6.8654492e-19             4124                1
    -0.0030309029    9.0121457e-06     -0.010524099    -0.0021736829    -0.0056612389    -0.0035782731    9.1093825e-31   -1.6021766e-19    -9.156439e-20    6.8654492e-19             3993                1
    -0.0013510296    7.8776129e-06    -0.0066676596    -0.0012692725      0.005548039     0.0027478489    9.1093825e-31   -1.6021766e-19    -9.156439e-20    6.8654492e-19             4346                1
    -0.0011832773    3.0834558e-06    -0.0086363461    -0.0010769744     0.0040960787    -0.0022060534    9.1093825e-31   -1.6021766e-19    -9.156439e-20    6.8654492e-19             4368                1
      -0.00717365     5.138324e-06    -0.0014532034     0.0023290936    -0.0027314499    -0.0005523687    9.1093825e-31   -1.6021766e-19    -9.156439e-20    6.8654492e-19             2944                1
     0.0020328902    6.9801419e-05      0.014586788   -0.00024935239    -0.0044532917    -0.0041157776    9.1093825e-31   -1.6021766e-19    -9.156439e-20    6.8654492e-19             4207                1
   -0.00097228779    6.2725936e-05     0.0055951769   -0.00013254753    -0.0059360452    -4.512152e-05    9.1093825e-31   -1.6021766e-19    -9.156439e-20    6.8654492e-19             4062                1
    -0.0042354679    2.7748032e-05    -0.0097142272     0.0019716453     0.0068540256    -0.0047778785    9.1093825e-31   -1.6021766e-19    -9.156439e-20    6.8654492e-19             4251                1
       0.00181146    4.6354013e-05     0.0072891428    0.00020124177    -0.0074120695   -3.8799248e-05    9.1093825e-31   -1.6021766e-19    -9.156439e-20    6.8654492e-19             4092                1
     0.0078819431    5.9447637e-05     0.0085777771   -0.00028840548    0.00028240756     0.0012620896    9.1093825e-31   -1.6021766e-19    -9.156439e-20    6.8654492e-19              254                0
     0.0058225375    5.5130844e-05     0.0043608905   -0.00058317126   -0.00087197893   -0.00088125077    9.1093825e-31   -1.6021766e-19    -9.156439e-20    6.8654492e-19              270                0
    -0.0020972516    6.4412656e-05     0.0062978924    6.0525867e-06    -0.0059661213    -0.0018130995    9.1093825e-31   -1.6021766e-19    -9.156439e-20    6.8654492e-19             4093                1
    -0.0031887975    6.7916357e-05     0.0065553961    -0.0010808051     0.0029006079    -0.0032053161    9.1093825e-31   -1.6021766e-19    -9.156439e-20    6.8654492e-19             4008                1
     0.0016266621    5.1091297e-06    -0.0053261486     0.0042256061     0.0033631774     0.0094549619    9.1093825e-31   -1.6021766e-19    -9.156439e-20    6.8654492e-19             4343                1
   -0.00025890852    3.6788228e-06    -0.0029618826     0.0023573833     -0.010309351    -0.0066500362    9.1093825e-31   -1.6021766e-19    -9.156439e-20    6.8654492e-19             4001                1
     0.0023783192    1.7872198e-05    -0.0075040241    8.6303575e-05     0.0035422237     0.0033780939    9.1093825e-31   -1.6021766e-19    -9.156439e-20    6.8654492e-19             4221                1
    0.00032585682     3.836647e-05    -0.0037149542    -0.0036455861    -0.0071986448    -0.0006641518    9.1093825e-31   -1.6021766e-19    -9.156439e-20    6.8654492e-19             3858                1
     0.0047070761    6.9180533e-05    -0.0031705073     0.0014778664    -0.0054616621     0.0019927341    9.1093825e-31   -1.6021766e-19    -9.156439e-20    6.8654492e-19             4184                1
     0.0011591226    1.9740111e-05     0.0058602942    -0.0033847073     -0.010205382     0.0010784103    9.1093825e-31   -1.6021766e-19    -9.156439e-20    6.8654492e-19             4080                1
     0.0034778272    9.7542856e-05      0.012604335     0.0095102601     -0.001641506    -0.0002130107    9.1093825e-31   -1.6021766e-19    -9.156439e-20    6.8654492e-19             4331                1
      0.002244818    6.5221968e-05    -0.0091455448      0.001747716     0.0082008019    -0.0016665219    9.1093825e-31   -1.6021766e-19    -9.156439e-20    6.8654492e-19             4130                1
   -0.00099825882    4.9505063e-05     0.0060227043    -0.0052545751     -0.010453668    -0.0037874605    9.1093825e-31   -1.6021766e-19    -9.156439e-20    6.8654492e-19             4213                1
    0.00010382269    2.8539513e-05    -0.0011247422   -0.00082062121     -0.010922465     0.0035863351    9.1093825e-31   -1.6021766e-19    -9.156439e-20    6.8654492e-19             4140                1
     -0.009383047     9.623963e-05    -0.0066063334    0.00038819027    -0.0002805508    0.00041478747    9.1093825e-31   -1.6021766e-19    -9.156439e-20    6.8654492e-19              192                0
    -0.0010005485    2.1328209e-05     0.0057000192    -0.0040739416    -0.0086027691     0.0044776509    9.1093825e-31   -1.6021766e-19    -9.156439e-20    6.8654492e-19             4030                1
    -0.0019249875    1.6605614e-05      0.006459421    -8.177328e-05     -0.011027203   -0.00091500062    9.1093825e-31   -1.6021766e-19    -9.156439e-20    6.8654492e-19             4107                1
     0.0015128177    5.6259134e-05    -0.0089023933     0.0031182084     0.0076450515    -0.0038715205    9.1093825e-31   -1.6021766e-19    -9.156439e-20    6.8654492e-19             4142                1
     0.0036258954    2.3495935e-05     0.0035637936     0.0012247993    -0.0015540336     0.0021972377    9.1093825e-31   -1.6021766e-19    -9.156439e-20    6.8654492e-19              991                0
    -0.0016103752     7.777632e-05      0.010672995     0.0007560192    -0.0092648072     0.0019751673    9.1093825e-31   -1.6021766e-19    -9.156439e-20    6.8654492e-19             4310                1
    -0.0090669002    1.1310844e-05    -0.0020161171     0.0011671655   -0.00050418882   -0.00095272751    9.1093825e-31   -1.6021766e-19    -9.156439e-20    6.8654492e-19              212                0
     0.0084577547    3.3947797e-06     0.0014892765    0.00024005951   -0.00061420543   -0.00082996557    9.1093825e-31   -1.6021766e-19    -9.156439e-20    6.8654492e-19              525                0
     0.0093614226    6.1439155e-06     -0.009317575      0.001148748   -0.00023164987    -0.0014043916    9.1093825e-31   -1.6021766e-19    -9.156439e-20    6.8654492e-19              690                0
   -0.00091114407    1.7550004e-05    -0.0027221309    0.00085156644     -0.008922575   -0.00040951438    9.1093825e-31   -1.6021766e-19    -9.156439e-20    6.8654492e-19             3940                1
    0.00027003273    1.7255426e-05    -0.0089408671     0.0024159232      0.004258838     0.0027105422    9.1093825e-31   -1.6021766e-19    -9.156439e-20    6.8654492e-19             4232                1
    -0.0086276541    2.3563816e-05    -0.0011176222    0.00089819124   -0.00082414941    0.00099280919    9.1093825e-31   -1.6021766e-19    -9.156439e-20    6.8654492e-19              750                0
    -0.0036664009    8.7137108e-05       0.01154906    -0.0050087459    -0.0039862148     0.0061113066    9.1093825e-31   -1.6021766e-19    -9.156439e-20    6.8654492e-19             4284                1
   -0.00073199632    4.0436298e-05    -0.0084743081     0.0012909411      0.007374777   -0.00058340729    9.1093825e-31   -1.6021766e-19    -9.156439e-20    6.8654492e-19             4204                1
   -0.00037167323    3.9158662e-05    -0.0082898866    0.00047122946      0.004922112   -0.00035010083    9.1093825e-31   -1.6021766e-19    -9.156439e-20    6.8654492e-19             4133                1
    -0.0012929729    8.6083179e-05     -0.014124977    0.00083706848       0.01155529    -0.0012566994    9.1093825e-31   -1.6021766e-19    -9.156439e-20    6.8654492e-19             4104                1
    -0.0057716318    6.2894833e-05     0.0059346906    -0.0011617044    -0.0001323594     0.0010281513    9.1093825e-31   -1.6021766e-19    -9.156439e-20    6.8654492e-19              220                0
     0.0011190714    1.1028484e-05    -0.0068222512   -3.0060928e-06     0.0032990512    0.00091593375    9.1093825e-31   -1.6021766e-19    -9.156439e-20    6.8654492e-19             4275                1
      0.006096561    4.9508599e-05    -0.0085444795    -0.0026920617   -0.00099895534   -0.00053956395    9.1093825e-31   -1.6021766e-19    -9.156439e-20    6.8654492e-19              931                0
      0.002001957    6.0354883e-05     -0.012386893   -0.00040700648     0.0064086192    -0.0022063579    9.1093825e-31   -1.6021766e-19    -9.156439e-20    6.8654492e-19             4032                1
     -0.001907603    2.2623606e-05     0.0017896438    -0.0045461175    -0.0089229355     -0.003381511    9.1093825e-31   -1.6021766e-19    -9.156439e-20    6.8654492e-19             3985                1
      0.001402249    9.8844263e-05    -0.0033348494   -0.00037035751    0.00021278822     0.0010407936    9.1093825e-31   -1.6021766e-19    -9.156439e-20    6.8654492e-19             3678                1
       0.00151755    3.2121134e-05     -0.012922691     0.0016438948     0.0070516579    -0.0032920833    9.1093825e-31   -1.6021766e-19    -9.156439e-20    6.8654492e-19             4195                1
      0.001331397    9.3574214e-05       0.01138735    -0.0026200819     -0.002197284    -0.0002985828    9.1093825e-31   -1.6021766e-19    -9.156439e-20    6.8654492e-19             4259                1
     0.0058187922    2.4240277e-05    -0.0032032933    -0.0010714071    -0.0019093994    -0.0022763445    9.1093825e-31   -1.6021766e-19    -9.156439e-20    6.8654492e-19              256                0
     0.0012407809    8.6647284e-05      0.011409832    -0.0013667792    -0.0025486748    -0.0056222742    9.1093825e-31   -1.6021766e-19    -9.156439e-20    6.8654492e-19             4169                1
    -0.0035528098    6.8739551e-05    -0.0099826837    -0.0049240873      0.008216314    -0.0031347596    9.1093825e-31   -1.6021766e-19    -9.156439e-20    6.8654492e-19             4109                1
     0.0014689354    1.2965598e-05     -0.003400845     0.0012598585    -0.0088174678    -0.0011293478    9.1093825e-31   -1.6021766e-19    -9.156439e-20    6.8654492e-19             3917                1
    -0.0015520848    2.6502548e-05     -0.012460128     0.0014760399     0.0060517001    -0.0011501978    9.1093825e-31   -1.6021766e-19    -9.156439e-20    6.8654492e-19             4188                1
    -0.0093963919    9.4530093e-05       0.00202336    -0.0022470737    0.00014680209    -0.0018363096    9.1093825e-31   -1.6021766e-19    -9.156439e-20    6.8654492e-19              978                0
     -0.001622828     6.651946e-06     -0.012320788    -0.0011846534    -0.0038716469     0.0021570709    9.1093825e-31   -1.6021766e-19    -9.156439e-20    6.8654492e-19             3735                1
     0.0094187343    1.6400052e-05    0.00089690264     0.0014202798   -0.00062378799   -0.00017840882    9.1093825e-31   -1.6021766e-19    -9.156439e-20    6.8654492e-19              637                0
     0.0010524753    6.6042892e-05      0.013668894   -0.00045199267      -0.00857375     0.0057450021    9.1093825e-31   -1.6021766e-19    -9.156439e-20    6.8654492e-19             4271                1
     0.0011316013    1.4372554e-05    -0.0065171681     0.0025141453     0.0061398824    -0.0021304933    9.1093825e-31   -1.6021766e-19    -9.156439e-20    6.8654492e-19             4315                1
     0.0046503763    9.7561933e-05     0.0022739549   -0.00066592055    -0.0014255265     0.0011525535    9.1093825e-31   -1.6021766e-19    -9.156439e-20    6.8654492e-19              229                0
      0.001587345    8.7908869e-05      0.011403856    -0.0018994843    -0.0034003046    -0.0010705602    9.1093825e-31   -1.6021766e-19    -9.156439e-20    6.8654492e-19             4255                1
    -0.0084816739    2.7599448e-05     -0.001499359    0.00079614419   -0.00088571478   -0.00040285621    9.1093825e-31   -1.6021766e-19    -9.156439e-20    6.8654492e-19              894                0
     0.0075526037    9.8447927e-05     0.0055662962   -0.00099175563   -8.0025304e-05     0.0030263311    9.1093825e-31   -1.6021766e-19    -9.156439e-20    6.8654492e-19              219                0
     0.0080689657    2.0299311e-05    -0.0029157521      0.001678302    -0.0011796217     0.0023105054    9.1093825e-31   -1.6021766e-19    -9.156439e-20    6.8654492e-19              309                0
    -0.0089660883    6.8184891e-05      0.011159785   -0.00023955738    0.00036874885   -0.00060468033    9.1093825e-31   -1.6021766e-19    -9.156439e-20    6.8654492e-19              329                0
    -0.0017497565    5.8563154e-07      0.010477392    -0.0023774768    -0.0015613366   -0.00040812377    9.1093825e-31   -1.6021766e-19    -9.156439e-20    6.8654492e-19             3508                1
      0.008947297    6.1954459e-05     0.0081068845    -0.0010023389     8.708411e-05     0.0016580378    9.1093825e-31   -1.6021766e-19    -9.156439e-20    6.8654492e-19              369                0
     0.0032276011    8.7410452e-05      0.014028079     0.0011336984    -0.0040017334    6.1924395e-05    9.1093825e-31   -1.6021766e-19    -9.156439e-20    6.8654492e-19             4290                1
   -0.00016978022    5.4472664e-05     0.0033964498    -0.0022956587    -0.0068814186    -0.0021119751    9.1093825e-31   -1.6021766e-19    -9.156439e-20    6.8654492e-19             4011                1
    -0.0011052147    9.9497818e-05     0.0061935852    0.00072647032    -0.0011699316     0.0017556926    9.1093825e-31   -1.6021766e-19    -9.156439e-20    6.8654492e-19             4371                1
   -0.00054556353    8.4409112e-05     0.0094804429   -0.00028749622    -0.0066364249   -0.00031703545    9.1093825e-31   -1.6021766e-19    -9.156439e-20    6.8654492e-19             4302                1
     0.0018538217    8.0115033e-06    -0.0020519223     -0.002335968     0.0043085152     0.0064740195    9.1093825e-31   -1.6021766e-19    -9.156439e-20    6.8654492e-19             4329                1
     0.0019020096    6.7813584e-05      0.012119762    -0.0033448692    -0.0035414582     -0.010145016    9.1093825e-31   -1.6021766e-19    -9.156439e-20    6.8654492e-19             4123                1
    -0.0020298581    6.6124674e-05     0.0063770129     0.0025608789    -0.0080182469     0.0025811067    9.1093825e-31   -1.6021766e-19    -9.156439e-20    6.8654492e-19             4228                1
     0.0071762349    7.5066542e-05     0.0007861972    -0.0015087761   -0.00075898948   -0.00085187104    9.1093825e-31   -1.6021766e-19    -9.156439e-20    6.8654492e-19              476                0
     -0.004791114    5.0923223e-05      -0.01291173     0.0012977513    0.00026745422    -0.0016461466    9.1093825e-31   -1.6021766e-19    -9.156439e-20    6.8654492e-19              549                0
   -0.00076072826    9.8624063e-05       0.01025831     0.0026110895      0.001919102    0.00071683427    9.1093825e-31   -1.6021766e-19    -9.156439e-20    6.8654492e-19              569                0
    -0.0016262559    7.2185911e-05    -0.0083807502      0.004179216     0.0095667029     0.0029263168    9.1093825e-31   -1.6021766e-19    -9.156439e-20    6.8654492e-19             4150                1
    0.00040292717    3.9717524e-06     -0.003813914    -0.0021816264     0.0026785578    -0.0047412915    9.1093825e-31   -1.6021766e-19    -9.156439e-20    6.8654492e-19             4347                1
    0.00043881132    4.1103176e-05     -0.008601767     -0.002390892     0.0078622457     0.0003773497    9.1093825e-31   -1.6021766e-19    -9.156439e-20    6.8654492e-19             4217                1
     0.0010165693    8.1824161e-05     0.0057025887    -0.0014132593    -0.0054381401    -0.0036562183    9.1093825e-31   -1.6021766e-19    -9.156439e-20    6.8654492e-19             4239                1
    -0.0076998393    4.9582126e-05     0.0039645107     0.0011557444   -0.00049332209    0.00098678656    9.1093825e-31   -1.6021766e-19    -9.156439e-20    6.8654492e-19              934                0
     0.0012414682    9.8131422e-05       0.01140325     0.0030070252    -0.0048008482   -0.00095079275    9.1093825e-31   -1.6021766e-19    -9.156439e-20    6.8654492e-19             4376                1
     0.0013569634      8.70519e-05      0.011384555     0.0031184244    -0.0036626637   -0.00092524878    9.1093825e-31   -1.6021766e-19    -9.156439e-20    6.8654492e-19             4260                1
      0.001492889    4.9091399e-05     -0.013147907     0.0027443937     0.0096285269     0.0034656483    9.1093825e-31   -1.6021766e-19    -9.156439e-20    6.8654492e-19             4189                1
     0.0016711784    6.2039268e-05     -0.012823668   -0.00024125454     0.0019207213    0.00016540763    9.1093825e-31   -1.6021766e-19    -9.156439e-20    6.8654492e-19             3329                1
    -0.0025326977    3.3772267e-05    -0.0019280487    -0.0045955312    -0.0083764372     0.0065959496    9.1093825e-31   -1.6021766e-19    -9.156439e-20    6.8654492e-19             4026                1
     0.0018795282    7.6099619e-05      0.012255193    0.00073973328    -0.0078044711    -0.0014501727    9.1093825e-31   -1.6021766e-19    -9.156439e-20    6.8654492e-19             4291                1
      0.005466843    2.6365098e-05     0.0022886908    0.00061719917    -0.0015826471     0.0025730391    9.1093825e-31   -1.6021766e-19    -9.156439e-20    6.8654492e-19               20                0
   -0.00070781482    2.8397406e-05      -0.00789476    -0.0017719932      0.006575855    -0.0022599134    9.1093825e-31   -1.6021766e-19    -9.156439e-20    6.8654492e-19             4246                1
     0.0032157791    9.1459871e-05      0.013966537     0.0010768863    -0.0042686323    -0.0026557995    9.1093825e-31   -1.6021766e-19    -9.156439e-20    6.8654492e-19             4324                1
     -0.001002779    5.4687466e-06    -0.0039148373    0.00055711932     0.0030695267    -0.0014598133    9.1093825e-31   -1.6021766e-19    -9.156439e-20    6.8654492e-19             4330                1
      0.001299662    9.6032309e-05      0.011296571    -0.0031536683    -0.0058884341    0.00088014529    9.1093825e-31   -1.6021766e-19    -9.156439e-20    6.8654492e-19             4369                1
   -9.3190385e-05    2.1709197e-05     0.0034515173   -5.2410385e-05     -0.012556811    -0.0030281814    9.1093825e-31   -1.6021766e-19    -9.156439e-20    6.8654492e-19             4149                1
     0.0011782114    8.1281869e-05      0.013501466     0.0009831012    -0.0048570344    -0.0035844399    9.1093825e-31   -1.6021766e-19    -9.156439e-20    6.8654492e-19             4270                1
     0.0014364673    3.3229397e-05    -0.0089218654     0.0032375527     0.0065231132   -0.00013939934    9.1093825e-31   -1.6021766e-19    -9.156439e-20    6.8654492e-19             4214                1
     0.0059717861    7.3196228e-05      0.012117888   -0.00063064101      0.001455548     0.0020724379    9.1093825e-31   -1.6021766e-19    -9.156439e-20    6.8654492e-19              280                0
    -0.0014099017    6.8689529e-05        0.0111602    -0.0027501285    -0.0042844056    0.00037883376    9.1093825e-31   -1.6021766e-19    -9.156439e-20    6.8654492e-19             4137                1
     0.0018304626    6.4377055e-05      0.012105852    -0.0015169554    -0.0074743778    -0.0013784572    9.1093825e-31   -1.6021766e-19    -9.156439e-20    6.8654492e-19             4238                1
     0.0011950316    1.2355254e-06    -0.0093268054    0.00039189294    -0.0064467317   -0.00070529716    9.1093825e-31   -1.6021766e-19    -9.156439e-20    6.8654492e-19             3850                1
    -0.0014277106    6.0927032e-06    -0.0083510783     -0.003105093     0.0004635349     0.0051436345    9.1093825e-31   -1.6021766e-19    -9.156439e-20    6.8654492e-19             4068                1
     0.0028897517    8.0969687e-05     0.0099144103    0.00040219136     0.0017130023   -0.00023611117    9.1093825e-31   -1.6021766e-19    -9.156439e-20    6.8654492e-19              177                0
     0.0019931588    6.4899294e-05     -0.012666119      -0.00121869     0.0094058625    -0.0018743087    9.1093825e-31   -1.6021766e-19    -9.156439e-20    6.8654492e-19             4125                1
     0.0016201906    1.8567469e-05    -0.0053446558    0.00013894723      0.011862039    -0.0022288738    9.1093825e-31   -1.6021766e-19    -9.156439e-20    6.8654492e-19             4344                1
    -0.0052675228    1.5500595e-05     -0.010817918   -0.00036857332     0.0038303158    6.7999936e-05    9.1093825e-31   -1.6021766e-19    -9.156439e-20    6.8654492e-19             4229                1
    -0.0082415482    1.5135458e-05     0.0033489014    0.00095515989    -0.0006991679    -0.0031898401    9.1093825e-31   -1.6021766e-19    -9.156439e-20    6.8654492e-19              184                0
    -0.0019831832    9.4781339e-05     0.0039794459    -0.0014240419    -0.0012738309    9.1934482e-05    9.1093825e-31   -1.6021766e-19    -9.156439e-20    6.8654492e-19              699                0
     0.0014954939    7.4381598e-05    -0.0088768071     0.0010338932     0.0098151835   -0.00079339108    9.1093825e-31   -1.6021766e-19    -9.156439e-20    6.8654492e-19             4143                1
     0.0022013439     1.043376e-05    -0.0091635259    -0.0031268878     0.0020565554    -0.0036883673    9.1093825e-31   -1.6021766e-19    -9.156439e-20    6.8654492e-19             4131                1
    -0.0085858554    3.0525447e-05     0.0020906155    0.00042395532   -0.00052388437   -0.00017245594    9.1093825e-31   -1.6021766e-19    -9.156439e-20    6.8654492e-19              264                0
     0.0051136883    3.1778432e-05    0.00017008922    0.00027424278    -0.0022353542    -0.0012742904    9.1093825e-31   -1.6021766e-19    -9.156439e-20    6.8654492e-19              284                0
     -0.001731989    2.9080333e-05      0.010574322     0.0034391757   -0.00090343121   -4.2889479e-08    9.1093825e-31   -1.6021766e-19    -9.156439e-20    6.8654492e-19             3764                1
   -2.7965227e-05    8.5472733e-05      0.013869548    -0.0015929986    -0.0040421388     -0.003984578    9.1093825e-31   -1.6021766e-19    -9.156439e-20    6.8654492e-19             4280                1
     0.0039562345     1.682684e-05    -0.0067850524     -0.003348866    -0.0041869567    0.00025438945    9.1093825e-31   -1.6021766e-19    -9.156439e-20    6.8654492e-19             3523                1
     0.0015558254    1.1620476e-05     -0.013055467    -0.0040263985     0.0055923834     0.0035281749    9.1093825e-31   -1.6021766e-19    -9.156439e-20    6.8654492e-19             4316                1
    -0.0009966155    1.8167948e-05    -0.0020874783   -8.6331274e-05    -0.0035611256    0.00019338989    9.1093825e-31   -1.6021766e-19    -9.156439e-20    6.8654492e-19              384                0
     0.0016879454    9.2145434e-05      0.010441205   -0.00055280991    -0.0060401927   -4.5520032e-06    9.1093825e-31   -1.6021766e-19    -9.156439e-20    6.8654492e-19             4352                1
   -0.00035041713    2.6303165e-05    -0.0082643768   -0.00011722729     0.0046376442   -5.4632306e-05    9.1093825e-31   -1.6021766e-19    -9.156439e-20    6.8654492e-19             4179                1
    -0.0092197033    5.0014987e-05   -0.00038568178    9.5551277e-06   -0.00045340898    0.00067078322    9.1093825e-31   -1.6021766e-19    -9.156439e-20    6.8654492e-19              444                0
     -0.005918148    2.1581209e-05    -0.0020622984    0.00016957008    -0.0018558862    -0.0010521477    9.1093825e-31   -1.6021766e-19    -9.156439e-20    6.8654492e-19              464                0
     -0.003720752    5.7000878e-05      0.011677235    0.00028017219     0.0036441539   -0.00041773875    9.1093825e-31   -1.6021766e-19    -9.156439e-20    6.8654492e-19             3644                1
     0.0017790135    8.4244777e-05      0.012330774   -0.00025930526    -0.0039704395     0.0006435797    9.1093825e-31   -1.6021766e-19    -9.156439e-20    6.8654492e-19             4256                1
     0.0026412478    2.1241569e-06      0.012162062    -0.0013158462   -0.00083657808    -0.0016254988    9.1093825e-31   -1.6021766e-19    -9.156439e-20    6.8654492e-19             3466                1
     -0.001048996    9.5574971e-05       0.00598263    0.00068508106    -0.0036993229    0.00017750121    9.1093825e-31   -1.6021766e-19    -9.156439e-20    6.8654492e-19             4355                1
     0.0083676344    6.1516301e-05    -0.0037847082   -0.00064076408   -0.00038511149    0.00088332203    9.1093825e-31   -1.6021766e-19    -9.156439e-20    6.8654492e-19              564                0
      0.001458221    3.4862693e-05      0.011334572     0.0024175965    -0.0086071491   -0.00078975002    9.1093825e-31   -1.6021766e-19    -9.156439e-20    6.8654492e-19             4151                1
     0.0036024167    5.4741336e-05      0.012633127    0.00020532549    -0.0055696527   -0.00077173248    9.1093825e-31   -1.6021766e-19    -9.156439e-20    6.8654492e-19             4146                1
   -2.2573069e-05    8.6384985e-05      0.013885045   -0.00015965362    -0.0037967351    0.00013488633    9.1093825e-31   -1.6021766e-19    -9.156439e-20    6.8654492e-19             4279                1
    -0.0031345943    3.1772604e-05     -0.010294254     0.0045066699     0.0045748786    -0.0021321976    9.1093825e-31   -1.6021766e-19    -9.156439e-20    6.8654492e-19             4110                1
    -0.0012543978    2.0985852e-05     0.0061691143    -0.0077039818     -0.011166775     0.0023656122    9.1093825e-31   -1.6021766e-19    -9.156439e-20    6.8654492e-19             4119                1
    -0.0012527634    3.3232875e-05    -0.0085438024     0.0036406168     0.0065046325    0.00034932216    9.1093825e-31   -1.6021766e-19    -9.156439e-20    6.8654492e-19             4218                1
     0.0033790451    7.2177318e-05     0.0045620715   -0.00016864188   -0.00083189481    -0.0018780389    9.1093825e-31   -1.6021766e-19    -9.156439e-20    6.8654492e-19              704                0
     0.0011239776    2.0656438e-05    -0.0064063044     0.0017720651    -0.0077074417   -0.00062793621    9.1093825e-31   -1.6021766e-19    -9.156439e-20    6.8654492e-19             4041                1
      5.73211e-05    7.8971432e-05    0.00012648859    -0.0078287926   -0.00024755063    8.8017579e-05    9.1093825e-31   -1.6021766e-19    -9.156439e-20    6.8654492e-19             3622                1
    -0.0012704113    2.5786523e-05     -0.008547904    0.00066915445     0.0052528037   -0.00034198057    9.1093825e-31   -1.6021766e-19    -9.156439e-20    6.8654492e-19             4219                1
    -0.0065817218    5.9509792e-05     -0.010829711    0.00094946759   -0.00064645661    0.00099909469    9.1093825e-31   -1.6021766e-19    -9.156439e-20    6.8654492e-19              125                0
    -0.0018482362    3.8580247e-06     0.0019308695     0.0056287702     0.0029228262    -0.0013851979    9.1093825e-31   -1.6021766e-19    -9.156439e-20    6.8654492e-19             4363                1
     0.0010496799    8.8617737e-05        0.0136246    -0.0011396168    -0.0030200561    -0.0051685264    9.1093825e-31   -1.6021766e-19    -9.156439e-20    6.8654492e-19             4272                1
     -0.001837743    5.9347964e-05     0.0018398303     0.0034544549    -0.0080850637    -0.0040360373    9.1093825e-31   -1.6021766e-19    -9.156439e-20    6.8654492e-19             4167                1
      0.001833764     3.395661e-05     -0.012511797   -9.8421428e-05     0.0056654857    3.3087857e-05    9.1093825e-31   -1.6021766e-19    -9.156439e-20    6.8654492e-19             4100                1
    -0.0016058579    9.1381546e-05       0.01065946     0.0025102999    -0.0039820028     -0.003285459    9.1093825e-31   -1.6021766e-19    -9.156439e-20    6.8654492e-19             4311                1
   -0.00090869359    1.6602844e-05     0.0068824971   -0.00082565396    -0.0031465197    -0.0038712416    9.1093825e-31   -1.6021766e-19    -9.156439e-20    6.8654492e-19             3736                1
     0.0012610572     7.585602e-05      0.011532217    0.00020571465     0.0021334686     0.0015551829    9.1093825e-31   -1.6021766e-19    -9.156439e-20    6.8654492e-19             2668                1
   -0.00090704195    8.4084313e-05     0.0058965581      0.001489694     -0.004404678    0.00023641951    9.1093825e-31   -1.6021766e-19    -9.156439e-20    6.8654492e-19             4115                1
     0.0015977073    1.4765966e-05    -0.0051494641    0.00014630378    -0.0085085053   -2.8986393e-05    9.1093825e-31   -1.6021766e-19    -9.156439e-20    6.8654492e-19             3996                1
    0.00037085012    5.0030349e-06    -0.0036642072    -0.0013729838    -0.0088922027     0.0019037694    9.1093825e-31   -1.6021766e-19    -9.156439e-20    6.8654492e-19             3859                1
    -0.0067536873    9.4762712e-05      0.012305026    0.00029877116     0.0014282621    0.00066893495    9.1093825e-31   -1.6021766e-19    -9.156439e-20    6.8654492e-19              988                0
    -0.0025834083    1.9027059e-06    -0.0018235215     -0.002983812    -0.0061636334    0.00034616774    9.1093825e-31   -1.6021766e-19    -9.156439e-20    6.8654492e-19             3658                1
    -0.0033927206    8.2910905e-05     0.0062030228    -0.0074211792    -0.0044461824     0.0033330112    9.1093825e-31   -1.6021766e-19    -9.156439e-20    6.8654492e-19             4182                1
    0.00088307227     2.517123e-05     0.0059745004     0.0038037354    -0.0082391286     -0.000203741    9.1093825e-31   -1.6021766e-19    -9.156439e-20    6.8654492e-19             4036                1
     0.0003374498    4.2080046e-05    -0.0087790834    -0.0042023314     0.0096328286     0.0018821917    9.1093825e-31   -1.6021766e-19    -9.156439e-20    6.8654492e-19             4247                1
     -0.003352307    5.0802457e-05    -0.0098668132    0.00036516733     0.0087121511   -0.00011599282    9.1093825e-31   -1.6021766e-19    -9.156439e-20    6.8654492e-19             4183                1
     0.0010636274    1.1346314e-05    -0.0065392042     -0.003099239     0.0029091709    0.00046364704    9.1093825e-31   -1.6021766e-19    -9.156439e-20    6.8654492e-19             4261                1
    -0.0026168383    1.3290316e-05    -0.0020366306    -0.0012757657     0.0077306242     0.0022565473    9.1093825e-31   -1.6021766e-19    -9.156439e-20    6.8654492e-19             4334                1
   -0.00092655641    1.5811373e-06    -0.0084417714    0.00075238972     0.0040800911    0.00068542553    9.1093825e-31   -1.6021766e-19    -9.156439e-20    6.8654492e-19             4377                1
    -0.0024225882     1.876762e-05    -0.0021305168   -0.00020437603    -0.0082597164    -0.0025719486    9.1093825e-31   -1.6021766e-19    -9.156439e-20    6.8654492e-19             3885                1
    -0.0024404018    2.5284482e-05     0.0061746943     0.0012816897   -0.00051814487    0.00040405453    9.1093825e-31   -1.6021766e-19    -9.156439e-20    6.8654492e-19              485                0
     0.0014999866    2.2282102e-05     -0.013176444     0.0038313461     0.0055337469   -0.00090809813    9.1093825e-31   -1.6021766e-19    -9.156439e-20    6.8654492e-19             4190                1
    0.00016444904    7.6927325e-05      0.013765343     0.0085614268     0.0075945193   -0.00015986561    9.1093825e-31   -1.6021766e-19    -9.156439e-20    6.8654492e-19             3933                1
     0.0017850872    5.0431536e-05     -0.012870483    0.00016669401    -0.0017409065    0.00012510014    9.1093825e-31   -1.6021766e-19    -9.156439e-20    6.8654492e-19             4058                1
     0.0019118842    3.4739973e-05      0.011368469    0.00089063292     -0.011736729    -0.0017743037    9.1093825e-31   -1.6021766e-19    -9.156439e-20    6.8654492e-19             4220                1
    -0.0016721898    6.7394612e-05      0.010497958    0.00086726091    -0.0063427659   -0.00058812666    9.1093825e-31   -1.6021766e-19    -9.156439e-20    6.8654492e-19             4211                1
    0.00084880891    3.6757439e-05     0.0059725177     0.0012211672    -0.0073672561   -0.00035479316    9.1093825e-31   -1.6021766e-19    -9.156439e-20    6.8654492e-19             4037                1
     0.0036355397    7.6046439e-05      0.012720582     0.0022206521    -0.0040101986     0.0049034785    9.1093825e-31   -1.6021766e-19    -9.156439e-20    6.8654492e-19             4198                1
     0.0013865989    8.9462097e-05      0.011334961     0.0062794392   -0.00050878577    -0.0037040918    9.1093825e-31   -1.6021766e-19    -9.156439e-20    6.8654492e-19             4057                1
     0.0019400908    8.9629204e-05      0.012214387     0.0038010976    -0.0034220445     0.0024687483    9.1093825e-31   -1.6021766e-19    -9.156439e-20    6.8654492e-19             4286                1
    -0.0013945556    7.8207697e-05      0.011147828   -8.8050438e-05    -0.0064076581    -0.0050825858    9.1093825e-31   -1.6021766e-19    -9.156439e-20    6.8654492e-19             4276                1
     0.0023938008    9.2048911e-05    -0.0091858497     0.0018985457     0.0017772551    -0.0019228766    9.1093825e-31   -1.6021766e-19    -9.156439e-20    6.8654492e-19             3741                1
     0.0010690205    5.9833539e-05    -0.0096160909    -0.0012796295     0.0066239857     -0.001164397    9.1093825e-31   -1.6021766e-19    -9.156439e-20    6.8654492e-19             4085                1
    -0.0029388701     2.854071e-05     -0.014599596   -4.9981722e-05     0.0007506297    -0.0013804754    9.1093825e-31   -1.6021766e-19    -9.156439e-20    6.8654492e-19              422                0
     0.0017813207    7.5771066e-05     0.0072028381    -0.0012285234    -0.0041355412    -0.0054813786    9.1093825e-31   -1.6021766e-19    -9.156439e-20    6.8654492e-19             4066                1
     0.0014499709    4.6618487e-05     -0.013013085     -0.002389363     0.0075715762      0.002140966    9.1093825e-31   -1.6021766e-19    -9.156439e-20    6.8654492e-19             4126                1
    -0.0014754095    4.2544521e-06    -0.0066725905     0.0040825135     0.0031072148    -0.0034931302    9.1093825e-31   -1.6021766e-19    -9.156439e-20    6.8654492e-19             4348                1
     0.0034716965    9.1142836e-05      0.012593064     0.0060690376    -0.0052342471    -0.0065381103    9.1093825e-31   -1.6021766e-19    -9.156439e-20    6.8654492e-19             4332                1
   -0.00051164813    1.6747332e-05    -0.0026089933     0.0030120097     0.0074949898    0.00094628462    9.1093825e-31   -1.6021766e-19    -9.156439e-20    6.8654492e-19             4321                1
    0.00018853448    7.8290839e-05       0.01235538    -0.0014334184    -0.0023895393     0.0013352883    9.1093825e-31   -1.6021766e-19    -9.156439e-20    6.8654492e-19             4135                1
    0.00094044686    9.7188677e-05    -0.0096075526    -0.0037767778      0.001867244    0.00040768442    9.1093825e-31   -1.6021766e-19    -9.156439e-20    6.8654492e-19             3709                1
     0.0053805034    4.5062992e-05     0.0032380603    0.00026641123    -0.0013224401   -0.00070487265    9.1093825e-31   -1.6021766e-19    -9.156439e-20    6.8654492e-19              581                0
   -0.00042651605    7.6043993e-06    -0.0082970327    -0.0040442501     0.0020767078    0.00023178093    9.1093825e-31   -1.6021766e-19    -9.156439e-20    6.8654492e-19             4212                1
   -0.00082954409    7.3313981e-06    -0.0085009169     0.0015922853       0.00247418     0.0012085187    9.1093825e-31   -1.6021766e-19    -9.156439e-20    6.8654492e-19             4257                1
     0.0013855012    8.9023779e-05     0.0015244918   -7.9527803e-05    -0.0023058946    -0.0016349164    9.1093825e-31   -1.6021766e-19    -9.156439e-20    6.8654492e-19              641                0
     -0.001376633    8.5955944e-05      0.011157431     0.0045536123    -0.0043977895    -0.0025965844    9.1093825e-31   -1.6021766e-19    -9.156439e-20    6.8654492e-19             4277                1
      0.001316706    2.9484445e-05     -0.008634286    -0.0034235641     0.0076389415    -0.0033667842    9.1093825e-31   -1.6021766e-19    -9.156439e-20    6.8654492e-19             4266                1
     0.0068031517    6.3213345e-05    -0.0074671539     0.0018139249    -0.0033984298    -0.0012141522    9.1093825e-31   -1.6021766e-19    -9.156439e-20    6.8654492e-19             4064                1
     0.0010724959    5.5255798e-05      0.011398718     0.0016546367    -0.0069629834   -0.00078874087    9.1093825e-31   -1.6021766e-19    -9.156439e-20    6.8654492e-19             4171                1
     0.0014511822    3.8616014e-05     -0.013055182    -0.0017476211     0.0064795082    -0.0010526993    9.1093825e-31   -1.6021766e-19    -9.156439e-20    6.8654492e-19             4108                1
     0.0029086645    9.8276454e-05      0.014274954    -0.0035185942   -0.00065660704     0.0036204951    9.1093825e-31   -1.6021766e-19    -9.156439e-20    6.8654492e-19             4294                1
    -0.0014509677    1.6358434e-05     -0.012638681     0.0011731501     0.0045793345    8.5260195e-05    9.1093825e-31   -1.6021766e-19    -9.156439e-20    6.8654492e-19             4199                1
    -0.0028799039    2.5708419e-05    -0.0057812217     -0.002957372     0.0059213149     0.0053348797    9.1093825e-31   -1.6021766e-19    -9.156439e-20    6.8654492e-19             4262                1
      0.009429845    4.0378596e-05    -0.0040766927     0.0004787377   -0.00061120035     0.0016115191    9.1093825e-31   -1.6021766e-19    -9.156439e-20    6.8654492e-19              821                0
     0.0020125038    2.7847394e-05     -0.012315026    -0.0019586082     0.0057549281     0.0010011359    9.1093825e-31   -1.6021766e-19    -9.156439e-20    6.8654492e-19             4162                1
      0.001663194    7.6232842e-05      0.011339228      0.001909749    -0.0094594173    0.00034009074    9.1093825e-31   -1.6021766e-19    -9.156439e-20    6.8654492e-19             4303                1
     0.0019682907    7.4319847e-05     -0.012731297   -0.00039140135     0.0025370398    -0.0034401722    9.1093825e-31   -1.6021766e-19    -9.156439e-20    6.8654492e-19             3669                1
    -0.0026139691    8.6300333e-06    -0.0020418779    0.00042853603     0.0049610133    -0.0008611806    9.1093825e-31   -1.6021766e-19    -9.156439e-20    6.8654492e-19             4335                1
     0.0016775144    1.7255169e-06     0.0024529768     0.0034106849     -0.013950153    -0.0034859357    9.1093825e-31   -1.6021766e-19    -9.156439e-20    6.8654492e-19             4127                1
   -0.00051267538    4.8620848e-05     0.0067391074   -0.00061315688     -0.011011519    -0.0020376937    9.1093825e-31   -1.6021766e-19    -9.156439e-20    6.8654492e-19             4222                1
     0.0014933327    5.9423593e-05       -0.0128773    -0.0021204562      0.011282202      0.003768018    9.1093825e-31   -1.6021766e-19    -9.156439e-20    6.8654492e-19             4196                1
    0.00044302523    2.5483412e-05    0.00035467037    -0.0014278534     0.0040898453    -0.0029707586    9.1093825e-31   -1.6021766e-19    -9.156439e-20    6.8654492e-19             4252                1
    -0.0016081822    6.6318382e-05     -0.011178398     0.0026117857      0.011702187    0.00086672371    9.1093825e-31   -1.6021766e-19    -9.156439e-20    6.8654492e-19             4186                1
     0.0029969658    5.4774132e-06    -0.0045420611    0.00051789294     0.0040119891    0.00060913857    9.1093825e-31   -1.6021766e-19    -9.156439e-20    6.8654492e-19             4357                1
    -0.0013547464    8.7354656e-06    -0.0085903835     0.0008109198     0.0030715726    0.00084799482    9.1093825e-31   -1.6021766e-19    -9.156439e-20    6.8654492e-19             4278                1
   -0.00084924488    3.3762055e-05    -0.0083592189   -0.00024667071    -0.0052140625     0.0022148415    9.1093825e-31   -1.6021766e-19    -9.156439e-20    6.8654492e-19             3770                1
    0.00035715828    2.4789049e-05    -0.0087732915   -0.00013915441     0.0060664024     0.0030735573    9.1093825e-31   -1.6021766e-19    -9.156439e-20    6.8654492e-19             4248                1
     0.0039726798    3.0816554e-05    0.00097252603    -0.0015162311    -0.0025111584    -0.0015084451    9.1093825e-31   -1.6021766e-19    -9.156439e-20    6.8654492e-19              118                0
     0.0032007745    8.5207132e-05      0.014070792   -0.00043183271    -0.0076179858     0.0029164217    9.1093825e-31   -1.6021766e-19    -9.156439e-20    6.8654492e-19             4326                1
    -0.0093850251    4.6613353e-05    -0.0035989489     0.0005135074   -0.00019337637    0.00042812747    9.1093825e-31   -1.6021766e-19    -9.156439e-20    6.8654492e-19              158                0
    -0.0015045786    1.8804629e-06    -0.0083176978    0.00036439562     0.0011194962    -0.0036232255    9.1093825e-31   -1.6021766e-19    -9.156439e-20    6.8654492e-19             4209                1
     -0.001227588    6.4180633e-05     0.0061343662     0.0029786709    -0.0075960159     0.0052682012    9.1093825e-31   -1.6021766e-19    -9.156439e-20    6.8654492e-19             4187                1
    -0.0010336281    3.4864504e-05    -0.0058852229     0.0021692214     0.0080169113    6.4906737e-05    9.1093825e-31   -1.6021766e-19    -9.156439e-20    6.8654492e-19             4263                1
    -0.0010756804    7.1525086e-05     0.0059541319   -0.00039725969     0.0027094011    0.00040935678    9.1093825e-31   -1.6021766e-19    -9.156439e-20    6.8654492e-19             4019                1
     0.0068387431    7.9241028e-05     -0.013478066   -0.00043753901    0.00046858733    0.00094174361    9.1093825e-31   -1.6021766e-19    -9.156439e-20    6.8654492e-19              213                0
    -0.0022541413    6.6483233e-05     0.0028863188    -0.0020270091    -0.0064771269     0.0041147843    9.1093825e-31   -1.6021766e-19    -9.156439e-20    6.8654492e-19             4098                1
    -0.0011257068    6.0010116e-05     0.0057913275    -0.0014341943     0.0017819721    0.00045647772    9.1093825e-31   -1.6021766e-19    -9.156439e-20    6.8654492e-19             4020                1
     0.0017163299    3.7185891e-05    -0.0029834351    -3.312097e-05    -0.0075241462   -0.00018984478    9.1093825e-31   -1.6021766e-19    -9.156439e-20    6.8654492e-19             3924                1
    -2.893895e-05    3.2686858e-05    -0.0058538574    -0.0015415127     0.0048856363    -0.0017738014    9.1093825e-31   -1.6021766e-19    -9.156439e-20    6.8654492e-19             4191                1
     0.0011353301     6.271265e-05    -0.0068176761     -0.006110609     0.0064389748     0.0053769154    9.1093825e-31   -1.6021766e-19    -9.156439e-20    6.8654492e-19             4116                1
      0.002512906    2.1996058e-05    -0.0075920103     0.0008416092     0.0068920599    -0.0034508815    9.1093825e-31   -1.6021766e-19    -9.156439e-20    6.8654492e-19             4289                1
   -0.00068019191    8.3003426e-05    -0.0079286741    -0.0027591747       0.01129451    -0.0011254951    9.1093825e-31   -1.6021766e-19    -9.156439e-20    6.8654492e-19             4155                1
     0.0016473933    5.3510725e-05      0.010390368   -0.00070279127    -0.0067104725     0.0015443969    9.1093825e-31   -1.6021766e-19    -9.156439e-20    6.8654492e-19             4148                1
     0.0018207155    6.5743894e-05     -0.012521311    -0.0014050845     0.0088485973   -0.00091335748    9.1093825e-31   -1.6021766e-19    -9.156439e-20    6.8654492e-19             4101                1
     0.0013983351     8.297995e-06    -0.0087894779    -0.0024282774     0.0067863232     0.0037177871    9.1093825e-31   -1.6021766e-19    -9.156439e-20    6.8654492e-19             4358                1
    -0.0029206122    1.9823008e-05    -0.0056408099    0.00091893878     0.0062498604    -0.0013240883    9.1093825e-31   -1.6021766e-19    -9.156439e-20    6.8654492e-19             4292                1
     0.0014729893    9.8324954e-06    -0.0086739045     0.0058348854     0.0038289339    -0.0025142098    9.1093825e-31   -1.6021766e-19    -9.156439e-20    6.8654492e-19             4293                1
     0.0010830688    7.3147312e-05     0.0060110823   -0.00078606786    -0.0053127497     0.0014997226    9.1093825e-31   -1.6021766e-19    -9.156439e-20    6.8654492e-19             4090                1
    -0.0018774625    1.2815418e-05      0.001944416     0.0039691757     -0.011001042    -0.0023578594    9.1093825e-31   -1.6021766e-19    -9.156439e-20    6.8654492e-19             4065                1
     0.0032229023    9.6959855e-05     0.0078939563   -0.00069359213    0.00074036676   -0.00054321217    9.1093825e-31   -1.6021766e-19    -9.156439e-20    6.8654492e-19              903                0
    -0.0084103281    6.2039318e-05      0.010220913    0.00098048907    0.00055657467    0.00071639358    9.1093825e-31   -1.6021766e-19    -9.156439e-20    6.8654492e-19              578                0
     0.0014382971    9.7354248e-05      0.011613741     0.0018548832    -0.0012996149     0.0033547839    9.1093825e-31   -1.6021766e-19    -9.156439e-20    6.8654492e-19             4267                1
      0.008398965    4.1020787e-05     0.0096189911     0.0017503459    0.00035793558    0.00014753349    9.1093825e-31   -1.6021766e-19    -9.156439e-20    6.8654492e-19              618                0
      0.001693782    8.3651423e-05      0.006820064    -0.0041112727    -0.0039102058   -0.00041753854    9.1093825e-31   -1.6021766e-19    -9.156439e-20    6.8654492e-19             4086                1
    -0.0022995488    3.0193025e-06     0.0028374437    -0.0041449983      0.005977246   -0.00046099827    9.1093825e-31   -1.6021766e-19    -9.156439e-20    6.8654492e-19             4372                1
     0.0031776656    8.8608125e-05      0.014037176   -1.4250507e-05    -0.0056329649    4.4433025e-05    9.1093825e-31   -1.6021766e-19    -9.156439e-20    6.8654492e-19             4323                1
    0.00042137608    4.5433651e-05    0.00029930047    -0.0040007778    -0.0099505344    0.00018364529    9.1093825e-31   -1.6021766e-19    -9.156439e-20    6.8654492e-19             4170                1
   -0.00089322677    7.0659567e-05     0.0060431487    -0.0032559582    -0.0064192833    -0.0015824761    9.1093825e-31   -1.6021766e-19    -9.156439e-20    6.8654492e-19             4168                1
      0.001669684    1.5661797e-05     0.0024643245      0.002541367     -0.012401684    -0.0022294747    9.1093825e-31   -1.6021766e-19    -9.156439e-20    6.8654492e-19             4128                1
    -0.0014377271    1.3556425e-05     -0.012644389     0.0032628316     0.0041394457   -0.00081636204    9.1093825e-31   -1.6021766e-19    -9.156439e-20    6.8654492e-19             4200                1
     0.0036143337    7.1163711e-05     0.0090832748    0.00088516157    -0.0071569439    0.00044032678    9.1093825e-31   -1.6021766e-19    -9.156439e-20    6.8654492e-19             4249                1
     0.0035750212    8.8901965e-05     0.0092630871    -0.0037262861    -0.0048367274     0.0039086686    9.1093825e-31   -1.6021766e-19    -9.156439e-20    6.8654492e-19             4304                1
     0.0011569371    4.7906233e-06    -0.0065726726    -0.0030149219     0.0036805589    -0.0055735321    9.1093825e-31   -1.6021766e-19    -9.156439e-20    6.8654492e-19             4353                1
    -0.0067164875    2.7547672e-05     0.0051723546   -0.00048552168   -0.00049565488     0.0010688353    9.1093825e-31   -1.6021766e-19    -9.156439e-20    6.8654492e-19              573                0
     0.0011948767    1.2149047e-05    -0.0069300933    0.00023670384     0.0022002801    0.00034565222    9.1093825e-31   -1.6021766e-19    -9.156439e-20    6.8654492e-19             4197                1
    0.00080393441    7.1296245e-06     0.0010267071    0.00073378504     0.0035274541    -0.0016949874    9.1093825e-31   -1.6021766e-19    -9.156439e-20    6.8654492e-19             4333                1
   -0.00086058659    2.4445299e-06    -0.0084090354    0.00058034627     0.0017618742   -0.00054512022    9.1093825e-31   -1.6021766e-19    -9.156439e-20    6.8654492e-19             4327                1
    -0.0030931844    5.5033238e-06     -0.001885882     0.0050115497     -0.011357246    -0.0065031229    9.1093825e-31   -1.6021766e-19    -9.156439e-20    6.8654492e-19             4074                1
   -4.0786948e-05    5.7879868e-05     0.0038771485    0.00050251681    -0.0073049115   -0.00097757834    9.1093825e-31   -1.6021766e-19    -9.156439e-20    6.8654492e-19             4082                1
    -0.0013466746    8.7202468e-05    -0.0083739022   -0.00043515547   -0.00093436637     0.0028596388    9.1093825e-31   -1.6021766e-19    -9.156439e-20    6.8654492e-19             4156                1
    -0.0011257471    6.9826892e-05     0.0061453548   -0.00077547407     -0.005929241    -0.0018394938    9.1093825e-31   -1.6021766e-19    -9.156439e-20    6.8654492e-19             4129                1
    -0.0063900338    2.7294514e-05     0.0051404508   -0.00087117736   -0.00053516356    -0.0027883018    9.1093825e-31   -1.6021766e-19    -9.156439e-20    6.8654492e-19              985                0
   -0.00082089513    4.8274858e-05    -0.0083413329   -0.00088781724     0.0084584784   -0.00033218737    9.1093825e-31   -1.6021766e-19    -9.156439e-20    6.8654492e-19             4201                1
     0.0075904964    6.8958238e-05    0.00078821927   -0.00053022144   -0.00093398237     0.0012068461    9.1093825e-31   -1.6021766e-19    -9.156439e-20    6.8654492e-19              614                0
    -0.0011942164    4.5299686e-05     0.0060943775    -0.0011677593    -0.0085532982    -0.0057568229    9.1093825e-31   -1.6021766e-19    -9.156439e-20    6.8654492e-19             4120                1
     0.0014489315    4.1383482e-05    -0.0088335816    0.00093933084      0.010406622   -0.00046437548    9.1093825e-31   -1.6021766e-19    -9.156439e-20    6.8654492e-19             4264                1
    8.5321757e-05     7.829166e-06     -0.013318834   -7.7593584e-05    4.6975692e-05    0.00029154142    9.1093825e-31   -1.6021766e-19    -9.156439e-20    6.8654492e-19               79                0
      0.001149805    1.2198674e-05     0.0058537745    5.7609846e-05     -0.010344492   -0.00011230072    9.1093825e-31   -1.6021766e-19    -9.156439e-20    6.8654492e-19             4070                1
     0.0015129251    2.3037239e-05    -0.0088834064   -0.00053192332     0.0066845128      0.001528654    9.1093825e-31   -1.6021766e-19    -9.156439e-20    6.8654492e-19             4274                1
    -0.0016359267    7.5341894e-05     -0.012388718    0.00026384945      0.011676797     0.0012911781    9.1093825e-31   -1.6021766e-19    -9.156439e-20    6.8654492e-19             4152                1
    -0.0022951353    2.5187032e-06     0.0028360956     0.0047715423     0.0049654706    -0.0031851558    9.1093825e-31   -1.6021766e-19    -9.156439e-20    6.8654492e-19             4373                1
    -0.0016277118    9.3759292e-05      0.010695047    0.00055567257    -0.0043502557   -6.9568494e-05    9.1093825e-31   -1.6021766e-19    -9.156439e-20    6.8654492e-19             4345                1
    1.1117612e-05    7.4933756e-05     0.0043196292    -0.0042739576    -0.0058422615    -0.0024308208    9.1093825e-31   -1.6021766e-19    -9.156439e-20    6.8654492e-19             4136                1
    -0.0041196356    2.7197042e-05     -0.012186741    -0.0013187509     0.0059921443     0.0012453351    9.1093825e-31   -1.6021766e-19    -9.156439e-20    6.8654492e-19             4215                1
     0.0016247715    8.1993538e-05      0.012162658    -0.0064227562    -0.0049848962    0.00028305908    9.1093825e-31   -1.6021766e-19    -9.156439e-20    6.8654492e-19             4273                1
   -0.00089928531    1.6583441e-05    -0.0028112938     -0.005213012     0.0057233945     0.0020744449    9.1093825e-31   -1.6021766e-19    -9.156439e-20    6.8654492e-19             4298                1
     0.0013299655    5.4953148e-06     0.0023243413     6.817843e-05      0.004731331    0.00015352831    9.1093825e-31   -1.6021766e-19    -9.156439e-20    6.8654492e-19             4366                1
    -0.0018979589    4.2068355e-06     0.0018591274   -0.00059726782       0.01054115     0.0012307005    9.1093825e-31   -1.6021766e-19    -9.156439e-20    6.8654492e-19             4378                1
    -0.0032500289    2.9795439e-05     -0.010262426    -0.0034172472     0.0067532957      0.003179861    9.1093825e-31   -1.6021766e-19    -9.156439e-20    6.8654492e-19             4233                1
   -5.7982936e-05    6.5294742e-05     0.0038123922     0.0009040478    -0.0061145024    -0.0060136807    9.1093825e-31   -1.6021766e-19    -9.156439e-20    6.8654492e-19             4028                1
   -0.00090290006    4.4302407e-05     0.0059611164     0.0027220126    -0.0087128161     0.0030292051    9.1093825e-31   -1.6021766e-19    -9.156439e-20    6.8654492e-19             4121                1
    -0.0039931405    9.8708173e-05      0.011653678    -0.0041577723     0.0070793545     0.0015162443    9.1093825e-31   -1.6021766e-19    -9.156439e-20    6.8654492e-19             3901                1
       0.00154409     4.180165e-06     0.0025700061     0.0021317119     0.0083212219     0.0011651799    9.1093825e-31   -1.6021766e-19    -9.156439e-20    6.8654492e-19             4374                1
    -0.0012590252    5.2493557e-05     0.0066309031   -4.9264905e-05     -0.006771713   -0.00064254354    9.1093825e-31   -1.6021766e-19    -9.156439e-20    6.8654492e-19             4073                1
     0.0015887436    1.6382164e-05    -0.0052552968     0.0016843773     -0.008273066    -0.0023541651    9.1093825e-31   -1.6021766e-19    -9.156439e-20    6.8654492e-19             3982                1
     0.0011619442    1.1547912e-06    -0.0065683126    0.00059799157     0.0010567309    -0.0024278515    9.1093825e-31   -1.6021766e-19    -9.156439e-20    6.8654492e-19             4354                1
    -0.0013693299    4.4178236e-05      0.011189125     0.0020166086    -0.0071522822     0.0037775051    9.1093825e-31   -1.6021766e-19    -9.156439e-20    6.8654492e-19             4138                1
   -0.00092911156     5.081579e-05    -0.0083722034     0.0025733651     0.0052848929    -0.0026479149    9.1093825e-31   -1.6021766e-19    -9.156439e-20    6.8654492e-19             4094                1
     0.0013881808    9.5403579e-05      0.011511627     0.0013151274    -0.0031120467     -0.004712922    9.1093825e-31   -1.6021766e-19    -9.156439e-20    6.8654492e-19             4336                1
    -0.0010752394    1.4808915e-18     0.0059669339    -0.0018078429     -0.011990977     0.0045419685    9.1093825e-31   -1.6021766e-19    -9.156439e-20    6.8654492e-19             4075                1
      0.001906378    8.3069193e-05      0.012127559   -0.00095877564    -0.0081682494    -0.0005664202    9.1093825e-31   -1.6021766e-19    -9.156439e-20    6.8654492e-19             4322                1
     0.0033861997    9.2241207e-05      0.012697601    0.00017810009    -0.0067110397     0.0021028684    9.1093825e-31   -1.6021766e-19    -9.156439e-20    6.8654492e-19             4365                1
    -0.0007306367    3.2093708e-06    -0.0081039723    -0.0032486948    -0.0076705748    0.00013535116    9.1093825e-31   -1.6021766e-19    -9.156439e-20    6.8654492e-19             4003                1
     -0.004045777    3.0745217e-05    -0.0096447775    0.00041694578     0.0068167951      0.000322748    9.1093825e-31   -1.6021766e-19    -9.156439e-20    6.8654492e-19             4234                1
   -0.00015878722    5.8169488e-05     0.0034227581   -0.00083288096    -0.0076413946    2.2013221e-05    9.1093825e-31   -1.6021766e-19    -9.156439e-20    6.8654492e-19             4111                1
     0.0012173849    9.0434427e-05      0.013629381     0.0023377733    -0.0020698151    0.00043654349    9.1093825e-31   -1.6021766e-19    -9.156439e-20    6.8654492e-19             4241                1
     0.0047048517    4.2763964e-05     0.0072401152    -0.0013363806     0.0017113402    0.00051316689    9.1093825e-31   -1.6021766e-19    -9.156439e-20    6.8654492e-19             3998                1
     0.0010145076    7.6857817e-05     0.0057318355    -0.0018216756    -0.0064141033     0.0021377595    9.1093825e-31   -1.6021766e-19    -9.156439e-20    6.8654492e-19             4240                1
     0.0014075184    9.1156253e-06    -0.0033580777     0.0007782238     0.0061029061    -0.0033890421    9.1093825e-31   -1.6021766e-19    -9.156439e-20    6.8654492e-19             4349                1
   -0.00078331918    3.4929664e-05    -0.0029780052     0.0018717767      -0.00787031    -0.0019505637    9.1093825e-31   -1.6021766e-19    -9.156439e-20    6.8654492e-19             3942                1
    0.00080761802    8.4997613e-05     0.0097611127     0.0001485268     0.0058042654     0.0015909635    9.1093825e-31   -1.6021766e-19    -9.156439e-20    6.8654492e-19             4006                1
    -0.0015719244    9.7768789e-06     -0.011199567    -0.0030555387     0.0058310954    -0.0027609605    9.1093825e-31   -1.6021766e-19    -9.156439e-20    6.8654492e-19             4328                1
    -0.0015053841    1.3761384e-05     -0.006636464     0.0035652339     0.0063713104    -0.0030756874    9.1093825e-31   -1.6021766e-19    -9.156439e-20    6.8654492e-19             4317                1
   -0.00034871753    1.3907481e-05     -0.008263099    0.00013140384     0.0028225679    0.00013142443    9.1093825e-31   -1.6021766e-19    -9.156439e-20    6.8654492e-19             4180                1
     0.0019299166    6.5817578e-05    -0.0030985179     0.0090034679    -0.0054230723    -0.0035950658    9.1093825e-31   -1.6021766e-19    -9.156439e-20    6.8654492e-19             3800                1
    -0.0016215598     1.019183e-05     -0.012382186    -0.0021019769     0.0044019478     0.0017324866    9.1093825e-31   -1.6021766e-19    -9.156439e-20    6.8654492e-19             4295                1
    -0.0027763529    5.1886118e-06    -0.0068193479     0.0021983522     0.0022977593    -0.0003144705    9.1093825e-31   -1.6021766e-19    -9.156439e-20    6.8654492e-19             4305                1
    -0.0014791165    2.1686377e-05    -0.0083040679     0.0044480762     0.0042902627    -0.0014361119    9.1093825e-31   -1.6021766e-19    -9.156439e-20    6.8654492e-19             4210                1
     0.0021699872    5.5866582e-05   -6.3590596e-05   -0.00017403386    -0.0083807176   -4.9966249e-05    9.1093825e-31   -1.6021766e-19    -9.156439e-20    6.8654492e-19             4176                1
   -0.00088732195     4.428829e-06    -0.0027986371   -0.00089755532     0.0013374301     0.0066413078    9.1093825e-31   -1.6021766e-19    -9.156439e-20    6.8654492e-19             4299                1
     0.0020422766    8.4839645e-05      0.010630584    -0.0050058626    -0.0061259279     0.0011479019    9.1093825e-31   -1.6021766e-19    -9.156439e-20    6.8654492e-19             4300                1
     0.0015334947    2.9012053e-05     -0.013211263     0.0038441005     0.0059486581    -0.0048822332    9.1093825e-31   -1.6021766e-19    -9.156439e-20    6.8654492e-19             4144                1
    -0.0029130641    4.8957932e-05     -0.010320165     0.0062091271     0.0083142221     0.0031676278    9.1093825e-31   -1.6021766e-19    -9.156439e-20    6.8654492e-19             4172                1
   -7.3734875e-05    9.4181058e-05      0.013769266    0.00013541308    -0.0046765045   -0.00029020075    9.1093825e-31   -1.6021766e-19    -9.156439e-20    6.8654492e-19             4359                1
      0.001087745    7.5546675e-05     0.0060084267   -0.00033182465    -0.0050806701     0.0012413986    9.1093825e-31   -1.6021766e-19    -9.156439e-20    6.8654492e-19             4091                1
    -0.0025814213    1.7804457e-05    0.00082277053    -0.0035776524     -0.010731104     0.0051397835    9.1093825e-31   -1.6021766e-19    -9.156439e-20    6.8654492e-19             4072                1
   -0.00080823305    3.8227125e-05    -0.0058476385    -0.0042707329     0.0089668008    -0.0011371594    9.1093825e-31   -1.6021766e-19    -9.156439e-20    6.8654492e-19             4265                1
     0.0015933637    9.1606389e-06     0.0024996942      0.002141196     0.0057176794   -0.00084357575    9.1093825e-31   -1.6021766e-19    -9.156439e-20    6.8654492e-19             4350                1
     0.0014772544    2.6723979e-05    -0.0088105351    0.00019066395    -0.0054021422     0.0038745224    9.1093825e-31   -1.6021766e-19    -9.156439e-20    6.8654492e-19             3808                1
   -0.00086885865    1.3203859e-05    -0.0028150452     0.0039339354     -0.009175973     0.0044115772    9.1093825e-31   -1.6021766e-19    -9.156439e-20    6.8654492e-19             3945                1
   -0.00091572432    1.5751089e-05    -0.0028707827    -0.0022094762     0.0067442791    1.6949974e-06    9.1093825e-31   -1.6021766e-19    -9.156439e-20    6.8654492e-19             4318                1
     0.0014205268    3.6313028e-05     -0.013002231    0.00097437802     0.0071519725      0.004456291    9.1093825e-31   -1.6021766e-19    -9.156439e-20    6.8654492e-19             4164                1
    -0.0011255838    3.7374717e-05     -0.012708089    -0.0025893021       0.00964907    0.00046323374    9.1093825e-31   -1.6021766e-19    -9.156439e-20    6.8654492e-19             4253                1
   -0.00093326753    5.9620303e-05      0.006142796     0.0011363804    -0.0064092162     -0.001532304    9.1093825e-31   -1.6021766e-19    -9.156439e-20    6.8654492e-19             4081                1
   -6.4209416e-05    9.2198781e-05      0.013773615     0.0075370902    -0.0062164236     0.0030904077    9.1093825e-31   -1.6021766e-19    -9.156439e-20    6.8654492e-19             4360                1
     0.0017032672    2.1437854e-05    -0.0030288619     0.0037104271     0.0078174062   -9.3016242e-05    9.1093825e-31   -1.6021766e-19    -9.156439e-20    6.8654492e-19             4306                1
   -0.00044853758    5.4145072e-05     -0.008206401    -0.0020368735     0.0071929852     0.0023366993    9.1093825e-31   -1.6021766e-19    -9.156439e-20    6.8654492e-19             4145                1
   -5.0639621e-05    7.8606528e-05      0.003524069   -6.4643602e-05    -0.0052055074     5.582859e-05    9.1093825e-31   -1.6021766e-19    -9.156439e-20    6.8654492e-19             4024                1
    -0.0010413704    2.3505625e-05    -0.0060144127    -0.0080670528    -0.0070585664    -0.0035217316    9.1093825e-31   -1.6021766e-19    -9.156439e-20    6.8654492e-19             3826                1
     0.0023897481    1.8582081e-05    -0.0076446952   -0.00086005917      0.007685259    -0.0015899125    9.1093825e-31   -1.6021766e-19    -9.156439e-20    6.8654492e-19             4314                1
     0.0018557829    7.2638235e-05      0.012198847     0.0018151052     0.0061911982    0.00052085001    9.1093825e-31   -1.6021766e-19    -9.156439e-20    6.8654492e-19             3828                1
   -0.00095348974    7.0618262e-05     0.0059361788    -0.0027733159    -0.0058628018    0.00031524408    9.1093825e-31   -1.6021766e-19    -9.156439e-20    6.8654492e-19             4122                1
     0.0035006539    8.0139871e-05      0.012815192     0.0013650494     0.0065512373     0.0029830378    9.1093825e-31   -1.6021766e-19    -9.156439e-20    6.8654492e-19             3847                1
   -0.00010839268     8.586966e-06     0.0043290867     0.0001722655     -0.012815158     0.0024136405    9.1093825e-31   -1.6021766e-19    -9.156439e-20    6.8654492e-19             4112                1
     0.0013746951    6.7143672e-05      0.011528227    -0.0031729573    -0.0061525949    -0.0047382652    9.1093825e-31   -1.6021766e-19    -9.156439e-20    6.8654492e-19             4216                1
    0.00043363482    2.2102038e-05    -0.0037348715     0.0020030751    -0.0080631804     0.0010018931    9.1093825e-31   -1.6021766e-19    -9.156439e-20    6.8654492e-19             3867                1
      0.000551484    2.7205786e-05    -0.0037996385     0.0080462918    -0.0077806879    -0.0023199741    9.1093825e-31   -1.6021766e-19    -9.156439e-20    6.8654492e-19             3868                1
   -0.00062790181    1.6714992e-05    -0.0079722581    -0.0015280144     0.0064095487    0.00049309374    9.1093825e-31   -1.6021766e-19    -9.156439e-20    6.8654492e-19             4296                1
     0.0024575284    1.3578699e-05    -0.0091989301      0.003267251     0.0039329566    -0.0025796532    9.1093825e-31   -1.6021766e-19    -9.156439e-20    6.8654492e-19             4258                1
      -0.00395612    9.3704213e-05       0.01155954    -0.0026065982    -0.0072324653    -0.0017076724    9.1093825e-31   -1.6021766e-19    -9.156439e-20    6.8654492e-19             4367                1
     0.0016416323    8.1025377e-05     0.0074513638    0.00010051257    -0.0052656662    0.00072450167    9.1093825e-31   -1.6021766e-19    -9.156439e-20    6.8654492e-19             4235                1
     0.0011931622    7.1283423e-05      0.013645096    -0.0025568141    -0.0059343479     0.0036118429    9.1093825e-31   -1.6021766e-19    -9.156439e-20    6.8654492e-19             4242                1
   -0.00076153257    1.4438428e-05    -0.0084150024     0.0023002417     0.0025906281    -0.0016968475    9.1093825e-31   -1.6021766e-19    -9.156439e-20    6.8654492e-19             4153                1
    0.00035403634    9.2132192e-05      0.012373595     0.0048166965    -0.0024161122     0.0036927385    9.1093825e-31   -1.6021766e-19    -9.156439e-20    6.8654492e-19             4268                1
     0.0015288682    8.3608298e-05     0.0072789248       0.00541184    -0.0067232824    -0.0023241614    9.1093825e-31   -1.6021766e-19    -9.156439e-20    6.8654492e-19             4297                1
   -0.00051170646    2.0293762e-18    -0.0082928622   -6.9986963e-05    -0.0076854103   -0.00021788076    9.1093825e-31   -1.6021766e-19    -9.156439e-20    6.8654492e-19             3984                1
    0.00073880964    8.9817013e-06     0.0010881816    -0.0021317077     -0.011260699   -0.00065611262    9.1093825e-31   -1.6021766e-19    -9.156439e-20    6.8654492e-19             4052                1
    -0.0014218647    3.8647227e-05       0.01114823    2.6550074e-06    -0.0047692154   -1.4809108e-05    9.1093825e-31   -1.6021766e-19    -9.156439e-20    6.8654492e-19             4053                1
       0.00117125     4.518616e-05      0.007705986     0.0031360984    -0.0070679863   -2.2565819e-05    9.1093825e-31   -1.6021766e-19    -9.156439e-20    6.8654492e-19             4076                1
     0.0018148341    9.0461181e-05      0.010438656    -0.0012226257    -0.0083475243   -0.00082863087    9.1093825e-31   -1.6021766e-19    -9.156439e-20    6.8654492e-19             4361                1
   -0.00012009803    1.9385148e-05     0.0032728212     0.0038344478     -0.011244343     0.0016969654    9.1093825e-31   -1.6021766e-19    -9.156439e-20    6.8654492e-19             4087                1
     0.0013944552    7.0199399e-05      0.011474534   -0.00039914201    -0.0030841429    -0.0017521727    9.1093825e-31   -1.6021766e-19    -9.156439e-20    6.8654492e-19             4095                1
        0.0014537    8.2638369e-05       0.01146295     0.0054686395    -0.0018583869    -0.0028994593    9.1093825e-31   -1.6021766e-19    -9.156439e-20    6.8654492e-19             4096                1
     0.0014560529    5.1506697e-05     -0.012983179    0.00016148495     0.0075853164     0.0014244985    9.1093825e-31   -1.6021766e-19    -9.156439e-20    6.8654492e-19             4097                1
    -0.0015380254    5.1305717e-05     -0.012366137     0.0061647072     0.0089375749     0.0075261421    9.1093825e-31   -1.6021766e-19    -9.156439e-20    6.8654492e-19             4157                1
    -0.0012074648    6.7359426e-05     0.0066159237    0.00071978976    -0.0066070086     0.0021046528    9.1093825e-31   -1.6021766e-19    -9.156439e-20    6.8654492e-19             4158                1
   -0.00073811761    4.8446109e-05    -0.0081178322   -0.00050098053     0.0070917248   -0.00019228122    9.1093825e-31   -1.6021766e-19    -9.156439e-20    6.8654492e-19             4159                1
    -0.0007231179    2.8717413e-06    -0.0081197079     0.0014912316     0.0010347699   -0.00044432361    9.1093825e-31   -1.6021766e-19    -9.156439e-20    6.8654492e-19             4160                1
    -0.0033409789    3.9144492e-05    -0.0099404128    -0.0011125699     0.0066104499     -0.005090131    9.1093825e-31   -1.6021766e-19    -9.156439e-20    6.8654492e-19             4165                1
   -0.00019247361    5.0835042e-05      0.013759658    -0.0020294294    -0.0068498426    -0.0010567269    9.1093825e-31   -1.6021766e-19    -9.156439e-20    6.8654492e-19             4173                1
     0.0015034791    6.2624393e-05      0.011463992    0.00030030156    -0.0061510252     0.0029986061    9.1093825e-31   -1.6021766e-19    -9.156439e-20    6.8654492e-19             4177                1
    -0.0016024061    3.8382743e-05     -0.012467582     0.0043627163     0.0079399161    -0.0045721857    9.1093825e-31   -1.6021766e-19    -9.156439e-20    6.8654492e-19             4192                1
    -0.0015000144    3.0322777e-05    -0.0085237166    0.00022165508     0.0057501886    -0.0086625963    9.1093825e-31   -1.6021766e-19    -9.156439e-20    6.8654492e-19             4202                1
   -0.00074563501    4.2561496e-05    -0.0084522841   -0.00089577812     0.0077085602      0.002948056    9.1093825e-31   -1.6021766e-19    -9.156439e-20    6.8654492e-19             4203                1
     0.0021454419    3.8097205e-05    -0.0092005664   -0.00038694413     0.0080348263      0.002801917    9.1093825e-31   -1.6021766e-19    -9.156439e-20    6.8654492e-19             4223                1
    -0.0014191167    4.5688634e-05    -0.0079467827    -0.0013122034     0.0091156065   -5.2134776e-05    9.1093825e-31   -1.6021766e-19    -9.156439e-20    6.8654492e-19             4224                1
    -0.0014369113    1.6916914e-05    -0.0079329321    -0.0045819585     0.0038277782     0.0024890532    9.1093825e-31   -1.6021766e-19    -9.156439e-20    6.8654492e-19             4225                1
    -0.0013218281    3.8970145e-05     -0.012470726    -0.0013059963     0.0090585798    0.00083293719    9.1093825e-31   -1.6021766e-19    -9.156439e-20    6.8654492e-19             4230                1
    -0.0014750717    1.5046022e-05    -0.0084467847    -0.0022943781     0.0036861338    -0.0010611109    9.1093825e-31   -1.6021766e-19    -9.156439e-20    6.8654492e-19             4231                1
    -0.0014697706    1.0741666e-05    -0.0080676349     0.0033168469     0.0071442388     0.0047122631    9.1093825e-31   -1.6021766e-19    -9.156439e-20    6.8654492e-19             4337                1
     0.0010798239     8.905201e-05      0.013603355    0.00032807502    -0.0071044583    -0.0053629819    9.1093825e-31   -1.6021766e-19    -9.156439e-20    6.8654492e-19             4338                1
     0.0032882241     8.589463e-05       0.01408253    -0.0018880678    -0.0090339826    0.00022275635    9.1093825e-31   -1.6021766e-19    -9.156439e-20    6.8654492e-19             4339                1
   -0.00090144976    9.0560034e-06     0.0061323172     0.0046795201     0.0060285637     0.0042379848    9.1093825e-31   -1.6021766e-19    -9.156439e-20    6.8654492e-19             4351                1
     0.0013084395    8.6979878e-07     0.0025692948    -0.0065129711     0.0016314494    -0.0014711112    9.1093825e-31   -1.6021766e-19    -9.156439e-20    6.8654492e-19             4370                1
     0.0012398337    9.7860415e-05      0.011401536    -0.0011205451    -0.0054854923    -0.0052775787    9.1093825e-31   -1.6021766e-19    -9.156439e-20    6.8654492e-19             4375                1
     0.0015229408    9.8398901e-05      0.011396796    0.00082368328    -0.0054457542    -0.0049140719    9.1093825e-31   -1.6021766e-19    -9.156439e-20    6.8654492e-19             4379                1
    -0.0011805291    1.5351216e-06    -0.0057531958    -0.0014243451     0.0052000256    0.00034895563    9.1093825e-31   -1.6021766e-19    -9.156439e-20    6.8654492e-19             4380                1
   -0.00082120893    7.4485541e-07     -0.002923701     0.0027675454     0.0025044538   -0.00059213617    9.1093825e-31   -1.6021766e-19    -9.156439e-20    6.8654492e-19             4381                1
