%  ASCII export : 
%
%  Momentum is normalized to the product of particle's mass and speed of light.
%  All other quantities are in SI units.
%
%            posX             posY             posZ             momX             momY             momZ             mass           charge     macro-charge             time       particleID         sourceID

     0.0015212754    9.5109917e-06     -0.004970721    3.7593261e-05     0.0023479247     0.0044692177    9.1093825e-31   -1.6021766e-19    -9.156439e-20    4.2302265e-19             2522                1
     0.0016393466    5.5399105e-05     -0.012967036   -0.00046753045     0.0083767073     0.0017511878    9.1093825e-31   -1.6021766e-19    -9.156439e-20    4.2302265e-19             2441                1
    0.00036277468    9.5830022e-05    -0.0087296059   -0.00029373291       0.01192736     0.0027570273    9.1093825e-31   -1.6021766e-19    -9.156439e-20    4.2302265e-19             2467                1
    -0.0026073577    1.8908391e-05    6.1506093e-05   -0.00029897896    -0.0035585056   -0.00055940176    9.1093825e-31   -1.6021766e-19    -9.156439e-20    4.2302265e-19              348                0
    -0.0091964845     6.423078e-06    -0.0044319611     0.0020684386   -0.00098541332    0.00086004776    9.1093825e-31   -1.6021766e-19    -9.156439e-20    4.2302265e-19             1002                1
   -0.00081024226    2.4035337e-05    -0.0028099585      0.001178719     0.0037749149   -3.9777558e-05    9.1093825e-31   -1.6021766e-19    -9.156439e-20    4.2302265e-19             2527                1
    -0.0063316058    1.3232861e-05     0.0040040785    4.8679354e-05    -0.0018364954    3.0350029e-05    9.1093825e-31   -1.6021766e-19    -9.156439e-20    4.2302265e-19              997                0
   -0.00065177359    3.3710967e-05     -0.012193226    0.00042730369     0.0015403535    -0.0011843895    9.1093825e-31   -1.6021766e-19    -9.156439e-20    4.2302265e-19               55                0
     0.0063432106    1.3915042e-05       0.01431874   -0.00054395077    0.00078798877    0.00091633486    9.1093825e-31   -1.6021766e-19    -9.156439e-20    4.2302265e-19              171                0
    -0.0016337481    4.3081145e-05     -0.011171073     0.0018142014     0.0095750168    0.00070379599    9.1093825e-31   -1.6021766e-19    -9.156439e-20    4.2302265e-19             2549                1
     0.0044217785    3.9943836e-05     0.0052606743   -0.00055762171    -0.0020919025   -0.00038355778    9.1093825e-31   -1.6021766e-19    -9.156439e-20    4.2302265e-19              154                0
     0.0065902718    6.7061716e-05     -0.013329672     0.0014298201     0.0011553512     0.0013949863    9.1093825e-31   -1.6021766e-19    -9.156439e-20    4.2302265e-19              488                0
    -0.0024754077    3.6968126e-05     -0.014813777    -0.0012221318      0.002442816    0.00063489156    9.1093825e-31   -1.6021766e-19    -9.156439e-20    4.2302265e-19               27                0
      0.001706183    3.8904545e-05    -0.0029968407     0.0032689744     0.0084668221    0.00096230907    9.1093825e-31   -1.6021766e-19    -9.156439e-20    4.2302265e-19             2574                1
   -0.00091643003    8.0188693e-06    -0.0028287871    -0.0079616671    -0.0079036709   -0.00071408378    9.1093825e-31   -1.6021766e-19    -9.156439e-20    4.2302265e-19             2363                1
     0.0041412115    3.9243791e-05    -0.0087340521    -0.0014750954     0.0094076088    0.00061145524    9.1093825e-31   -1.6021766e-19    -9.156439e-20    4.2302265e-19             2572                1
      0.008074468    1.1118018e-05      0.014955775   -0.00069071748    0.00012278113     0.0010852711    9.1093825e-31   -1.6021766e-19    -9.156439e-20    4.2302265e-19              986                0
      0.007941192    5.8508867e-06     0.0085917031    -0.0021683623   -0.00069340173   -0.00020137845    9.1093825e-31   -1.6021766e-19    -9.156439e-20    4.2302265e-19              961                0
     0.0087806247    9.3929484e-06    0.00017648612      0.002087771   -0.00070407853    0.00017331571    9.1093825e-31   -1.6021766e-19    -9.156439e-20    4.2302265e-19              386                0
     0.0058252946    1.5816284e-05    -0.0049977447    -0.0012353873     0.0018538696    1.4767168e-05    9.1093825e-31   -1.6021766e-19    -9.156439e-20    4.2302265e-19             2458                1
     0.0023624336    6.0163975e-06    -7.499964e-05     0.0038038278     0.0025105593    -0.0014861496    9.1093825e-31   -1.6021766e-19    -9.156439e-20    4.2302265e-19             2597                1
   -0.00012520691    8.4070143e-06    -0.0075016762     0.0076674502     0.0029545936      0.003310923    9.1093825e-31   -1.6021766e-19    -9.156439e-20    4.2302265e-19             2488                1
    -0.0051935595    6.9083959e-05      0.008940394     0.0014666549   -0.00082704617   -0.00043915017    9.1093825e-31   -1.6021766e-19    -9.156439e-20    4.2302265e-19              355                0
     0.0076494631    2.5631876e-05     -0.011876464    -0.0008212984    0.00019631203    0.00070907659    9.1093825e-31   -1.6021766e-19    -9.156439e-20    4.2302265e-19              451                0
    -0.0011403047    3.9997787e-05     0.0058917785    -0.0013966335    -0.0080276905    0.00095709413    9.1093825e-31   -1.6021766e-19    -9.156439e-20    4.2302265e-19             2389                1
    -0.0064236429     2.972826e-05    -0.0020047792     -0.000131586    -0.0016181058    0.00093400182    9.1093825e-31   -1.6021766e-19    -9.156439e-20    4.2302265e-19               32                0
   -0.00073249033     2.849376e-05    -0.0084045213    -0.0019941719     0.0048793079    -0.0028514962    9.1093825e-31   -1.6021766e-19    -9.156439e-20    4.2302265e-19             2449                1
     0.0082193511    2.7550621e-05    0.00062158756    -0.0016539327   -0.00086598517   -0.00062160747    9.1093825e-31   -1.6021766e-19    -9.156439e-20    4.2302265e-19              455                0
    -0.0042801062    7.3191601e-05     -0.012194063    4.1028965e-05     0.0095261084   -6.3954976e-05    9.1093825e-31   -1.6021766e-19    -9.156439e-20    4.2302265e-19             2454                1
     0.0017560406    3.3020264e-05      0.012175548    -0.0028975934    -0.0096827252     0.0023469049    9.1093825e-31   -1.6021766e-19    -9.156439e-20    4.2302265e-19             2487                1
     0.0011308599    7.8456731e-05      0.013618281    -0.0021500881    -0.0054876138    -0.0069652549    9.1093825e-31   -1.6021766e-19    -9.156439e-20    4.2302265e-19             2566                1
    -0.0010620229    6.5658183e-05      0.005963427   -0.00035236267    -0.0063886424     0.0018296613    9.1093825e-31   -1.6021766e-19    -9.156439e-20    4.2302265e-19             2407                1
    -0.0018435505     6.320894e-06     0.0018277254    -0.0029965665     -0.010163597    -0.0088850409    9.1093825e-31   -1.6021766e-19    -9.156439e-20    4.2302265e-19             2391                1
    -0.0012429667    4.2295906e-05     0.0066221897   -0.00052164157     -0.010014812     0.0016486465    9.1093825e-31   -1.6021766e-19    -9.156439e-20    4.2302265e-19             2498                1
   -0.00086078024    3.8030844e-06    -0.0028244813    0.00056797027     0.0077661974     0.0034064939    9.1093825e-31   -1.6021766e-19    -9.156439e-20    4.2302265e-19             2621                1
    -0.0054413914    1.7810557e-05     0.0064055785     0.0014521505    -0.0014977981     0.0014968591    9.1093825e-31   -1.6021766e-19    -9.156439e-20    4.2302265e-19              902                0
    0.00099537731    3.9826144e-05    -0.0095350314     0.0037443505     0.0088528264    0.00012473016    9.1093825e-31   -1.6021766e-19    -9.156439e-20    4.2302265e-19             2543                1
    -0.0050851814    3.5344437e-05     -0.010845556     0.0014239721     0.0050810962   -7.1510185e-05    9.1093825e-31   -1.6021766e-19    -9.156439e-20    4.2302265e-19             2433                1
     0.0018428878    3.3668213e-05      0.010557959   -0.00027382164    -0.0089679323      0.001188956    9.1093825e-31   -1.6021766e-19    -9.156439e-20    4.2302265e-19             2468                1
    -0.0065590804    2.6680511e-05     0.0038862189     0.0030771093    -0.0015643367    -0.0015915509    9.1093825e-31   -1.6021766e-19    -9.156439e-20    4.2302265e-19              695                0
    -0.0040486078    6.0405982e-05    -0.0096909907    -0.0036915084       0.00802691   -0.00038135378    9.1093825e-31   -1.6021766e-19    -9.156439e-20    4.2302265e-19             2456                1
    -0.0034124311       9.7589e-05    -0.0099086389    0.00025331069    -0.0059890584    0.00057247077    9.1093825e-31   -1.6021766e-19    -9.156439e-20    4.2302265e-19             2624                1
     0.0066296696    5.7444871e-05    -0.0075635384     0.0022533317    0.00010734114     0.0016482936    9.1093825e-31   -1.6021766e-19    -9.156439e-20    4.2302265e-19                4                0
    -0.0031632772    1.6031883e-05     0.0024303673    -0.0010710242    -0.0029739104      0.002247269    9.1093825e-31   -1.6021766e-19    -9.156439e-20    4.2302265e-19              512                0
   -0.00086116564    1.4668818e-05    -0.0081729181     -0.001848891     0.0040450674     0.0021597252    9.1093825e-31   -1.6021766e-19    -9.156439e-20    4.2302265e-19             2510                1
    -0.0061339331    2.9490554e-06     -0.012070247    -9.135133e-06     0.0005853402     -0.001367328    9.1093825e-31   -1.6021766e-19    -9.156439e-20    4.2302265e-19              385                0
    -0.0052766977    8.5111715e-05      0.013712215    -0.0020051142    -0.0079081776    -0.0026978569    9.1093825e-31   -1.6021766e-19    -9.156439e-20    4.2302265e-19             2601                1
    -0.0018278813    2.0173378e-05     0.0018586172    -0.0019338841     -0.009230922    -0.0067929365    9.1093825e-31   -1.6021766e-19    -9.156439e-20    4.2302265e-19             2390                1
    -0.0017263886    3.5975896e-05      0.010549193     0.0010568117      -0.01001837    -0.0011704447    9.1093825e-31   -1.6021766e-19    -9.156439e-20    4.2302265e-19             2492                1
    0.00048229875    3.0456822e-05    0.00022730898    0.00019133931     0.0062763277   -0.00016655936    9.1093825e-31   -1.6021766e-19    -9.156439e-20    4.2302265e-19             2578                1
     0.0012447324    9.3825452e-05      0.011410418    0.00062986056     0.0043631494    0.00099146797    9.1093825e-31   -1.6021766e-19    -9.156439e-20    4.2302265e-19             2292                1
     0.0060943095    3.3167067e-05     0.0048479503    -0.0010968786    -0.0014535775    0.00066405121    9.1093825e-31   -1.6021766e-19    -9.156439e-20    4.2302265e-19              751                0
     0.0012709089    6.0675546e-05      0.011367287     0.0011059719    -0.0060928036    -0.0030151387    9.1093825e-31   -1.6021766e-19    -9.156439e-20    4.2302265e-19             2469                1
    -0.0042644562    1.1053438e-05    -0.0072845356     0.0020571812    -0.0042530037     0.0011106844    9.1093825e-31   -1.6021766e-19    -9.156439e-20    4.2302265e-19             2244                1
    -0.0011365585    4.8058293e-05     0.0061287503    -0.0033053374     -0.008829114      0.004641315    9.1093825e-31   -1.6021766e-19    -9.156439e-20    4.2302265e-19             2476                1
    -0.0074093672    6.0977254e-05    -0.0071316473    -0.0011723177   -0.00046277989    -0.0026722257    9.1093825e-31   -1.6021766e-19    -9.156439e-20    4.2302265e-19              532                0
     0.0055696554    2.6620741e-05      0.011507075     0.0017105965    -0.0021439753    -0.0013500851    9.1093825e-31   -1.6021766e-19    -9.156439e-20    4.2302265e-19             2103                1
   -5.8501217e-05    1.8556685e-06     0.0043381588    0.00010764352     0.0093509974    -0.0004642556    9.1093825e-31   -1.6021766e-19    -9.156439e-20    4.2302265e-19             2631                1
     0.0014830416    8.4679676e-05    -0.0088326698     0.0029211768      0.011493349    -0.0010140607    9.1093825e-31   -1.6021766e-19    -9.156439e-20    4.2302265e-19             2474                1
     0.0026711591    4.5933342e-05      0.012271807     0.0052108858    -0.0011581948     0.0019925695    9.1093825e-31   -1.6021766e-19    -9.156439e-20    4.2302265e-19             2210                1
   -0.00083638437    2.6394044e-05    -0.0056416574     0.0032031303     -0.004813679     0.0052150032    9.1093825e-31   -1.6021766e-19    -9.156439e-20    4.2302265e-19             2253                1
     0.0024875619    2.3750463e-05    -0.0077497377    -0.0011767792     0.0076323608   -0.00054673356    9.1093825e-31   -1.6021766e-19    -9.156439e-20    4.2302265e-19             2584                1
     0.0020458174    7.1417053e-05      0.014639297    -0.0017139263    -0.0054595182    -0.0011743853    9.1093825e-31   -1.6021766e-19    -9.156439e-20    4.2302265e-19             2533                1
     0.0020841381     4.060518e-05      0.010693877    -0.0012488362     0.0019158046    -0.0012777628    9.1093825e-31   -1.6021766e-19    -9.156439e-20    4.2302265e-19             2471                1
     0.0011817592    4.5004013e-05    -0.0067751603     0.0008912888     0.0079516685    -0.0058221119    9.1093825e-31   -1.6021766e-19    -9.156439e-20    4.2302265e-19             2516                1
    -0.0034998748    3.5336994e-05    -0.0099430168     -0.005717386     0.0081614135    -0.0026241636    9.1093825e-31   -1.6021766e-19    -9.156439e-20    4.2302265e-19             2561                1
     0.0062080161    9.5753538e-05     -0.014246387     0.0010473671     0.0020783341   -0.00096753536    9.1093825e-31   -1.6021766e-19    -9.156439e-20    4.2302265e-19              365                0
    -0.0011659039    6.6226057e-05     0.0061180047    -0.0067333602    -0.0060903616     0.0021260818    9.1093825e-31   -1.6021766e-19    -9.156439e-20    4.2302265e-19             2385                1
    -0.0082005551    6.8918835e-06    -0.0085144946    7.2211144e-05    -0.0018387069    -0.0021883792    9.1093825e-31   -1.6021766e-19    -9.156439e-20    4.2302265e-19             1848                1
    -0.0082848947    6.1973813e-05      0.014662215      6.42222e-05    0.00073010864     0.0012158592    9.1093825e-31   -1.6021766e-19    -9.156439e-20    4.2302265e-19              719                0
    -0.0090769669    4.0520812e-05     0.0024185746   -0.00066211197   -0.00076718396     0.0014008201    9.1093825e-31   -1.6021766e-19    -9.156439e-20    4.2302265e-19              874                0
    0.00024567838    5.5904144e-05      0.012427342    -0.0066266363     -0.009413192    -0.0035517272    9.1093825e-31   -1.6021766e-19    -9.156439e-20    4.2302265e-19             2555                1
    -0.0024065149    3.4157924e-07    -0.0020860091    -0.0020601919    0.00053538592     0.0015678792    9.1093825e-31   -1.6021766e-19    -9.156439e-20    4.2302265e-19             2616                1
    -0.0042245137    7.2350464e-05     0.0060103801     0.0015775457    -0.0018122146   -0.00078328373    9.1093825e-31   -1.6021766e-19    -9.156439e-20    4.2302265e-19              628                0
     0.0065989415    1.8209197e-05     0.0056777447    0.00045684367    -0.0018018635   -0.00062737486    9.1093825e-31   -1.6021766e-19    -9.156439e-20    4.2302265e-19              420                0
   -0.00098566141    3.9983893e-06     0.0059386874    -0.0020775632     0.0055911662     0.0019589947    9.1093825e-31   -1.6021766e-19    -9.156439e-20    4.2302265e-19             2617                1
   -0.00010613618    1.4083436e-05     0.0034612096     0.0053220703     -0.010263535    0.00045449601    9.1093825e-31   -1.6021766e-19    -9.156439e-20    4.2302265e-19             2408                1
    -0.0015304106    2.2924552e-05     -0.011275467    0.00012871463     0.0045435522    -0.0011261619    9.1093825e-31   -1.6021766e-19    -9.156439e-20    4.2302265e-19             2380                1
     0.0072762682    8.1265818e-05     0.0059847017   -0.00061785761   -0.00088337436     0.0019552929    9.1093825e-31   -1.6021766e-19    -9.156439e-20    4.2302265e-19              828                0
     0.0014555693    5.3203581e-05    -0.0087889228     0.0020748584     0.0067062113     0.0027944052    9.1093825e-31   -1.6021766e-19    -9.156439e-20    4.2302265e-19             2431                1
    0.00040112933    1.1157087e-05    -0.0037921511    0.00016735833     0.0031292236    0.00022559952    9.1093825e-31   -1.6021766e-19    -9.156439e-20    4.2302265e-19             2576                1
     0.0048056492    1.4844273e-05    -0.0033771768     0.0024438633     0.0065556183   -0.00021814021    9.1093825e-31   -1.6021766e-19    -9.156439e-20    4.2302265e-19             2598                1
     0.0053192745    3.7442453e-05     0.0064235963     0.0011103575    -0.0017299075   -0.00040136135    9.1093825e-31   -1.6021766e-19    -9.156439e-20    4.2302265e-19              580                0
    -0.0030210651    4.9949882e-05     -0.010325817    -0.0010229537     0.0067265332   -0.00015462389    9.1093825e-31   -1.6021766e-19    -9.156439e-20    4.2302265e-19             2429                1
     0.0083365273    5.4316733e-05     -0.012635515    -0.0022271122    0.00078550581     0.0022224446    9.1093825e-31   -1.6021766e-19    -9.156439e-20    4.2302265e-19              586                0
    -0.0028339608    4.3691423e-05    -0.0068922359   -0.00032290583     0.0088916617     0.0025511428    9.1093825e-31   -1.6021766e-19    -9.156439e-20    4.2302265e-19             2544                1
    -0.0050317161    5.0752504e-05    -0.0052137491     0.0010287984    -0.0011417648   -0.00094675319    9.1093825e-31   -1.6021766e-19    -9.156439e-20    4.2302265e-19              660                0
    0.00082482345    5.2885462e-05     0.0097376015     0.0001154337    -0.0062058168    -0.0004039428    9.1093825e-31   -1.6021766e-19    -9.156439e-20    4.2302265e-19             2415                1
    -0.0077581122    3.6433823e-05      0.011019074     0.0006156899   -5.0723113e-05     0.0015231273    9.1093825e-31   -1.6021766e-19    -9.156439e-20    4.2302265e-19              652                0
     0.0018711241    7.8819161e-05      0.010715005    -0.0018839207    -0.0049110898    0.00065379625    9.1093825e-31   -1.6021766e-19    -9.156439e-20    4.2302265e-19             2502                1
     -0.000800076    1.1580372e-05    -0.0059381775   -0.00071038771     0.0041108229     0.0019159503    9.1093825e-31   -1.6021766e-19    -9.156439e-20    4.2302265e-19             2583                1
     0.0015704543    1.3945225e-05     0.0024471527    -0.0001311642     0.0041917479    0.00099045737    9.1093825e-31   -1.6021766e-19    -9.156439e-20    4.2302265e-19             2591                1
    -0.0010034901    2.1733483e-06      0.006088885    0.00016004681     -0.012862446     0.0036672857    9.1093825e-31   -1.6021766e-19    -9.156439e-20    4.2302265e-19             2459                1
    -0.0030384732    1.4070072e-05    7.0829075e-05     -0.002958203    -0.0031288799    -0.0029507517    9.1093825e-31   -1.6021766e-19    -9.156439e-20    4.2302265e-19              303                0
    -0.0036727178    9.4568742e-05     -0.014353455   -0.00048839848     0.0049051791   -0.00058721798    9.1093825e-31   -1.6021766e-19    -9.156439e-20    4.2302265e-19             2112                1
     0.0013109933    3.8248791e-06     0.0024496845    -0.0045395894     -0.012319961    -0.0023047072    9.1093825e-31   -1.6021766e-19    -9.156439e-20    4.2302265e-19             2463                1
     0.0029325574    2.2630094e-05    -0.0056395559    -0.0017136047    -0.0018109957    1.2593496e-05    9.1093825e-31   -1.6021766e-19    -9.156439e-20    4.2302265e-19              860                0
   -8.3654573e-05    5.6844976e-05     0.0038039787    -0.0032116745    -0.0073865666   -0.00075090502    9.1093825e-31   -1.6021766e-19    -9.156439e-20    4.2302265e-19             2438                1
    -0.0032739518    2.1813907e-05     -0.012545454   -0.00087196706     0.0014934593    -0.0015411242    9.1093825e-31   -1.6021766e-19    -9.156439e-20    4.2302265e-19              900                0
    -0.0064972825    1.9281168e-05     -0.008812651    0.00091222848    1.5628062e-05    -0.0013283088    9.1093825e-31   -1.6021766e-19    -9.156439e-20    4.2302265e-19              132                0
     0.0089926952    7.6427707e-05      0.013126106     0.0016625577     0.0018048808    -0.0014212835    9.1093825e-31   -1.6021766e-19    -9.156439e-20    4.2302265e-19             1962                1
    -0.0072662435    7.0852911e-05    -0.0026601919    0.00061637315   -0.00042995895    0.00067807647    9.1093825e-31   -1.6021766e-19    -9.156439e-20    4.2302265e-19             1012                1
    -0.0037760574    1.7666052e-05    0.00051086553    -0.0013431632    -0.0032142233      0.002604808    9.1093825e-31   -1.6021766e-19    -9.156439e-20    4.2302265e-19              893                0
     0.0076616337    4.1764906e-05      -0.01304095     0.0023815879    0.00075467699    -0.0017001807    9.1093825e-31   -1.6021766e-19    -9.156439e-20    4.2302265e-19              311                0
    -0.0070119589    8.0588507e-06    -0.0077561601     -0.001298212   -0.00059289474    0.00055281312    9.1093825e-31   -1.6021766e-19    -9.156439e-20    4.2302265e-19              791                0
    -0.0011708603    6.6981911e-06    -0.0041357498     0.0016541686     0.0020014623      0.005889121    9.1093825e-31   -1.6021766e-19    -9.156439e-20    4.2302265e-19             2560                1
     0.0011975792    2.1671371e-05    -0.0092475917     0.0045947907      0.005869295    -0.0045926161    9.1093825e-31   -1.6021766e-19    -9.156439e-20    4.2302265e-19             2559                1
     0.0016555535    3.6624606e-05      0.012025165     -0.002773439    -0.0055270763    -0.0010342505    9.1093825e-31   -1.6021766e-19    -9.156439e-20    4.2302265e-19             2397                1
    -0.0013822537    4.3760017e-05    -0.0084768124    3.1633335e-05     0.0087059541    0.00065052521    9.1093825e-31   -1.6021766e-19    -9.156439e-20    4.2302265e-19             2530                1
    -0.0062045497    1.4996001e-05     0.0028759008    2.1268483e-05    -0.0018228557   -0.00011808126    9.1093825e-31   -1.6021766e-19    -9.156439e-20    4.2302265e-19              677                0
    -0.0006630671    3.3755171e-06    -0.0025603087   -0.00022419666     0.0028301915    -0.0016123106    9.1093825e-31   -1.6021766e-19    -9.156439e-20    4.2302265e-19             2609                1
    -0.0084583322    7.8841411e-05    -0.0047963783    0.00032600056    4.8121765e-05   -0.00011260267    9.1093825e-31   -1.6021766e-19    -9.156439e-20    4.2302265e-19              210                0
   -0.00085185585    1.5727839e-05     0.0058371308     0.0020908827     0.0082922596    0.00095545239    9.1093825e-31   -1.6021766e-19    -9.156439e-20    4.2302265e-19             2604                1
      0.007905555    5.9295449e-05     0.0084780585   -0.00030937037   -0.00031004311     0.0012620994    9.1093825e-31   -1.6021766e-19    -9.156439e-20    4.2302265e-19              254                0
     0.0058699823    6.3629413e-05     0.0044304766   -0.00062009844    -0.0018009427   -0.00088036526    9.1093825e-31   -1.6021766e-19    -9.156439e-20    4.2302265e-19              270                0
     0.0013650232    9.5923497e-05     -0.012968647     0.0038217031    -0.0043194909    0.00038188123    9.1093825e-31   -1.6021766e-19    -9.156439e-20    4.2302265e-19             2614                1
   -0.00099342328    3.6201018e-05     0.0055871774     -0.002380562     -0.010552884    -0.0017107241    9.1093825e-31   -1.6021766e-19    -9.156439e-20    4.2302265e-19             2493                1
     0.0015703366    5.2122745e-05     0.0024991678    -0.0058202855    -0.0072160829    -0.0051886928    9.1093825e-31   -1.6021766e-19    -9.156439e-20    4.2302265e-19             2393                1
     0.0016912352    1.6623384e-05     0.0073614162     0.0031133213     -0.011470835     0.0048295194    9.1093825e-31   -1.6021766e-19    -9.156439e-20    4.2302265e-19             2465                1
    -0.0075890999    6.9673362e-05     -0.012195429    -0.0011572979     0.0011123664    -0.0012040853    9.1093825e-31   -1.6021766e-19    -9.156439e-20    4.2302265e-19              673                0
   -0.00061706366    4.8277609e-05    -0.0081098145     0.0049951337     0.0081536332    -0.0042025894    9.1093825e-31   -1.6021766e-19    -9.156439e-20    4.2302265e-19             2499                1
     0.0085354978    1.2832697e-05      0.010213824     0.0002688216   -0.00020505037   -9.2358539e-05    9.1093825e-31   -1.6021766e-19    -9.156439e-20    4.2302265e-19              410                0
     0.0044076745    4.5637829e-05    -0.0019742134     0.0013090806    -0.0055071767    -0.0031863952    9.1093825e-31   -1.6021766e-19    -9.156439e-20    4.2302265e-19             2387                1
     0.0041451887    8.4334766e-05     -0.011717325    0.00035722365      0.010698017    -0.0060421075    9.1093825e-31   -1.6021766e-19    -9.156439e-20    4.2302265e-19             2457                1
     0.0033799722    2.1531403e-05    -0.0075442893     0.0018273229     0.0028833009    -0.0038261043    9.1093825e-31   -1.6021766e-19    -9.156439e-20    4.2302265e-19             2419                1
   -0.00086834491    1.0222435e-05    -0.0028590944   -0.00066328177     0.0071410588    -0.0012966299    9.1093825e-31   -1.6021766e-19    -9.156439e-20    4.2302265e-19             2608                1
    -0.0017009621     5.566861e-05      0.010656011    -0.0040001138    -0.0096989581    0.00070233125    9.1093825e-31   -1.6021766e-19    -9.156439e-20    4.2302265e-19             2556                1
    -0.0094140647    9.2639464e-05    -0.0066391025    0.00039680128   -9.6638265e-05    0.00041476538    9.1093825e-31   -1.6021766e-19    -9.156439e-20    4.2302265e-19              192                0
     0.0014707943     9.451095e-05    -0.0088828737     0.0022828958      0.011699748     0.0056817727    9.1093825e-31   -1.6021766e-19    -9.156439e-20    4.2302265e-19             2464                1
     0.0033984426    7.9428981e-05      0.012681044      0.005308995    -0.0035935724    -0.0011548941    9.1093825e-31   -1.6021766e-19    -9.156439e-20    4.2302265e-19             2472                1
     0.0030368243    6.8995163e-05      0.014359898     0.0018819788    -0.0043375609     0.0016837638    9.1093825e-31   -1.6021766e-19    -9.156439e-20    4.2302265e-19             2481                1
     0.0035304797    3.1769734e-05     0.0033901625     0.0011887811    -0.0028423276      0.002199172    9.1093825e-31   -1.6021766e-19    -9.156439e-20    4.2302265e-19              991                0
    -0.0019898321    2.3266442e-05     0.0045049875     -0.001324637    -0.0033417435    -0.0013478909    9.1093825e-31   -1.6021766e-19    -9.156439e-20    4.2302265e-19              630                0
    -0.0091594374    2.0733843e-05    -0.0019408455     0.0011752932   -0.00047366091   -0.00095273124    9.1093825e-31   -1.6021766e-19    -9.156439e-20    4.2302265e-19              212                0
     0.0084392745    1.4949801e-05     0.0015548504    0.00022693013   -0.00077835092   -0.00082988723    9.1093825e-31   -1.6021766e-19    -9.156439e-20    4.2302265e-19              525                0
     0.0092710266    8.5213205e-06    -0.0092066266     0.0011400479   -1.0607761e-05    -0.0014044176    9.1093825e-31   -1.6021766e-19    -9.156439e-20    4.2302265e-19              690                0
    -0.0023969649    1.3761107e-06    -0.0021979273    -0.0010894467      0.003524327     0.0066721351    9.1093825e-31   -1.6021766e-19    -9.156439e-20    4.2302265e-19             2623                1
    -0.0013291497    2.8852821e-05    -0.0085003879     0.0081588645     0.0064341421    -0.0029609632    9.1093825e-31   -1.6021766e-19    -9.156439e-20    4.2302265e-19             2531                1
    -0.0086990185    4.8873691e-05    -0.0011960436    0.00090831483   -0.00078328251    0.00099279301    9.1093825e-31   -1.6021766e-19    -9.156439e-20    4.2302265e-19              750                0
    3.3753313e-05    2.8156128e-06    -0.0011147611    8.6963788e-05     0.0047944402    0.00029410713    9.1093825e-31   -1.6021766e-19    -9.156439e-20    4.2302265e-19             2619                1
      0.001572927    5.4003551e-05     0.0073424201     0.0025075634     -0.008314305    -0.0015868067    9.1093825e-31   -1.6021766e-19    -9.156439e-20    4.2302265e-19             2490                1
     0.0032272462     8.104516e-05      0.014054334     -0.002072711    -0.0067116083     0.0013088378    9.1093825e-31   -1.6021766e-19    -9.156439e-20    4.2302265e-19             2588                1
    -0.0073666265    8.5311134e-05    -0.0014046178     0.0028514548   -0.00062968791   -0.00085136201    9.1093825e-31   -1.6021766e-19    -9.156439e-20    4.2302265e-19              257                0
    -0.0056813271    5.2292078e-05      0.005853408    -0.0011233744    -0.0013257632     0.0010287252    9.1093825e-31   -1.6021766e-19    -9.156439e-20    4.2302265e-19              220                0
   -0.00098144554    1.6935755e-05    -0.0058392799    -0.0015655927     0.0087690633    -0.0019303156    9.1093825e-31   -1.6021766e-19    -9.156439e-20    4.2302265e-19             2600                1
     0.0063106804    3.3541906e-05    -0.0085018752    -0.0027280224    7.7330478e-05   -0.00053983915    9.1093825e-31   -1.6021766e-19    -9.156439e-20    4.2302265e-19              931                0
    -0.0026497236    1.5183543e-06    -0.0080587724    0.00014141544   -0.00078457134    0.00086917874    9.1093825e-31   -1.6021766e-19    -9.156439e-20    4.2302265e-19              217                0
    -0.0016745599    4.0897914e-05       0.01065588     0.0006792614     -0.012317865    0.00068243104    9.1093825e-31   -1.6021766e-19    -9.156439e-20    4.2302265e-19             2557                1
     0.0050249877    5.1276493e-05     0.0071625295    -0.0012507637    -0.0090922052   -0.00028757306    9.1093825e-31   -1.6021766e-19    -9.156439e-20    4.2302265e-19             2532                1
   -0.00068740954    7.6179596e-05    -0.0059258533     0.0020195886      0.012207304   -0.00081333535    9.1093825e-31   -1.6021766e-19    -9.156439e-20    4.2302265e-19             2523                1
     0.0024426295    1.9686235e-05    -0.0093166614   -0.00072381913     0.0054307575    -0.0011814381    9.1093825e-31   -1.6021766e-19    -9.156439e-20    4.2302265e-19             2563                1
     0.0059048943    1.2996347e-05    -0.0030234116    -0.0011073693    -0.0014938929    -0.0022768127    9.1093825e-31   -1.6021766e-19    -9.156439e-20    4.2302265e-19              256                0
      0.004174096    1.9334764e-05    -0.0087489244     0.0008988753     0.0052411584    0.00038927799    9.1093825e-31   -1.6021766e-19    -9.156439e-20    4.2302265e-19             2569                1
     0.0022035553    1.3091411e-05   -4.7948379e-05   -0.00072420278     -0.011131946     0.0014662379    9.1093825e-31   -1.6021766e-19    -9.156439e-20    4.2302265e-19             2479                1
   -0.00039519634    2.0794971e-05    -0.0027247448     0.0056256824     0.0019958012    -0.0019722332    9.1093825e-31   -1.6021766e-19    -9.156439e-20    4.2302265e-19             2478                1
    -0.0012243644    4.7630365e-05     0.0055547971   -0.00018206883    -0.0081664817   -0.00024260118    9.1093825e-31   -1.6021766e-19    -9.156439e-20    4.2302265e-19             2436                1
    -0.0092192488    6.1398256e-05     0.0021684261    -0.0022381057    3.7871905e-05    -0.0018363309    9.1093825e-31   -1.6021766e-19    -9.156439e-20    4.2302265e-19              978                0
     0.0013673054    2.7991557e-05     -0.003342801    -0.0013447535       0.01093048    0.00088362623    9.1093825e-31   -1.6021766e-19    -9.156439e-20    4.2302265e-19             2592                1
     0.0093068099    4.0763025e-05    0.00091100379     0.0014124648   -0.00069616496   -0.00017838342    9.1093825e-31   -1.6021766e-19    -9.156439e-20    4.2302265e-19              637                0
    0.00080566871    9.6291096e-06     0.0010903813    -0.0035259833     0.0059892079    -0.0012093715    9.1093825e-31   -1.6021766e-19    -9.156439e-20    4.2302265e-19             2607                1
   -0.00074878288    3.4449829e-05    -0.0083097853    -0.0049318625     0.0074048629    -0.0062034582    9.1093825e-31   -1.6021766e-19    -9.156439e-20    4.2302265e-19             2534                1
      0.004704468    7.6172699e-05     0.0021828713   -0.00070473691    -0.0022222665     0.0011535756    9.1093825e-31   -1.6021766e-19    -9.156439e-20    4.2302265e-19              229                0
    -0.0031136051    1.7119226e-05    -0.0017666545    -0.0017566965     0.0052762283    -0.0017955573    9.1093825e-31   -1.6021766e-19    -9.156439e-20    4.2302265e-19             2586                1
     -0.008545056    5.0569375e-05    -0.0014675178    0.00080814608   -0.00082988909   -0.00040288339    9.1093825e-31   -1.6021766e-19    -9.156439e-20    4.2302265e-19              894                0
     0.0076318844    8.7537483e-05     0.0053271931    -0.0010156194   -0.00068607088     0.0030265122    9.1093825e-31   -1.6021766e-19    -9.156439e-20    4.2302265e-19              219                0
      0.007937111    4.5888577e-05    -0.0030982594      0.001660438    -0.0010769882     0.0023104015    9.1093825e-31   -1.6021766e-19    -9.156439e-20    4.2302265e-19              309                0
    -0.0089475373    5.9195321e-05      0.011207557   -0.00023089191    0.00015408943   -0.00060472096    9.1093825e-31   -1.6021766e-19    -9.156439e-20    4.2302265e-19              329                0
    -0.0034125664    9.7715951e-05    -0.0099088494    -8.890454e-05    -0.0056684283    3.9941558e-05    9.1093825e-31   -1.6021766e-19    -9.156439e-20    4.2302265e-19             2625                1
     0.0090268245    6.1972161e-05      0.007975895    -0.0010110694   -0.00015396379     0.0016580498    9.1093825e-31   -1.6021766e-19    -9.156439e-20    4.2302265e-19              369                0
     0.0028342069    5.7648514e-05    -0.0070255529   -0.00065330003    -0.0022332037    -0.0037352394    9.1093825e-31   -1.6021766e-19    -9.156439e-20    4.2302265e-19             2430                1
    -0.0025500949    4.0040763e-06    -0.0020961836   -0.00063831382     0.0018654946     0.0054706745    9.1093825e-31   -1.6021766e-19    -9.156439e-20    4.2302265e-19             2595                1
    -0.0021710012    7.8433441e-05     0.0071978518     0.0020306106    -0.0012869157     0.0001575347    9.1093825e-31   -1.6021766e-19    -9.156439e-20    4.2302265e-19              632                0
   -0.00059520651    6.5438908e-05    -0.0077197356     0.0013908709     0.0095433248    0.00072529819    9.1093825e-31   -1.6021766e-19    -9.156439e-20    4.2302265e-19             2483                1
     -0.005505661    3.7348557e-18     -0.014265616    2.4073282e-05    -0.0032172503   -0.00064329995    9.1093825e-31   -1.6021766e-19    -9.156439e-20    4.2302265e-19             2354                1
    -0.0014887173    5.4173164e-05    -0.0066322931   -0.00011185505      0.010197138   -0.00084793312    9.1093825e-31   -1.6021766e-19    -9.156439e-20    4.2302265e-19             2536                1
    0.00010433728    3.0083394e-05    -0.0059351786   -0.00020928099     0.0050171316    9.5083396e-06    9.1093825e-31   -1.6021766e-19    -9.156439e-20    4.2302265e-19             2494                1
     0.0072964788    4.7492082e-05    0.00085348618    -0.0015354607   -0.00094104622   -0.00085173734    9.1093825e-31   -1.6021766e-19    -9.156439e-20    4.2302265e-19              476                0
    -0.0048951413    3.4499815e-05     -0.012781766     0.0013377056     0.0016423735    -0.0016451812    9.1093825e-31   -1.6021766e-19    -9.156439e-20    4.2302265e-19              549                0
    -0.0009674445    9.7467928e-05      0.010201613     0.0026223301   -0.00018514699    0.00071555882    9.1093825e-31   -1.6021766e-19    -9.156439e-20    4.2302265e-19              569                0
     0.0011628667    4.2602627e-05    -0.0067627514    -0.0017591377     0.0076099746     -0.004081544    9.1093825e-31   -1.6021766e-19    -9.156439e-20    4.2302265e-19             2517                1
     0.0016213252    5.5285276e-05     0.0073790029    2.7515757e-06    -0.0073770355    2.3367875e-05    9.1093825e-31   -1.6021766e-19    -9.156439e-20    4.2302265e-19             2445                1
     0.0094953263    8.6916087e-05     -0.014457747   -9.1794274e-05    0.00062314112     0.0020946381    9.1093825e-31   -1.6021766e-19    -9.156439e-20    4.2302265e-19              922                0
    -0.0012213027    7.2186808e-06     -0.012418712    -0.0023410958     0.0015512854   -0.00038081806    9.1093825e-31   -1.6021766e-19    -9.156439e-20    4.2302265e-19              649                0
    -0.0077919606    5.2147458e-05     0.0038865451     0.0011774384   -0.00092415593    0.00098701892    9.1093825e-31   -1.6021766e-19    -9.156439e-20    4.2302265e-19              934                0
     0.0018600352    6.6611619e-06      0.010551849    -0.0018711728     0.0063906754    -0.0024151935    9.1093825e-31   -1.6021766e-19    -9.156439e-20    4.2302265e-19             2611                1
     0.0012865223     8.188538e-05      0.011339983    -0.0004974858    -0.0044641723    -0.0017313198    9.1093825e-31   -1.6021766e-19    -9.156439e-20    4.2302265e-19             2506                1
     0.0016481742    5.3438805e-05      0.011428873   -0.00086686242    -0.0071074748    -0.0052171936    9.1093825e-31   -1.6021766e-19    -9.156439e-20    4.2302265e-19             2473                1
    0.00090004283    3.6046702e-05     0.0060228314    -0.0073707984    -0.0075517865     0.0023483348    9.1093825e-31   -1.6021766e-19    -9.156439e-20    4.2302265e-19             2362                1
   -0.00051620143    3.8600705e-05    -0.0081890905     0.0013637095     0.0085451454     0.0071605663    9.1093825e-31   -1.6021766e-19    -9.156439e-20    4.2302265e-19             2550                1
   -0.00099944742    2.6745494e-05     0.0059328405    0.00010293304     -0.011799874    -0.0030299616    9.1093825e-31   -1.6021766e-19    -9.156439e-20    4.2302265e-19             2495                1
     0.0054194848    3.5762139e-05     0.0020854226    0.00057976326    -0.0023253551     0.0025740277    9.1093825e-31   -1.6021766e-19    -9.156439e-20    4.2302265e-19               20                0
    -0.0020662539    2.1570107e-05     0.0063182246     0.0015154608     -0.012664907     0.0006779469    9.1093825e-31   -1.6021766e-19    -9.156439e-20    4.2302265e-19             2503                1
    -0.0089044608    9.9881858e-05    -0.0045542563   -0.00061652128    0.00010425199    0.00089873734    9.1093825e-31   -1.6021766e-19    -9.156439e-20    4.2302265e-19              849                0
     0.0048071225    2.2538279e-05    -0.0033770509     0.0030627283      0.009794347   -0.00016439939    9.1093825e-31   -1.6021766e-19    -9.156439e-20    4.2302265e-19             2599                1
     0.0086320071    9.3522904e-05     0.0039726882   -0.00071239163    0.00017266336    -0.0011708674    9.1093825e-31   -1.6021766e-19    -9.156439e-20    4.2302265e-19               36                0
    -0.0025442007    1.6736365e-05    -0.0021085609      0.001744553     0.0070113265    0.00047061295    9.1093825e-31   -1.6021766e-19    -9.156439e-20    4.2302265e-19             2596                1
   -2.5876379e-05    2.7757419e-06     0.0038171217    -0.0023761508     0.0026188267      0.004392548    9.1093825e-31   -1.6021766e-19    -9.156439e-20    4.2302265e-19             2612                1
     0.0033362915    1.7765637e-05      0.012617582    -0.0030260184    -0.0080825994   -0.00018300711    9.1093825e-31   -1.6021766e-19    -9.156439e-20    4.2302265e-19             2434                1
     0.0060231071    7.7196208e-05      0.011954168    -0.0006671939    0.00038661191     0.0020717708    9.1093825e-31   -1.6021766e-19    -9.156439e-20    4.2302265e-19              280                0
    -0.0047726999    1.4073052e-07     -0.008182521    -0.0014628507   -0.00087882328     0.0017512542    9.1093825e-31   -1.6021766e-19    -9.156439e-20    4.2302265e-19              591                0
    -0.0093269078     9.422328e-05     0.0025716065    0.00080818776    7.5024254e-05    0.00012256864    9.1093825e-31   -1.6021766e-19    -9.156439e-20    4.2302265e-19               44                0
    -0.0013859509    7.4176998e-05     -0.008015885    4.4279321e-05      0.010169832   -0.00018474578    9.1093825e-31   -1.6021766e-19    -9.156439e-20    4.2302265e-19             2475                1
    -0.0016832345    6.0829821e-05      0.010729602    -0.0042621745    -0.0092048338   -6.0104685e-05    9.1093825e-31   -1.6021766e-19    -9.156439e-20    4.2302265e-19             2565                1
     0.0028593147    6.9207919e-05     0.0099330088    0.00036931119   -0.00017057355   -0.00023714524    9.1093825e-31   -1.6021766e-19    -9.156439e-20    4.2302265e-19              177                0
     0.0031166095    4.7856796e-05    -0.0043838872    0.00033878876     0.0069215507   -0.00051042106    9.1093825e-31   -1.6021766e-19    -9.156439e-20    4.2302265e-19             2507                1
     0.0010729369    5.2923883e-06     0.0027746612    -0.0020509646     0.0001315462     0.0013691814    9.1093825e-31   -1.6021766e-19    -9.156439e-20    4.2302265e-19             2577                1
    -0.0011337029    9.5052477e-05     0.0066585112     0.0025683083     0.0019073873    0.00068487989    9.1093825e-31   -1.6021766e-19    -9.156439e-20    4.2302265e-19             2355                1
    -0.0083175497    3.9367646e-05     0.0036009073    0.00097051502   -0.00094777427    -0.0031896876    9.1093825e-31   -1.6021766e-19    -9.156439e-20    4.2302265e-19              184                0
    -0.0018715692    8.0821563e-05     0.0039720782    -0.0014007883    -0.0027898783    9.4080133e-05    9.1093825e-31   -1.6021766e-19    -9.156439e-20    4.2302265e-19              699                0
    -0.0076870327    1.9441868e-05    -0.0048659239    -0.0028645569     -0.001128766    0.00034582484    9.1093825e-31   -1.6021766e-19    -9.156439e-20    4.2302265e-19              243                0
    0.00099432713    2.7139475e-05     0.0078785662     0.0014630579     -0.012774982     0.0022490046    9.1093825e-31   -1.6021766e-19    -9.156439e-20    4.2302265e-19             2518                1
    -0.0086197685    4.2072374e-05      0.002104243    0.00043538402   -0.00067032187   -0.00017239197    9.1093825e-31   -1.6021766e-19    -9.156439e-20    4.2302265e-19              264                0
     0.0050934618    4.4805995e-05    0.00027082645    0.00023682076    -0.0025433379    -0.0012737759    9.1093825e-31   -1.6021766e-19    -9.156439e-20    4.2302265e-19              284                0
    0.00041666671     6.055901e-05     -0.008836152     0.0008872188      0.011630923    -0.0023391494    9.1093825e-31   -1.6021766e-19    -9.156439e-20    4.2302265e-19             2535                1
    -0.0022998676    1.5352281e-05     0.0029579133    -0.0071982509     -0.011115707   -7.5763215e-05    9.1093825e-31   -1.6021766e-19    -9.156439e-20    4.2302265e-19             2461                1
   -0.00052148919    3.6828751e-05    -0.0082319323    0.00044273736     0.0082505466   -0.00030121708    9.1093825e-31   -1.6021766e-19    -9.156439e-20    4.2302265e-19             2551                1
     0.0043187253    6.8609472e-05     -0.014795588     0.0078570768     0.0087707806    -0.0012650659    9.1093825e-31   -1.6021766e-19    -9.156439e-20    4.2302265e-19             2439                1
   -0.00099028437    2.2996588e-05    -0.0021025646   -7.4149626e-05    -0.0032201312    0.00019259915    9.1093825e-31   -1.6021766e-19    -9.156439e-20    4.2302265e-19              384                0
     0.0013613931    9.2994735e-05     -0.012972685   -0.00025272349    -0.0076058903    -0.0041508982    9.1093825e-31   -1.6021766e-19    -9.156439e-20    4.2302265e-19             2615                1
   -0.00098581763    5.2472706e-06     0.0059366794    -0.0023029589     0.0073930956   -0.00093889359    9.1093825e-31   -1.6021766e-19    -9.156439e-20    4.2302265e-19             2618                1
    -0.0092207724    5.7769535e-05   -0.00043867147    1.7655262e-05    -0.0004803293    0.00067079184    9.1093825e-31   -1.6021766e-19    -9.156439e-20    4.2302265e-19              444                0
    -0.0059329658    1.1510807e-05    -0.0019791329    0.00020515198    -0.0016771747    -0.0010523606    9.1093825e-31   -1.6021766e-19    -9.156439e-20    4.2302265e-19              464                0
     0.0017480107    3.2024014e-05     0.0069139688    0.00044713335     -0.010617008     0.0036059413    9.1093825e-31   -1.6021766e-19    -9.156439e-20    4.2302265e-19             2480                1
     0.0055635246    6.7364796e-05     0.0092964852     0.0015822578    0.00010391212      0.001707531    9.1093825e-31   -1.6021766e-19    -9.156439e-20    4.2302265e-19             1322                1
    0.00042804689    2.5486823e-05    -0.0087148892    0.00046708868     0.0059113298     0.0021896653    9.1093825e-31   -1.6021766e-19    -9.156439e-20    4.2302265e-19             2528                1
     0.0019289795    6.9461552e-05     -0.012656165    -0.0051074992      0.010003981    -0.0013460977    9.1093825e-31   -1.6021766e-19    -9.156439e-20    4.2302265e-19             2462                1
     0.0084188264    3.8810227e-05    -0.0038544964   -0.00065513782   -0.00018712573    0.00088328915    9.1093825e-31   -1.6021766e-19    -9.156439e-20    4.2302265e-19              564                0
     0.0016420062    1.6895125e-05     0.0025799326   -0.00087123411     0.0058737844      0.006911675    9.1093825e-31   -1.6021766e-19    -9.156439e-20    4.2302265e-19             2594                1
    -0.0040546786    1.3191007e-05    -0.0096479617     0.0036343161    -0.0032542485     0.0017474315    9.1093825e-31   -1.6021766e-19    -9.156439e-20    4.2302265e-19             2310                1
     0.0011347173    7.6706114e-05      0.013632167    -0.0013861428    -0.0058302707    -0.0042146617    9.1093825e-31   -1.6021766e-19    -9.156439e-20    4.2302265e-19             2567                1
     0.0014509493    6.3476866e-05      0.011524773     0.0012114607     -0.007210847    0.00023803041    9.1093825e-31   -1.6021766e-19    -9.156439e-20    4.2302265e-19             2525                1
    -0.0068332041    7.2594587e-05    0.00082141196    0.00022402903    -0.0011406724   -8.8304827e-05    9.1093825e-31   -1.6021766e-19    -9.156439e-20    4.2302265e-19              664                0
     -0.007686324    1.4843691e-06     -0.014875465    0.00078580476     0.0001434091    0.00073527958    9.1093825e-31   -1.6021766e-19    -9.156439e-20    4.2302265e-19              684                0
     0.0033937315    5.5637091e-05     0.0047103381   -0.00020446761    -0.0022430893    -0.0018765342    9.1093825e-31   -1.6021766e-19    -9.156439e-20    4.2302265e-19              704                0
    -0.0027009619    7.9295409e-05     -0.014305991    -0.0014727191     0.0027187078    0.00011484205    9.1093825e-31   -1.6021766e-19    -9.156439e-20    4.2302265e-19              494                0
    -0.0065980889    8.0881044e-05     0.0094340257      0.001036007    0.00020478753     0.0016266934    9.1093825e-31   -1.6021766e-19    -9.156439e-20    4.2302265e-19              871                0
    -0.0040859533    6.9700342e-05     -0.012644211    0.00024738055     0.0037925038   -0.00032154823    9.1093825e-31   -1.6021766e-19    -9.156439e-20    4.2302265e-19             2176                1
    -0.0066580712    7.0121772e-05     -0.010908668       0.00098277    0.00037772674    0.00099901704    9.1093825e-31   -1.6021766e-19    -9.156439e-20    4.2302265e-19              125                0
    -0.0050800927     7.883666e-05      0.013378627    0.00094990956     0.0013480266    0.00043426265    9.1093825e-31   -1.6021766e-19    -9.156439e-20    4.2302265e-19              804                0
     0.0040223156    4.8450347e-06     -0.012753439    0.00036443732     0.0011117815    -0.0025110848    9.1093825e-31   -1.6021766e-19    -9.156439e-20    4.2302265e-19              266                0
    9.8550474e-05    7.4772732e-05     -0.011847995    0.00032291957     0.0021074493     0.0031146866    9.1093825e-31   -1.6021766e-19    -9.156439e-20    4.2302265e-19              483                0
     -0.003108457    1.1220881e-05    -0.0017837981   -0.00022800984     0.0035260189    -0.0068891072    9.1093825e-31   -1.6021766e-19    -9.156439e-20    4.2302265e-19             2587                1
    -0.0027536803    7.3371186e-05    -0.0089124823     0.0011485002    0.00041905939     0.0011440245    9.1093825e-31   -1.6021766e-19    -9.156439e-20    4.2302265e-19              360                0
     0.0003964128    1.6271895e-05     -0.003785592    -0.0016999332     0.0039691934    0.00034138374    9.1093825e-31   -1.6021766e-19    -9.156439e-20    4.2302265e-19             2570                1
     0.0005087037    6.4647188e-06    -0.0075511709     0.0042099082    -0.0042307717    0.00049318501    9.1093825e-31   -1.6021766e-19    -9.156439e-20    4.2302265e-19             2215                1
     0.0018781601    4.5905836e-05     -0.012501324    -0.0012577508      0.010869325     0.0024098717    9.1093825e-31   -1.6021766e-19    -9.156439e-20    4.2302265e-19             2568                1
    0.00054076151     5.020704e-05     -0.011865316    3.6717338e-05     0.0019485905    0.00023065586    9.1093825e-31   -1.6021766e-19    -9.156439e-20    4.2302265e-19              958                0
     0.0015256356    3.3805616e-05     -0.012907585   -0.00034393554      0.007253069   -0.00069486257    9.1093825e-31   -1.6021766e-19    -9.156439e-20    4.2302265e-19             2519                1
    -0.0067786137    7.9980324e-05      0.012252201    0.00033015895    0.00061264832    0.00066836452    9.1093825e-31   -1.6021766e-19    -9.156439e-20    4.2302265e-19              988                0
     0.0074822465    2.9179614e-06     0.0086839339    -0.0013737903   -0.00088717137   -0.00062322977    9.1093825e-31   -1.6021766e-19    -9.156439e-20    4.2302265e-19              867                0
     0.0013765616    3.9531777e-05    -0.0089420248    -0.0079500461     0.0069336784    -0.0015654286    9.1093825e-31   -1.6021766e-19    -9.156439e-20    4.2302265e-19             2484                1
    -0.0029896235    4.0767718e-05     -0.010407903     0.0024465856     0.0087745385    -0.0021894726    9.1093825e-31   -1.6021766e-19    -9.156439e-20    4.2302265e-19             2540                1
    -0.0015304359    9.1860747e-05     -0.011258187    0.00012938582     0.0089732222   -4.9562946e-06    9.1093825e-31   -1.6021766e-19    -9.156439e-20    4.2302265e-19             2381                1
    0.00041487781    1.1155469e-19    0.00019098235     -0.001323586     -0.010423907    -0.0025038123    9.1093825e-31   -1.6021766e-19    -9.156439e-20    4.2302265e-19             2399                1
    -0.0015860884    9.5591051e-05      0.010839603     0.0062096706    -0.0024075869     0.0071421084    9.1093825e-31   -1.6021766e-19    -9.156439e-20    4.2302265e-19             2418                1
     0.0019492646    9.7360753e-05      0.012111732    -0.0017053966     0.0050942083    -0.0012044351    9.1093825e-31   -1.6021766e-19    -9.156439e-20    4.2302265e-19             2324                1
   -0.00039600077    1.5323905e-05    0.00031161439   -6.7240086e-05     0.0085703917    1.6558262e-05    9.1093825e-31   -1.6021766e-19    -9.156439e-20    4.2302265e-19             2603                1
   -0.00093426736    4.1884672e-05    -0.0059068087    -0.0049705957      0.007074852    0.00017553603    9.1093825e-31   -1.6021766e-19    -9.156439e-20    4.2302265e-19             2511                1
    -0.0025427509    4.2642816e-05     0.0061426358     0.0013109882    -0.0023607584     0.0004059145    9.1093825e-31   -1.6021766e-19    -9.156439e-20    4.2302265e-19              485                0
     0.0021177283    9.4882736e-05     -0.014741305   -2.4130042e-05    -0.0026385325     0.0078171892    9.1093825e-31   -1.6021766e-19    -9.156439e-20    4.2302265e-19             2605                1
     0.0033514954    5.9047314e-05    -0.0009433548   -0.00028876224   -0.00059963879    0.00026922644    9.1093825e-31   -1.6021766e-19    -9.156439e-20    4.2302265e-19             2276                1
     0.0014001038    3.9979819e-05      0.011409704      0.001476092    -0.0067100464    -0.0031657247    9.1093825e-31   -1.6021766e-19    -9.156439e-20    4.2302265e-19             2423                1
    -0.0029041173      2.11762e-05     -0.010492904    0.00049549149     0.0068980465     0.0033260311    9.1093825e-31   -1.6021766e-19    -9.156439e-20    4.2302265e-19             2582                1
     0.0022572963    4.3347802e-05    -0.0091951899    -0.0015712956     0.0061097201    0.00054635893    9.1093825e-31   -1.6021766e-19    -9.156439e-20    4.2302265e-19             2437                1
    -0.0067908959    6.3479296e-05     0.0025985716    -0.0017741843    -0.0055679851    -0.0018366574    9.1093825e-31   -1.6021766e-19    -9.156439e-20    4.2302265e-19             2501                1
     0.0016331205     6.086694e-05     -0.012979862      -0.00101447     0.0088603785    0.00062582199    9.1093825e-31   -1.6021766e-19    -9.156439e-20    4.2302265e-19             2442                1
    -0.0016884963    2.3641149e-05     -0.011190536     -0.001862007     0.0061181211    -0.0057283058    9.1093825e-31   -1.6021766e-19    -9.156439e-20    4.2302265e-19             2541                1
     0.0010938124    3.3568052e-05    -0.0065107229     0.0015860762     0.0061401124     0.0030752919    9.1093825e-31   -1.6021766e-19    -9.156439e-20    4.2302265e-19             2512                1
     0.0011751563    6.4956424e-05      0.011430962   -7.3715666e-05    -0.0078025572   -4.1011299e-06    9.1093825e-31   -1.6021766e-19    -9.156439e-20    4.2302265e-19             2545                1
    -0.0016072185    5.7087927e-05     -0.012455938    -0.0015059182     0.0095660565     0.0049250335    9.1093825e-31   -1.6021766e-19    -9.156439e-20    4.2302265e-19             2485                1
   -0.00051886053    4.9487855e-05    -0.0082371337     0.0020163995     0.0085585946   -0.00087493833    9.1093825e-31   -1.6021766e-19    -9.156439e-20    4.2302265e-19             2505                1
     -0.002936163     4.200382e-05     -0.014490567   -1.7341936e-05     0.0022971723    -0.0013808212    9.1093825e-31   -1.6021766e-19    -9.156439e-20    4.2302265e-19              422                0
    -0.0037667835    6.2867912e-05       0.01159545     0.0036192928    -0.0060713692     0.0019201024    9.1093825e-31   -1.6021766e-19    -9.156439e-20    4.2302265e-19             2489                1
     0.0016141282    7.2382725e-05      0.010494098     0.0021305142     0.0030757836    -0.0064905114    9.1093825e-31   -1.6021766e-19    -9.156439e-20    4.2302265e-19             2412                1
    0.00037106659    2.4012637e-05    -0.0088589555   -0.00070803094     0.0072732824    0.00016059683    9.1093825e-31   -1.6021766e-19    -9.156439e-20    4.2302265e-19             2579                1
     -0.004317123    8.2073508e-05      0.010358636    -0.0028814231    0.00019405426     0.0010071939    9.1093825e-31   -1.6021766e-19    -9.156439e-20    4.2302265e-19              687                0
     0.0012186498    7.5268224e-05      0.011377642    9.6552409e-05    -0.0060983454     0.0016383593    9.1093825e-31   -1.6021766e-19    -9.156439e-20    4.2302265e-19             2552                1
   -3.3031654e-05    6.9821297e-05      0.013860175     -0.006597992    -0.0051148068      0.002394354    9.1093825e-31   -1.6021766e-19    -9.156439e-20    4.2302265e-19             2504                1
    -0.0012472579    9.6481497e-05     -0.014251795     0.0033620256    0.00085730664   -0.00097099127    9.1093825e-31   -1.6021766e-19    -9.156439e-20    4.2302265e-19             2573                1
     0.0053608832    5.3694443e-05     0.0032937282    0.00022805581    -0.0022111537   -0.00070378807    9.1093825e-31   -1.6021766e-19    -9.156439e-20    4.2302265e-19              581                0
   -0.00050879421    8.1288395e-05    -0.0024985806    -0.0020802408    -0.0025586395     -0.001968273    9.1093825e-31   -1.6021766e-19    -9.156439e-20    4.2302265e-19             2509                1
     0.0011856507    5.4931708e-05      0.011405807     0.0017227445    -0.0095273806      -0.00430866    9.1093825e-31   -1.6021766e-19    -9.156439e-20    4.2302265e-19             2546                1
     0.0013924354    6.6047607e-05     0.0016536419   -9.6584197e-05    -0.0031713485    -0.0016332406    9.1093825e-31   -1.6021766e-19    -9.156439e-20    4.2302265e-19              641                0
    0.00063726975    8.3544059e-05     0.0096755121    -0.0045009996    -0.0043879068    -0.0057236678    9.1093825e-31   -1.6021766e-19    -9.156439e-20    4.2302265e-19             2453                1
     0.0018344893    9.8396864e-05      0.011965024   -0.00059886376    -0.0033843946     0.0019684879    9.1093825e-31   -1.6021766e-19    -9.156439e-20    4.2302265e-19             2622                1
     0.0033863995    6.5750952e-05      0.012629968     0.0011973237    -0.0040375912    0.00085629488    9.1093825e-31   -1.6021766e-19    -9.156439e-20    4.2302265e-19             2435                1
    -0.0069832648    1.2696063e-06     -0.014229228    -0.0018138188    0.00059046177    -0.0001449963    9.1093825e-31   -1.6021766e-19    -9.156439e-20    4.2302265e-19              394                0
    -0.0025250223    5.4267589e-06    0.00066142628      0.002877685     0.0012308912     0.0049588517    9.1093825e-31   -1.6021766e-19    -9.156439e-20    4.2302265e-19             2585                1
     0.0011755246    6.6561479e-05      0.013650791    0.00042291131    -0.0054740831    -0.0012741758    9.1093825e-31   -1.6021766e-19    -9.156439e-20    4.2302265e-19             2500                1
    0.00037909904    7.3663126e-05    -0.0087610753     0.0013231274     0.0097429128   -0.00036316903    9.1093825e-31   -1.6021766e-19    -9.156439e-20    4.2302265e-19             2466                1
    -0.0035402239    3.2450534e-05     -0.001276103      -0.00264432     0.0078468146     0.0010912679    9.1093825e-31   -1.6021766e-19    -9.156439e-20    4.2302265e-19             2580                1
     0.0093923733    5.8525548e-05     -0.004203998    0.00047075475    -0.0004972099     0.0016114719    9.1093825e-31   -1.6021766e-19    -9.156439e-20    4.2302265e-19              821                0
     0.0030274112    1.9359611e-06    -0.0044234213    -0.0021958074     0.0065699602    0.00059226324    9.1093825e-31   -1.6021766e-19    -9.156439e-20    4.2302265e-19             2626                1
     0.0013699275    8.7093695e-06     -0.003346649   -0.00036270326     0.0037171077   -0.00055826991    9.1093825e-31   -1.6021766e-19    -9.156439e-20    4.2302265e-19             2593                1
     0.0013933765    6.4669599e-05      0.011382607     0.0059843794    -0.0053821616     0.0032043173    9.1093825e-31   -1.6021766e-19    -9.156439e-20    4.2302265e-19             2451                1
     0.0032179297    7.8056764e-05       0.01405937    -0.0050139776    -0.0076535163     0.0028992016    9.1093825e-31   -1.6021766e-19    -9.156439e-20    4.2302265e-19             2589                1
     0.0010728936    4.0284765e-05     0.0059142252    0.00019613148    -0.0089986175    -0.0058537475    9.1093825e-31   -1.6021766e-19    -9.156439e-20    4.2302265e-19             2446                1
   -0.00050119287    8.3381368e-05     0.0094675487   -0.00034206687    -0.0058388272    -0.0005927317    9.1093825e-31   -1.6021766e-19    -9.156439e-20    4.2302265e-19             2581                1
    -0.0016031924    9.6038508e-05     -0.012490142    -0.0010383356       0.01409536    0.00096307677    9.1093825e-31   -1.6021766e-19    -9.156439e-20    4.2302265e-19             2486                1
     6.597193e-05    1.1883281e-05    -0.0013333692    -0.0021623124     0.0016310514    -0.0026948794    9.1093825e-31   -1.6021766e-19    -9.156439e-20    4.2302265e-19             2537                1
     -0.002707043    2.4646068e-05     0.0069529372     0.0020242026     -0.010116933     -0.004354246    9.1093825e-31   -1.6021766e-19    -9.156439e-20    4.2302265e-19             2450                1
     0.0075420747    9.9302153e-05     -0.014047245   -4.9572227e-05    -0.0023321577    -2.725197e-05    9.1093825e-31   -1.6021766e-19    -9.156439e-20    4.2302265e-19             2627                1
    -0.0083696889    7.3452975e-06      0.008496142     0.0007257323   -0.00035454318   -0.00013108614    9.1093825e-31   -1.6021766e-19    -9.156439e-20    4.2302265e-19               58                0
     0.0090669254    7.0785303e-05     -0.012688642     0.0013645561     0.0022163549    -0.0021546325    9.1093825e-31   -1.6021766e-19    -9.156439e-20    4.2302265e-19             2078                1
    -0.0013938304    4.9926988e-05     -0.011207113    -5.379193e-05      0.010909606     0.0047946675    9.1093825e-31   -1.6021766e-19    -9.156439e-20    4.2302265e-19             2558                1
     0.0040938598    4.9109211e-05     0.0010917668     -0.001553091    -0.0030269744    -0.0015074173    9.1093825e-31   -1.6021766e-19    -9.156439e-20    4.2302265e-19              118                0
     0.0040481165    3.2424363e-05    -0.0069491803     0.0012676574     0.0065684947      0.003301607    9.1093825e-31   -1.6021766e-19    -9.156439e-20    4.2302265e-19             2538                1
    -0.0094259297    3.1257896e-05    -0.0036327741    0.00052210811   -0.00010058446     0.0004281213    9.1093825e-31   -1.6021766e-19    -9.156439e-20    4.2302265e-19              158                0
    0.00098890264    1.6382681e-05      0.007823905     0.0040605343    -0.0096967947     0.0026009493    9.1093825e-31   -1.6021766e-19    -9.156439e-20    4.2302265e-19             2417                1
   -0.00060702505    2.2412769e-05    -0.0025975795     0.0056648455     -0.006356182     0.0061977678    9.1093825e-31   -1.6021766e-19    -9.156439e-20    4.2302265e-19             2252                1
    0.00042421231    4.1270654e-05    -0.0037988992     0.0039158729     0.0090236422    -0.0023445862    9.1093825e-31   -1.6021766e-19    -9.156439e-20    4.2302265e-19             2571                1
    -0.0008799886    3.4569734e-06     -0.005957948   -0.00060500402     -0.005882463    -0.0011652103    9.1093825e-31   -1.6021766e-19    -9.156439e-20    4.2302265e-19             2288                1
     0.0068744356    5.6293022e-05     -0.013552492   -0.00046835127     0.0013192319    0.00094228069    9.1093825e-31   -1.6021766e-19    -9.156439e-20    4.2302265e-19              213                0
     -0.002420357    2.6775397e-06    -0.0021973553   -0.00071227021     0.0045874929    -0.0018960421    9.1093825e-31   -1.6021766e-19    -9.156439e-20    4.2302265e-19             2620                1
    -0.0060798242    2.4680903e-05    -0.0030506076   -0.00061430159    -0.0059030447    0.00020463554    9.1093825e-31   -1.6021766e-19    -9.156439e-20    4.2302265e-19             2376                1
     -0.003974101    5.4502008e-05      0.011628457    0.00085848197    -0.0078872638     0.0014014656    9.1093825e-31   -1.6021766e-19    -9.156439e-20    4.2302265e-19             2514                1
    -0.0092042247    9.5322757e-05      -0.00433602    -0.0027760931    0.00011616202    0.00050312193    9.1093825e-31   -1.6021766e-19    -9.156439e-20    4.2302265e-19              723                0
     0.0034250971    5.7750309e-05     0.0090789385      0.002901308     -0.007073998    -0.0027337938    9.1093825e-31   -1.6021766e-19    -9.156439e-20    4.2302265e-19             2477                1
     0.0024537947    4.9198661e-05    -0.0093159759     0.0013636943      0.010951023    -0.0010464496    9.1093825e-31   -1.6021766e-19    -9.156439e-20    4.2302265e-19             2564                1
    -0.0032741521    8.4628982e-06     0.0061430116   -0.00010089479     -0.011805602   -0.00083204068    9.1093825e-31   -1.6021766e-19    -9.156439e-20    4.2302265e-19             2460                1
     0.0008901477    6.4956461e-05     0.0026626508    -0.0011269058    -0.0065695099    -0.0010734672    9.1093825e-31   -1.6021766e-19    -9.156439e-20    4.2302265e-19             2497                1
      0.005854812    8.4523781e-05     0.0030136066   -0.00042852381      0.001471332    0.00012914863    9.1093825e-31   -1.6021766e-19    -9.156439e-20    4.2302265e-19             2271                1
     0.0018311501    5.6823487e-06    -0.0019509431    -0.0047245203     0.0037737747    -0.0024976076    9.1093825e-31   -1.6021766e-19    -9.156439e-20    4.2302265e-19             2606                1
    -0.0089110276    2.6767696e-06      0.013747509     0.0013360115   -5.2739324e-07   -0.00050245138    9.1093825e-31   -1.6021766e-19    -9.156439e-20    4.2302265e-19              503                0
     0.0014175142    6.8442991e-05      0.011527311     -0.003613106    -0.0064947186    0.00060320465    9.1093825e-31   -1.6021766e-19    -9.156439e-20    4.2302265e-19             2524                1
    -0.0088770138    9.2146285e-05    -0.0012706089    0.00077272387    0.00018314314    -0.0017877434    9.1093825e-31   -1.6021766e-19    -9.156439e-20    4.2302265e-19              518                0
     0.0025880972    6.2579318e-05      0.012282589     0.0077036773    -0.0077421139   -4.9335638e-05    9.1093825e-31   -1.6021766e-19    -9.156439e-20    4.2302265e-19             2539                1
     0.0032790939    8.3600877e-05      0.007936758   -0.00072904764    -0.0010840505    -0.0005429663    9.1093825e-31   -1.6021766e-19    -9.156439e-20    4.2302265e-19              903                0
     -0.008488398    4.5464611e-05      0.010164317    0.00099448278    0.00016950899    0.00071630423    9.1093825e-31   -1.6021766e-19    -9.156439e-20    4.2302265e-19              578                0
   -0.00087327365    3.8775132e-05    -0.0085130678    0.00080255792     0.0089295655   -0.00024614003    9.1093825e-31   -1.6021766e-19    -9.156439e-20    4.2302265e-19             2562                1
     0.0082613081     3.654891e-05     0.0096073328     0.0017347626   -5.2079009e-05    0.00014747148    9.1093825e-31   -1.6021766e-19    -9.156439e-20    4.2302265e-19              618                0
    -0.0013152838    4.6643359e-05     -0.014202537     0.0031004581      0.007720592    0.00027880765    9.1093825e-31   -1.6021766e-19    -9.156439e-20    4.2302265e-19             2440                1
    4.9612499e-06    6.6800271e-06       0.00367772    -0.0033577546     0.0031512799    -0.0071963458    9.1093825e-31   -1.6021766e-19    -9.156439e-20    4.2302265e-19             2602                1
   -2.6254569e-05    9.3336012e-06     0.0042894809   -0.00013909391     -0.011034204   -4.3236987e-06    9.1093825e-31   -1.6021766e-19    -9.156439e-20    4.2302265e-19             2421                1
     0.0018111775    6.1830564e-05      0.012187682    0.00033987223    -0.0067896047     0.0020965191    9.1093825e-31   -1.6021766e-19    -9.156439e-20    4.2302265e-19             2508                1
    -0.0030381547    3.2836953e-05     -0.010352849      0.001163552     0.0057173483    -0.0011698673    9.1093825e-31   -1.6021766e-19    -9.156439e-20    4.2302265e-19             2452                1
    -0.0021459467     1.653445e-05     0.0062588728    -0.0028564672     -0.011248924    -0.0012831117    9.1093825e-31   -1.6021766e-19    -9.156439e-20    4.2302265e-19             2455                1
     0.0010858278    5.8423677e-05    -0.0064908266    0.00049526931     0.0095260534     0.0057950467    9.1093825e-31   -1.6021766e-19    -9.156439e-20    4.2302265e-19             2513                1
   -6.3296946e-05     2.306412e-05      0.013800289    -0.0018058418    -0.0078618675    -0.0023582398    9.1093825e-31   -1.6021766e-19    -9.156439e-20    4.2302265e-19             2447                1
   -0.00067730795     6.752777e-05     0.0068475395    -0.0015682831    -0.0086719142    0.00048057764    9.1093825e-31   -1.6021766e-19    -9.156439e-20    4.2302265e-19             2575                1
     0.0014780444    1.8708777e-05    -0.0051300782    -0.0003090229     0.0066855312    0.00021668717    9.1093825e-31   -1.6021766e-19    -9.156439e-20    4.2302265e-19             2590                1
    -0.0066793142    3.5177174e-05     0.0050878879   -0.00045369909    -0.0013473044     0.0010693739    9.1093825e-31   -1.6021766e-19    -9.156439e-20    4.2302265e-19              573                0
     0.0066239033    8.4518215e-05     -0.011498656   -0.00013487093     0.0011585078    0.00042354135    9.1093825e-31   -1.6021766e-19    -9.156439e-20    4.2302265e-19              274                0
   -0.00097240019     3.734338e-05     0.0059018144     0.0033948123     -0.010516895    -0.0068086428    9.1093825e-31   -1.6021766e-19    -9.156439e-20    4.2302265e-19             2496                1
    -0.0010629781    2.1902745e-06     0.0060858754   -2.4869143e-05     -0.010276718    4.3595202e-05    9.1093825e-31   -1.6021766e-19    -9.156439e-20    4.2302265e-19             2384                1
     0.0010917785    6.3973303e-06     0.0058723497     0.0023950441     -0.011055506    -0.0076301578    9.1093825e-31   -1.6021766e-19    -9.156439e-20    4.2302265e-19             2420                1
    -0.0059519117        9.465e-05    -0.0026462306     0.0063794404     0.0017139907    0.00063417311    9.1093825e-31   -1.6021766e-19    -9.156439e-20    4.2302265e-19             2177                1
     0.0051909159    5.5786444e-05    0.00018424784      0.002183791    -0.0071209683     0.0013159679    9.1093825e-31   -1.6021766e-19    -9.156439e-20    4.2302265e-19             2526                1
      0.001550009    3.2588883e-05      0.002465596    -0.0014208207    -0.0086259851     -0.001415537    9.1093825e-31   -1.6021766e-19    -9.156439e-20    4.2302265e-19             2404                1
    -0.0063224831    3.4384746e-05     0.0053606983   -0.00083697453    -0.0014252231    -0.0027877102    9.1093825e-31   -1.6021766e-19    -9.156439e-20    4.2302265e-19              985                0
    -0.0014489878    4.6433317e-05     -0.008451459   -0.00011549905     0.0077500911   -0.00017521527    9.1093825e-31   -1.6021766e-19    -9.156439e-20    4.2302265e-19             2491                1
     0.0076332535    6.9790512e-05    0.00069288426   -0.00055282883    -0.0011168123     0.0012069839    9.1093825e-31   -1.6021766e-19    -9.156439e-20    4.2302265e-19              614                0
    0.00016139013    2.7909175e-05    -0.0010835549   -0.00071619154    -0.0083225239   -0.00044432457    9.1093825e-31   -1.6021766e-19    -9.156439e-20    4.2302265e-19             2448                1
   -0.00071674044     4.378668e-05    -0.0083826333     0.0034864817     0.0013270895    0.00039533118    9.1093825e-31   -1.6021766e-19    -9.156439e-20    4.2302265e-19             2204                1
    9.1497503e-05    2.9507979e-05     -0.013342038   -7.8789832e-05     0.0020620294    0.00029300601    9.1093825e-31   -1.6021766e-19    -9.156439e-20    4.2302265e-19               79                0
     0.0047310302    9.5546362e-05    -0.0035779702    -0.0022747966     0.0024891067    0.00086698774    9.1093825e-31   -1.6021766e-19    -9.156439e-20    4.2302265e-19             2289                1
     0.0010168819    3.2797692e-05    -0.0092697898    -0.0050953235     0.0051448727     0.0015949722    9.1093825e-31   -1.6021766e-19    -9.156439e-20    4.2302265e-19             2426                1
     0.0081726378    3.6358218e-05     -0.013359957   -0.00014913111     0.0014875454    0.00082632113    9.1093825e-31   -1.6021766e-19    -9.156439e-20    4.2302265e-19             1982                1
     0.0010355443    2.1801217e-05     0.0060138241    -0.0043686847    -0.0093043679    -0.0009299253    9.1093825e-31   -1.6021766e-19    -9.156439e-20    4.2302265e-19             2394                1
     0.0032634363    8.5873289e-05      0.012707404    -0.0028391988    -0.0034100423     0.0048338692    9.1093825e-31   -1.6021766e-19    -9.156439e-20    4.2302265e-19             2515                1
     0.0011624126    4.6794405e-05    -0.0095855603     7.730037e-05     0.0089758523   -0.00043508157    9.1093825e-31   -1.6021766e-19    -9.156439e-20    4.2302265e-19             2520                1
   -0.00093799247    6.2145249e-05    -0.0084649483     0.0045636389      0.010948934     0.0019775475    9.1093825e-31   -1.6021766e-19    -9.156439e-20    4.2302265e-19             2521                1
    -0.0012636089    6.2922503e-05       -0.0124817    -0.0018437087       0.01199741     0.0010134238    9.1093825e-31   -1.6021766e-19    -9.156439e-20    4.2302265e-19             2529                1
     0.0010034856    4.7623482e-05    -0.0095440103     0.0051325406      0.010190628     -0.001410555    9.1093825e-31   -1.6021766e-19    -9.156439e-20    4.2302265e-19             2542                1
    -0.0028871608    4.9880324e-05    -0.0057380237    -0.0050380896       0.00981953   -0.00050101866    9.1093825e-31   -1.6021766e-19    -9.156439e-20    4.2302265e-19             2547                1
    -0.0028626872    3.2114858e-05    -0.0057062842   -0.00077740173     0.0067153461     0.0050243656    9.1093825e-31   -1.6021766e-19    -9.156439e-20    4.2302265e-19             2548                1
     0.0018402772    8.7677836e-05      0.010470862    -0.0034758083    -0.0040323585    0.00080634747    9.1093825e-31   -1.6021766e-19    -9.156439e-20    4.2302265e-19             2553                1
    0.00027697426    7.9204561e-05      0.012437524    -0.0010801243    -0.0052797184    -0.0017518285    9.1093825e-31   -1.6021766e-19    -9.156439e-20    4.2302265e-19             2554                1
     0.0018529252    2.3354748e-06      0.010551042    -0.0090533644     0.0020209816    -0.0032302125    9.1093825e-31   -1.6021766e-19    -9.156439e-20    4.2302265e-19             2610                1
   -7.0203554e-05    7.1529516e-06     0.0037339383     0.0038007793     0.0078692418     0.0013190066    9.1093825e-31   -1.6021766e-19    -9.156439e-20    4.2302265e-19             2613                1
    -0.0032845167    4.4830168e-07     0.0062190206     0.0031344022     0.0022384417     0.0087744584    9.1093825e-31   -1.6021766e-19    -9.156439e-20    4.2302265e-19             2628                1
    -0.0035226459    9.9014709e-05     -0.010000715     -0.000651346    -0.0049436796    -0.0010094806    9.1093825e-31   -1.6021766e-19    -9.156439e-20    4.2302265e-19             2629                1
    -0.0034012021    4.0169874e-07     0.0061865202     -0.004882108     0.0020033419     0.0011211493    9.1093825e-31   -1.6021766e-19    -9.156439e-20    4.2302265e-19             2630                1
     0.0055009597    9.9637073e-05      0.010673679    3.1910538e-05    -0.0036659145    1.4163823e-05    9.1093825e-31   -1.6021766e-19    -9.156439e-20    4.2302265e-19             2632                1
