%  ASCII export : 
%
%  Momentum is normalized to the product of particle's mass and speed of light.
%  All other quantities are in SI units.
%
%            posX             posY             posZ             momX             momY             momZ             mass           charge     macro-charge             time       particleID         sourceID

     0.0004340295    3.6629084e-05      0.012835067   -0.00097960129    -0.0067046764    -0.0035408423    9.1093825e-31   -1.6021766e-19    -9.156439e-20    2.7739192e-19             1811                1
     0.0035476394    9.9077683e-05     -0.013930109     0.0014800583   -0.00017013613   -0.00017609564    9.1093825e-31   -1.6021766e-19    -9.156439e-20    2.7739192e-19                3                0
    -0.0089846905    2.5867963e-05    -0.0088693658       0.00154055    -0.0006083693   -0.00056523265    9.1093825e-31   -1.6021766e-19    -9.156439e-20    2.7739192e-19                5                0
    -0.0025946768    3.2884698e-05    8.6040804e-05   -0.00028189723     0.0023231644   -0.00056194991    9.1093825e-31   -1.6021766e-19    -9.156439e-20    2.7739192e-19              348                0
    -0.0092869764    4.0023831e-05    -0.0044695055     0.0020750903   -0.00036321356    0.00085976499    9.1093825e-31   -1.6021766e-19    -9.156439e-20    2.7739192e-19             1002                1
      0.002225304    6.2418162e-06      0.013336319    4.6208759e-05     0.0012984768     0.0010424878    9.1093825e-31   -1.6021766e-19    -9.156439e-20    2.7739192e-19             1901                1
    -0.0063340971    1.6511178e-05      0.004002783    6.6403627e-05    0.00040339751    2.9226083e-05    9.1093825e-31   -1.6021766e-19    -9.156439e-20    2.7739192e-19              997                0
   -0.00067052443    7.0587492e-05      -0.01214157    0.00043184578    0.00018324505    -0.0011852152    9.1093825e-31   -1.6021766e-19    -9.156439e-20    2.7739192e-19               55                0
     0.0063673025    1.3177132e-05      0.014278721   -0.00055900106    -0.0018094827    0.00091727194    9.1093825e-31   -1.6021766e-19    -9.156439e-20    2.7739192e-19              171                0
     0.0031209886    4.2625037e-05      0.014198693    -1.600932e-05     0.0042651081      0.002278612    9.1093825e-31   -1.6021766e-19    -9.156439e-20    2.7739192e-19             1840                1
     0.0044465424    2.7746286e-05      0.005277439    -0.0005781182    0.00042633561    -0.0003850192    9.1093825e-31   -1.6021766e-19    -9.156439e-20    2.7739192e-19              154                0
     0.0065281959    7.5388874e-05     -0.013390574     0.0014129153   -4.9067537e-05     0.0013945011    9.1093825e-31   -1.6021766e-19    -9.156439e-20    2.7739192e-19              488                0
    -0.0010746066    7.9142177e-05     0.0056704087     0.0025298547       0.01049375    -0.0023788151    9.1093825e-31   -1.6021766e-19    -9.156439e-20    2.7739192e-19             1816                1
    0.00038910005    6.5019543e-05    -0.0087902145    -0.0014849581    -0.0051754797   -0.00075102306    9.1093825e-31   -1.6021766e-19    -9.156439e-20    2.7739192e-19             1845                1
    -0.0016253773    2.4024377e-05      0.010668686    -0.0038626199     0.0087916525   -0.00028861297    9.1093825e-31   -1.6021766e-19    -9.156439e-20    2.7739192e-19             1934                1
    -0.0014780832    9.3154231e-05     -0.006695461   -0.00046881087    -0.0041216165    0.00026601582    9.1093825e-31   -1.6021766e-19    -9.156439e-20    2.7739192e-19             1954                1
     0.0079089925    9.2045411e-05     0.0076927389    0.00046801867    0.00060487381    -0.0015609273    9.1093825e-31   -1.6021766e-19    -9.156439e-20    2.7739192e-19              235                0
     0.0080360388    1.6388096e-05     0.0086004967    -0.0021764634    -0.0006680899   -0.00020137854    9.1093825e-31   -1.6021766e-19    -9.156439e-20    2.7739192e-19              961                0
     0.0086896047    2.0911697e-05    0.00016892441     0.0020821604    0.00012751037    0.00017313971    9.1093825e-31   -1.6021766e-19    -9.156439e-20    2.7739192e-19              386                0
    0.00010106552    8.4409607e-05    -0.0012426024   -0.00097875739    -0.0090020867    -0.0034910194    9.1093825e-31   -1.6021766e-19    -9.156439e-20    2.7739192e-19             1957                1
    -0.0051886798    1.5780117e-05     -0.014041016    -0.0021283764    -0.0012231075    -0.0013931299    9.1093825e-31   -1.6021766e-19    -9.156439e-20    2.7739192e-19              293                0
    -0.0039390116    9.9869285e-05     -0.013194548   -0.00038585864    0.00069716602    -0.0020547481    9.1093825e-31   -1.6021766e-19    -9.156439e-20    2.7739192e-19              645                0
    -0.0052580163    6.0126618e-05      0.008959543     0.0014859613    -0.0010412284   -0.00043899394    9.1093825e-31   -1.6021766e-19    -9.156439e-20    2.7739192e-19              355                0
     0.0076855966    4.6940793e-05     -0.011907431   -0.00083437137   -0.00013582165    0.00070907647    9.1093825e-31   -1.6021766e-19    -9.156439e-20    2.7739192e-19              451                0
    -0.0067390716    6.7164679e-06      0.011536067     0.0022786926    -0.0012655833    -0.0018208595    9.1093825e-31   -1.6021766e-19    -9.156439e-20    2.7739192e-19              716                0
    -0.0064183408    3.5951409e-05    -0.0020455404   -0.00011185969     0.0015895524    0.00093396974    9.1093825e-31   -1.6021766e-19    -9.156439e-20    2.7739192e-19               32                0
     0.0033447568    1.8467572e-05      0.012735731    -0.0038613321    -0.0075302487    0.00015875796    9.1093825e-31   -1.6021766e-19    -9.156439e-20    2.7739192e-19             1799                1
     0.0082917605    3.1366071e-05    0.00064873311    -0.0016631117    0.00045665429     -0.000621785    9.1093825e-31   -1.6021766e-19    -9.156439e-20    2.7739192e-19              455                0
      0.005873112    1.0768205e-05     0.0030106325   -0.00040565728    0.00045971101   -6.0722123e-06    9.1093825e-31   -1.6021766e-19    -9.156439e-20    2.7739192e-19              475                0
    -0.0043244399    7.7177545e-05     -0.012282484     -0.004384506      -0.00431138     -0.006809596    9.1093825e-31   -1.6021766e-19    -9.156439e-20    2.7739192e-19             1836                1
    -0.0039898469    1.8948624e-05     0.0052013611     0.0029370426     0.0052018124    -0.0011257117    9.1093825e-31   -1.6021766e-19    -9.156439e-20    2.7739192e-19             1908                1
     0.0051587489    2.3043938e-05    -0.0021394226    0.00082750333     0.0014731624     0.0019321727    9.1093825e-31   -1.6021766e-19    -9.156439e-20    2.7739192e-19              535                0
    -0.0043044435    3.7146769e-05    -0.0073339357     -0.003148891    -0.0071816007     0.0015925519    9.1093825e-31   -1.6021766e-19    -9.156439e-20    2.7739192e-19             1832                1
    -0.0049937405    9.1426504e-05     -0.010752716    -0.0047534741     0.0049595954     0.0012096436    9.1093825e-31   -1.6021766e-19    -9.156439e-20    2.7739192e-19             1690                1
     0.0017383028    1.3073545e-05     0.0068979836   -0.00062521687      0.005063762    -0.0025253252    9.1093825e-31   -1.6021766e-19    -9.156439e-20    2.7739192e-19             1928                1
    -0.0055051977    7.4026307e-06     0.0063402285     0.0014717545   -3.5749763e-05     0.0014960896    9.1093825e-31   -1.6021766e-19    -9.156439e-20    2.7739192e-19              902                0
     0.0033078031    4.3782951e-05    -0.0076089823    0.00069952582     -0.010492557    0.00011688949    9.1093825e-31   -1.6021766e-19    -9.156439e-20    2.7739192e-19             1897                1
    2.2046745e-05    9.9414836e-05    -0.0011658691    -0.0059263692      0.011078947     0.0028446512    9.1093825e-31   -1.6021766e-19    -9.156439e-20    2.7739192e-19             1787                1
     0.0040727397    9.5321178e-05    -0.0069621829    -0.0033064499    -0.0060236808   -0.00084453402    9.1093825e-31   -1.6021766e-19    -9.156439e-20    2.7739192e-19             1965                1
    -0.0066937767    2.2681797e-05     0.0039557214     0.0030943481    0.00053354434    -0.0015922718    9.1093825e-31   -1.6021766e-19    -9.156439e-20    2.7739192e-19              695                0
      0.007008059    2.2545124e-05     0.0080809798    0.00093038153     0.0017604464   -0.00055445108    9.1093825e-31   -1.6021766e-19    -9.156439e-20    2.7739192e-19             1763                1
     0.0050571538    8.9075555e-05     0.0071953395   -0.00021893656    0.00071796449     0.0036259308    9.1093825e-31   -1.6021766e-19    -9.156439e-20    2.7739192e-19              847                0
     0.0065316483    4.9622566e-05    -0.0076355189     0.0022375807     0.0016709631     0.0016492453    9.1093825e-31   -1.6021766e-19    -9.156439e-20    2.7739192e-19                4                0
     0.0040391488    6.5745648e-05     -0.011755206     0.0032321385    -0.0055241589    -0.0038762093    9.1093825e-31   -1.6021766e-19    -9.156439e-20    2.7739192e-19             1833                1
     -0.004450711     5.789613e-05      0.012076718      9.98619e-05   -0.00089808583   -0.00014741129    9.1093825e-31   -1.6021766e-19    -9.156439e-20    2.7739192e-19             1316                1
    -0.0061339475    3.1597447e-05     -0.012010574    1.0477865e-05   -6.8091904e-05    -0.0013674499    9.1093825e-31   -1.6021766e-19    -9.156439e-20    2.7739192e-19              385                0
    -0.0024494473    8.2287683e-05    -0.0021669308   -0.00098209956    -0.0036019485    -0.0031366132    9.1093825e-31   -1.6021766e-19    -9.156439e-20    2.7739192e-19             1918                1
    -0.0013458831    6.9691581e-05    -0.0080605559     0.0013327992    -0.0040289122     0.0065911133    9.1093825e-31   -1.6021766e-19    -9.156439e-20    2.7739192e-19             1838                1
    -0.0011855259    9.6514941e-06     0.0046453266     0.0014554077    0.00044149064     0.0014627746    9.1093825e-31   -1.6021766e-19    -9.156439e-20    2.7739192e-19              968                0
    -0.0051146899     6.682019e-05     0.0061007421    -0.0010708728    0.00054664578     0.0012483652    9.1093825e-31   -1.6021766e-19    -9.156439e-20    2.7739192e-19              895                0
   -1.7562548e-05    9.8006763e-05     0.0043706247    0.00088717986      0.011519441   -0.00091814733    9.1093825e-31   -1.6021766e-19    -9.156439e-20    2.7739192e-19             1804                1
     0.0061425869    1.9419682e-05     0.0048189647    -0.0011161118    0.00056307344    0.00066343579    9.1093825e-31   -1.6021766e-19    -9.156439e-20    2.7739192e-19              751                0
     0.0075088846    1.4509995e-05    -0.0091294684   -0.00070719532    0.00028751206      0.000331594    9.1093825e-31   -1.6021766e-19    -9.156439e-20    2.7739192e-19               10                0
     0.0014932649    9.7761229e-05    -0.0051244656     0.0022835997    -0.0056874054    0.00098159874    9.1093825e-31   -1.6021766e-19    -9.156439e-20    2.7739192e-19             1967                1
     0.0032927927    1.6574013e-05     0.0092459843    0.00013617983      0.006195284    -3.658592e-05    9.1093825e-31   -1.6021766e-19    -9.156439e-20    2.7739192e-19             1932                1
    -0.0073585222    7.4818752e-05    -0.0070149894    -0.0011579678    0.00085287774    -0.0026720602    9.1093825e-31   -1.6021766e-19    -9.156439e-20    2.7739192e-19              532                0
     0.0016462777    3.0123665e-05     0.0036558886   -0.00081116741     0.0067003118     0.0013171468    9.1093825e-31   -1.6021766e-19    -9.156439e-20    2.7739192e-19             1854                1
   -0.00073420175    8.2868391e-05    -0.0027364877     0.0010260951    -0.0064125024    0.00063670182    9.1093825e-31   -1.6021766e-19    -9.156439e-20    2.7739192e-19             1943                1
    -0.0028792736    7.7682722e-05    -0.0069661355     0.0013817305    -0.0035618369    -0.0019056238    9.1093825e-31   -1.6021766e-19    -9.156439e-20    2.7739192e-19             1864                1
     0.0015020593    6.9265916e-05    -0.0051377839     0.0030279446    -0.0092215789    -0.0041956487    9.1093825e-31   -1.6021766e-19    -9.156439e-20    2.7739192e-19             1929                1
    -0.0026241245    6.5701752e-05     -0.013952541    -0.0014184869    -0.0068212333     -0.001295832    9.1093825e-31   -1.6021766e-19    -9.156439e-20    2.7739192e-19             1850                1
   -0.00095069758    2.1982862e-05     0.0057835761     0.0081189908     0.0055531464   -0.00031005047    9.1093825e-31   -1.6021766e-19    -9.156439e-20    2.7739192e-19             1866                1
     0.0019116018    4.5196796e-08      0.012030696     0.0028124382    -0.0075081754   -0.00050454697    9.1093825e-31   -1.6021766e-19    -9.156439e-20    2.7739192e-19             1692                1
      0.003584556    8.2974831e-05     0.0012120416    0.00091302668      0.003081654   -0.00025394489    9.1093825e-31   -1.6021766e-19    -9.156439e-20    2.7739192e-19              201                0
     0.0050267125    6.3246654e-05    0.00018113411    0.00032728224      0.010835124     0.0021512839    9.1093825e-31   -1.6021766e-19    -9.156439e-20    2.7739192e-19             1865                1
    -0.0026973125     6.385929e-05     0.0065498278    -0.0017494804    0.00071391335     0.0019382189    9.1093825e-31   -1.6021766e-19    -9.156439e-20    2.7739192e-19              288                0
     0.0061626327    7.7416276e-05     -0.014204105     0.0010310967    0.00031885612   -0.00096902344    9.1093825e-31   -1.6021766e-19    -9.156439e-20    2.7739192e-19              365                0
    0.00043154621    6.5922817e-05    -0.0074458583    -0.0021357192     0.0061488552    -0.0070729502    9.1093825e-31   -1.6021766e-19    -9.156439e-20    2.7739192e-19             1801                1
    -0.0086388811    7.1187114e-06     -0.012910244   -0.00016796353   -0.00055022724     -0.001766584    9.1093825e-31   -1.6021766e-19    -9.156439e-20    2.7739192e-19              301                0
   -0.00065550138    7.7332508e-05    -0.0083142389    -0.0020449753    -0.0046536843     0.0035156428    9.1093825e-31   -1.6021766e-19    -9.156439e-20    2.7739192e-19             1889                1
    -0.0075355908    7.0182025e-05    0.00088492641     0.0014791094     0.0025970761    0.00068213226    9.1093825e-31   -1.6021766e-19    -9.156439e-20    2.7739192e-19             1389                1
     0.0030933334    4.3829823e-05      0.014238427    -0.0032644479     0.0043940665     0.0069456911    9.1093825e-31   -1.6021766e-19    -9.156439e-20    2.7739192e-19             1839                1
    -0.0013101922    9.0351547e-05    -0.0081207165   -7.6820041e-05    -0.0022365833   -5.4611217e-05    9.1093825e-31   -1.6021766e-19    -9.156439e-20    2.7739192e-19             1875                1
    -0.0042938087    5.2962561e-05     0.0060445759     0.0015980807    0.00024430634   -0.00078438962    9.1093825e-31   -1.6021766e-19    -9.156439e-20    2.7739192e-19              628                0
     0.0065793116    3.4664528e-05     0.0057051643    0.00044192892   -0.00040346204   -0.00062845222    9.1093825e-31   -1.6021766e-19    -9.156439e-20    2.7739192e-19              420                0
   -0.00076462305    9.3211595e-05     -0.002816133     0.0011444474    -0.0025274341    2.9819732e-05    9.1093825e-31   -1.6021766e-19    -9.156439e-20    2.7739192e-19             1946                1
    0.00016539788    5.9586207e-05    -0.0059384168    -0.0067723813    -0.0066910489     0.0015516225    9.1093825e-31   -1.6021766e-19    -9.156439e-20    2.7739192e-19             1887                1
    -0.0012202947    1.4197532e-05     0.0067201089    -0.0064243679     0.0064589521    -0.0025158674    9.1093825e-31   -1.6021766e-19    -9.156439e-20    2.7739192e-19             1944                1
    0.00068082643    4.0933111e-05     0.0097682048     0.0049029537     0.0082822237    -0.0047565033    9.1093825e-31   -1.6021766e-19    -9.156439e-20    2.7739192e-19             1890                1
    -0.0066920798     7.229334e-05    -0.0032327597     0.0011323871     0.0022245101    0.00097797916    9.1093825e-31   -1.6021766e-19    -9.156439e-20    2.7739192e-19              984                0
    -0.0036913843    9.8776691e-05    -0.0015155028     0.0041228421   -1.8067572e-05     0.0059557948    9.1093825e-31   -1.6021766e-19    -9.156439e-20    2.7739192e-19             1938                1
    -0.0032517414    5.7258036e-05     0.0061652553    -0.0065697473     0.0084782522     0.0025762501    9.1093825e-31   -1.6021766e-19    -9.156439e-20    2.7739192e-19             1828                1
     0.0052711978    3.5184221e-05     0.0064411317     0.0010911803   -0.00026924285   -0.00040240274    9.1093825e-31   -1.6021766e-19    -9.156439e-20    2.7739192e-19              580                0
    -0.0024848306    9.3563744e-05    -0.0021425574     -0.004010648      0.010240096     0.0021562793    9.1093825e-31   -1.6021766e-19    -9.156439e-20    2.7739192e-19             1790                1
     0.0084338868    4.1881205e-05     -0.012732539    -0.0022328943    0.00041363997     0.0022222979    9.1093825e-31   -1.6021766e-19    -9.156439e-20    2.7739192e-19              586                0
    -0.0017131296    5.7526129e-05      0.001795392    0.00064648979      0.010843939   -0.00046928372    9.1093825e-31   -1.6021766e-19    -9.156439e-20    2.7739192e-19             1863                1
    -0.0050771274     5.561081e-05    -0.0051724361     0.0010502451     0.0023530617   -0.00094525167    9.1093825e-31   -1.6021766e-19    -9.156439e-20    2.7739192e-19              660                0
     0.0089294799    7.6933757e-05     0.0048310282   -0.00079838652     0.0012175448     0.0014985715    9.1093825e-31   -1.6021766e-19    -9.156439e-20    2.7739192e-19             1080                1
     -0.007785243    3.3815952e-05      0.010952569     0.0006266596   -0.00074709504      0.001523326    9.1093825e-31   -1.6021766e-19    -9.156439e-20    2.7739192e-19              652                0
   -5.1998966e-05    4.3510798e-05      0.013833012    0.00036722567      0.006837158    9.2955861e-06    9.1093825e-31   -1.6021766e-19    -9.156439e-20    2.7739192e-19             1883                1
     0.0011422359    3.0364476e-05     0.0025657285     -0.010759784     0.0056451811     0.0015441306    9.1093825e-31   -1.6021766e-19    -9.156439e-20    2.7739192e-19             1764                1
    -0.0090158246    1.0684874e-05     0.0015208262    -0.0022071551   -3.5923131e-05    0.00013318763    9.1093825e-31   -1.6021766e-19    -9.156439e-20    2.7739192e-19              760                0
     0.0022824542    8.8724781e-05   -4.6844743e-05    0.00047689807    -0.0019562878     0.0014213221    9.1093825e-31   -1.6021766e-19    -9.156439e-20    2.7739192e-19             1922                1
    -0.0055156681    8.4013482e-05     -0.014250802     0.0012673074    -0.0068118586    0.00078594935    9.1093825e-31   -1.6021766e-19    -9.156439e-20    2.7739192e-19             1945                1
     0.0012886832    2.1919659e-05      0.011400704    -0.0030092027     0.0054653278      0.001361932    9.1093825e-31   -1.6021766e-19    -9.156439e-20    2.7739192e-19             1913                1
     0.0058574737    8.9376306e-05    -0.0074731056   -0.00012823287     0.0021540669   -0.00093526149    9.1093825e-31   -1.6021766e-19    -9.156439e-20    2.7739192e-19              840                0
     0.0030078078     5.180898e-05    -0.0056401324    -0.0017321303     0.0025215114    1.3680776e-05    9.1093825e-31   -1.6021766e-19    -9.156439e-20    2.7739192e-19              860                0
   -0.00091046456    3.3682751e-05    -0.0063934126    -0.0016024158     0.0047966586   -0.00035964994    9.1093825e-31   -1.6021766e-19    -9.156439e-20    2.7739192e-19             1859                1
    -0.0032362698     5.241195e-05     -0.012478203   -0.00085345871    2.1845588e-05    -0.0015419045    9.1093825e-31   -1.6021766e-19    -9.156439e-20    2.7739192e-19              900                0
    -0.0065375012    3.0657717e-05    -0.0087546781    0.00092940114     0.0010452431    -0.0013279138    9.1093825e-31   -1.6021766e-19    -9.156439e-20    2.7739192e-19              132                0
     0.0078539401    1.8882685e-05      -0.01414344     0.0011950702    -0.0034074248    0.00011442981    9.1093825e-31   -1.6021766e-19    -9.156439e-20    2.7739192e-19             1627                1
    -0.0072934548    4.5884848e-05    -0.0026898109    0.00063106167     0.0018791086    0.00067925715    9.1093825e-31   -1.6021766e-19    -9.156439e-20    2.7739192e-19             1012                1
    -0.0037178758    2.9211837e-05    0.00039723556     -0.001321925     0.0020038846     0.0026025912    9.1093825e-31   -1.6021766e-19    -9.156439e-20    2.7739192e-19              893                0
     0.0075579002    4.5596287e-05      -0.01296672     0.0023698078    8.3907515e-05    -0.0017003972    9.1093825e-31   -1.6021766e-19    -9.156439e-20    2.7739192e-19              311                0
    -0.0069556776    3.3182048e-05    -0.0077803088    -0.0012813359    0.00069954759    0.00055284688    9.1093825e-31   -1.6021766e-19    -9.156439e-20    2.7739192e-19              791                0
     -0.003410059    4.4732391e-05    -0.0098982435    -0.0023842852     -0.010585888    0.00011038731    9.1093825e-31   -1.6021766e-19    -9.156439e-20    2.7739192e-19             1893                1
     0.0028694505    5.9152651e-05    -0.0070243021     0.0040142732     -0.008850378    0.00063951622    9.1093825e-31   -1.6021766e-19    -9.156439e-20    2.7739192e-19             1911                1
    0.00042430329    7.0015296e-05    -0.0087874178     0.0024971743    -0.0056463969   -0.00068906095    9.1093825e-31   -1.6021766e-19    -9.156439e-20    2.7739192e-19             1873                1
    -0.0010482499    3.0979278e-05     0.0058743772    -0.0041637667     0.0069175879     0.0050496301    9.1093825e-31   -1.6021766e-19    -9.156439e-20    2.7739192e-19             1869                1
    -0.0062058726     1.118972e-05      0.002881082    4.0528983e-05    0.00091202621   -0.00011894877    9.1093825e-31   -1.6021766e-19    -9.156439e-20    2.7739192e-19              677                0
   -7.7170451e-05     4.751173e-05     0.0036418333     0.0026937909     0.0099373749     0.0027442067    9.1093825e-31   -1.6021766e-19    -9.156439e-20    2.7739192e-19             1882                1
    -0.0084726997    6.3312691e-05    -0.0047914665    0.00033254642    0.00099955488   -0.00011225321    9.1093825e-31   -1.6021766e-19    -9.156439e-20    2.7739192e-19              210                0
     0.0076932455    8.7848268e-05    -0.0079946602    2.9125238e-06     0.0026273399    -0.0028920795    9.1093825e-31   -1.6021766e-19    -9.156439e-20    2.7739192e-19             1401                1
     0.0079192892    5.1727777e-05     0.0084229531    -0.0003198229   -0.00025750257     0.0012620913    9.1093825e-31   -1.6021766e-19    -9.156439e-20    2.7739192e-19              254                0
      0.005897454    5.7767975e-05     0.0044689337   -0.00063964969    0.00051810488   -0.00088138966    9.1093825e-31   -1.6021766e-19    -9.156439e-20    2.7739192e-19              270                0
     0.0092943357    8.6177541e-05      0.012578694     0.0010801606    0.00039707328   -0.00051275053    9.1093825e-31   -1.6021766e-19    -9.156439e-20    2.7739192e-19              812                0
      0.008910778    1.8745239e-05     -0.013920204   -0.00069904438   -0.00091436884    0.00016473274    9.1093825e-31   -1.6021766e-19    -9.156439e-20    2.7739192e-19              310                0
     0.0078345118    9.2828295e-06      -0.01131828    0.00020384206   -0.00082287611    0.00046800339    9.1093825e-31   -1.6021766e-19    -9.156439e-20    2.7739192e-19              407                0
   -0.00086265238    7.1369082e-05    -0.0059266598   -2.8930747e-06    -0.0098967059    -0.0011197141    9.1093825e-31   -1.6021766e-19    -9.156439e-20    2.7739192e-19             1936                1
     -0.007538788    5.4302651e-05     -0.012142851    -0.0011472992    0.00068431138    -0.0012043621    9.1093825e-31   -1.6021766e-19    -9.156439e-20    2.7739192e-19              673                0
     0.0089298533    8.1923114e-05     0.0060970914    -0.0014465313    0.00083940529    0.00046905142    9.1093825e-31   -1.6021766e-19    -9.156439e-20    2.7739192e-19              390                0
     0.0085238917    1.5675903e-05      0.010217855    0.00026295334   -0.00047869948   -9.2294387e-05    9.1093825e-31   -1.6021766e-19    -9.156439e-20    2.7739192e-19              410                0
    -0.0021539885    2.4196863e-05     0.0062376251    -0.0024466522     0.0073636076     0.0030710241    9.1093825e-31   -1.6021766e-19    -9.156439e-20    2.7739192e-19             1920                1
     0.0040330798    1.0469446e-05     -0.011678355     0.0025369602     -0.011775741     0.0048534046    9.1093825e-31   -1.6021766e-19    -9.156439e-20    2.7739192e-19             1834                1
   -3.5981739e-05     9.715787e-05      0.014563564   -5.6259221e-05   -6.2694096e-05    0.00013183655    9.1093825e-31   -1.6021766e-19    -9.156439e-20    2.7739192e-19             1500                1
     0.0044535827    4.0756833e-05     -0.013480915    0.00049298763    -0.0023335817   -6.7603723e-05    9.1093825e-31   -1.6021766e-19    -9.156439e-20    2.7739192e-19             1596                1
    -0.0087516066    8.7697168e-05     0.0050267004    -0.0012666903    0.00093022024     0.0016879782    9.1093825e-31   -1.6021766e-19    -9.156439e-20    2.7739192e-19              510                0
    -0.0094314925    9.3435046e-05    -0.0066572111    0.00040131409      0.000354694    0.00041480738    9.1093825e-31   -1.6021766e-19    -9.156439e-20    2.7739192e-19              192                0
    0.00010866421    9.0497466e-05    -0.0012413368     0.0035363769    -0.0053846254    -0.0027382954    9.1093825e-31   -1.6021766e-19    -9.156439e-20    2.7739192e-19             1956                1
     0.0090371603    8.7686149e-06     -0.012595551    -0.0025060151   -0.00086958869    -0.0020286781    9.1093825e-31   -1.6021766e-19    -9.156439e-20    2.7739192e-19              747                0
     0.0047734925    9.5071809e-05    -0.0034514975    0.00028352786    -0.0013980743    -0.0065621808    9.1093825e-31   -1.6021766e-19    -9.156439e-20    2.7739192e-19             1930                1
     0.0034789813    2.3997303e-05     0.0032942093     0.0011690237     0.0013170531     0.0021969413    9.1093825e-31   -1.6021766e-19    -9.156439e-20    2.7739192e-19              991                0
    -0.0019322534    2.8463734e-05     0.0045639267    -0.0013124135    0.00047853071    -0.0013516999    9.1093825e-31   -1.6021766e-19    -9.156439e-20    2.7739192e-19              630                0
    -0.0092108687    2.6902679e-05    -0.0018992483      0.001180402    0.00023876934   -0.00095278525    9.1093825e-31   -1.6021766e-19    -9.156439e-20    2.7739192e-19              212                0
     0.0084295319    2.0048938e-05     0.0015910884    0.00021931693    0.00028763359   -0.00083007087    9.1093825e-31   -1.6021766e-19    -9.156439e-20    2.7739192e-19              525                0
     0.0092213573    1.2942421e-05     -0.009145312     0.0011354574    0.00017563964    -0.0014044105    9.1093825e-31   -1.6021766e-19    -9.156439e-20    2.7739192e-19              690                0
    -0.0016113536    1.3943501e-05      0.010666848    0.00085876597     0.0053972094   -0.00090912468    9.1093825e-31   -1.6021766e-19    -9.156439e-20    2.7739192e-19             1935                1
    -0.0011945489    9.9443016e-05     0.0065956442     0.0026288219     0.0010619281    -0.0066782474    9.1093825e-31   -1.6021766e-19    -9.156439e-20    2.7739192e-19             1927                1
     -0.008738826    6.3762345e-05    -0.0012393822     0.0009143785    9.1216767e-05    0.00099258462    9.1093825e-31   -1.6021766e-19    -9.156439e-20    2.7739192e-19              750                0
    -0.0012370839    6.5699234e-05     0.0066409353    -4.088738e-06     0.0088324416     0.0012660952    9.1093825e-31   -1.6021766e-19    -9.156439e-20    2.7739192e-19             1815                1
     0.0033942061     2.728742e-05      0.012696629   -0.00058291969     0.0064897989    -0.0002266361    9.1093825e-31   -1.6021766e-19    -9.156439e-20    2.7739192e-19             1916                1
     0.0033470816    1.4625466e-05     0.0078902151    -0.0017633231     0.0041708262     0.0019480118    9.1093825e-31   -1.6021766e-19    -9.156439e-20    2.7739192e-19             1905                1
     -0.007491414    6.4160806e-05    -0.0013674578     0.0028660153     0.0015987053   -0.00085057633    9.1093825e-31   -1.6021766e-19    -9.156439e-20    2.7739192e-19              257                0
    -0.0056326981    3.2392149e-05     0.0058084889    -0.0011029271    0.00038322428     0.0010281493    9.1093825e-31   -1.6021766e-19    -9.156439e-20    2.7739192e-19              220                0
     0.0067213508    7.6783508e-05     0.0091640204    -0.0016377612    0.00032484901     0.0013759363    9.1093825e-31   -1.6021766e-19    -9.156439e-20    2.7739192e-19              870                0
     0.0064301784    3.8748898e-05    -0.0084783277    -0.0027453259     0.0012886944   -0.00053923111    9.1093825e-31   -1.6021766e-19    -9.156439e-20    2.7739192e-19              931                0
    -0.0026562852    4.1112031e-05    -0.0080967909    0.00015808389     0.0018187615    0.00087011431    9.1093825e-31   -1.6021766e-19    -9.156439e-20    2.7739192e-19              217                0
   -0.00079788035    4.7203066e-05    4.1224041e-05   -3.2120966e-05    0.00087689754   -0.00091986853    9.1093825e-31   -1.6021766e-19    -9.156439e-20    2.7739192e-19             1766                1
     0.0014941406    7.2066854e-05    -0.0089539317    -0.0026698124    -0.0064127822    0.00035611613    9.1093825e-31   -1.6021766e-19    -9.156439e-20    2.7739192e-19             1909                1
     0.0018104766    3.7450376e-05      0.010655706     0.0026385493     0.0067831255    -0.0026954229    9.1093825e-31   -1.6021766e-19    -9.156439e-20    2.7739192e-19             1874                1
     0.0048388573    1.7068549e-05     0.0071669663    0.00022253444    -0.0008711234     0.0030143498    9.1093825e-31   -1.6021766e-19    -9.156439e-20    2.7739192e-19               18                0
     0.0059537133    1.4300855e-05    -0.0029240046    -0.0011283865     0.0020025915    -0.0022761796    9.1093825e-31   -1.6021766e-19    -9.156439e-20    2.7739192e-19              256                0
     0.0024838261    9.4612878e-05    -0.0091304835    0.00074785901     0.0061492287     0.0010728587    9.1093825e-31   -1.6021766e-19    -9.156439e-20    2.7739192e-19             1667                1
    -0.0036349175    2.2388276e-05     -0.014336888    -0.0023584359     -0.000908477    0.00043950338    9.1093825e-31   -1.6021766e-19    -9.156439e-20    2.7739192e-19              567                0
   -0.00055072393    8.2756051e-05    -0.0025294416   -0.00017416989    -0.0052470276    -0.0010017842    9.1093825e-31   -1.6021766e-19    -9.156439e-20    2.7739192e-19             1933                1
     0.0024374332    9.7816024e-05    -0.0091609377    -0.0050685373    -0.0012905016     -0.001272443    9.1093825e-31   -1.6021766e-19    -9.156439e-20    2.7739192e-19             1852                1
     -0.003536508    2.8276949e-05     0.0025927986     0.0035548175     0.0059901876    -0.0082492447    9.1093825e-31   -1.6021766e-19    -9.156439e-20    2.7739192e-19             1849                1
      0.002324196     9.013895e-05   -5.9399707e-05    0.00010410567     -0.006351559    0.00086955092    9.1093825e-31   -1.6021766e-19    -9.156439e-20    2.7739192e-19             1959                1
     0.0092452504    5.3827949e-05    0.00091879681      0.001408028   -1.9342599e-05    -0.0001785569    9.1093825e-31   -1.6021766e-19    -9.156439e-20    2.7739192e-19              637                0
   -0.00077179645    8.4212043e-05    -0.0028179947    -0.0017536556    -0.0061640665   -0.00072287716    9.1093825e-31   -1.6021766e-19    -9.156439e-20    2.7739192e-19             1947                1
     0.0017169528    8.7492743e-05     -0.014421199    -0.0029948032   -0.00037162163   -0.00041500686    9.1093825e-31   -1.6021766e-19    -9.156439e-20    2.7739192e-19              983                0
     0.0047356924    5.7631252e-05     0.0021325331    -0.0007274102     0.0018297033     0.0011530259    9.1093825e-31   -1.6021766e-19    -9.156439e-20    2.7739192e-19              229                0
    -0.0028720079    1.6760208e-05    -0.0056944638    0.00042482797     0.0022631926    -0.0028063329    9.1093825e-31   -1.6021766e-19    -9.156439e-20    2.7739192e-19              507                0
    -0.0085805161    6.4454347e-05     -0.001449922    0.00081540999    0.00020934628    -0.0004031054    9.1093825e-31   -1.6021766e-19    -9.156439e-20    2.7739192e-19              894                0
   -0.00084985554    9.7812161e-05    -0.0027606932    -0.0041379156      0.010724843    -0.0047711851    9.1093825e-31   -1.6021766e-19    -9.156439e-20    2.7739192e-19             1795                1
     0.0078649102    6.3810912e-05    -0.0031991201     0.0016482625    0.00058646942     0.0023101023    9.1093825e-31   -1.6021766e-19    -9.156439e-20    2.7739192e-19              309                0
     -0.008937574    5.1154362e-05      0.011233958   -0.00022585236    -0.0001356078    -0.0006047237    9.1093825e-31   -1.6021766e-19    -9.156439e-20    2.7739192e-19              329                0
      0.007667121    7.2646464e-05     -0.014105984    -0.0028940549     0.0006066825      0.001357501    9.1093825e-31   -1.6021766e-19    -9.156439e-20    2.7739192e-19              349                0
     0.0090710614     5.896631e-05      0.007903506    -0.0010154666   -7.9786725e-05     0.0016580469    9.1093825e-31   -1.6021766e-19    -9.156439e-20    2.7739192e-19              369                0
     0.0015557281     2.712025e-05     -0.012925464    0.00053831364      -0.01279364     0.0014921712    9.1093825e-31   -1.6021766e-19    -9.156439e-20    2.7739192e-19             1860                1
    0.00029788632    8.7452405e-05      0.012535932    -0.0028990174     0.0003076038    -0.0073982184    9.1093825e-31   -1.6021766e-19    -9.156439e-20    2.7739192e-19             1507                1
    -0.0022599562    3.4305154e-05     0.0071909125     0.0020450645    0.00012932892    0.00015698485    9.1093825e-31   -1.6021766e-19    -9.156439e-20    2.7739192e-19              632                0
    0.00070006645    6.5804619e-05    -0.0040716962     0.0034360096    -0.0070078014   -0.00010451271    9.1093825e-31   -1.6021766e-19    -9.156439e-20    2.7739192e-19             1914                1
    -0.0089693032    9.6312047e-05    0.00046620017     0.0010517054     0.0006501571    0.00012351279    9.1093825e-31   -1.6021766e-19    -9.156439e-20    2.7739192e-19              469                0
     0.0033115346     5.701157e-05    -0.0074680243   -1.9451558e-05    -0.0078391992   -1.3707525e-05    9.1093825e-31   -1.6021766e-19    -9.156439e-20    2.7739192e-19             1891                1
     0.0013575598     1.297205e-05      0.011327633    -0.0044385521     0.0073292977     0.0025376624    9.1093825e-31   -1.6021766e-19    -9.156439e-20    2.7739192e-19             1953                1
     0.0073638265    3.1096763e-05    0.00089067116    -0.0015509707     0.0012755462   -0.00085146358    9.1093825e-31   -1.6021766e-19    -9.156439e-20    2.7739192e-19              476                0
    -0.0049539572    4.2783642e-05     -0.012709937     0.0013574372    0.00029301233    -0.0016460689    9.1093825e-31   -1.6021766e-19    -9.156439e-20    2.7739192e-19              549                0
    -0.0010820833     6.823329e-05      0.010170288     0.0026291255    -0.0017949515    0.00071667699    9.1093825e-31   -1.6021766e-19    -9.156439e-20    2.7739192e-19              569                0
      0.001668102    8.2659441e-05     0.0071901693    -0.0052779522     0.0025299473      0.004625761    9.1093825e-31   -1.6021766e-19    -9.156439e-20    2.7739192e-19             1467                1
    -0.0013371155    3.5633042e-05     -0.012562423     0.0020212806    -0.0098486328    0.00019432035    9.1093825e-31   -1.6021766e-19    -9.156439e-20    2.7739192e-19             1841                1
     0.0094994083    7.5089796e-05     -0.014549197   -9.5079973e-05    0.00022880243     0.0020946059    9.1093825e-31   -1.6021766e-19    -9.156439e-20    2.7739192e-19              922                0
    -0.0011192629    4.7194295e-05     -0.012402141    -0.0023330909   -4.1702649e-05   -0.00038166522    9.1093825e-31   -1.6021766e-19    -9.156439e-20    2.7739192e-19              649                0
    -0.0078435987    4.9102124e-05     0.0038434588     0.0011887975    0.00035502337    0.00098677236    9.1093825e-31   -1.6021766e-19    -9.156439e-20    2.7739192e-19              934                0
     0.0026113018    4.8242797e-05    0.00047309388    0.00046873454     0.0084963888    -0.0025299066    9.1093825e-31   -1.6021766e-19    -9.156439e-20    2.7739192e-19             1847                1
    -0.0079323323     8.749064e-05     0.0023828663    7.7586134e-05     0.0012884246   -6.3149739e-05    9.1093825e-31   -1.6021766e-19    -9.156439e-20    2.7739192e-19              709                0
    -0.0033936184    6.3050662e-05    -0.0099294195    0.00042843563    -0.0074573876    -0.0052295527    9.1093825e-31   -1.6021766e-19    -9.156439e-20    2.7739192e-19             1894                1
     0.0031246783    7.8135905e-05    -0.0043729548     0.0023070322     0.0079950141    -0.0013728582    9.1093825e-31   -1.6021766e-19    -9.156439e-20    2.7739192e-19             1770                1
   -0.00034765562    7.0169743e-05     0.0003370746   -0.00074946939    -0.0096281739   -0.00067690766    9.1093825e-31   -1.6021766e-19    -9.156439e-20    2.7739192e-19             1939                1
     0.0025643285    8.4733387e-05    -0.0077591492    -0.0040594456     0.0068505397    -0.0050045094    9.1093825e-31   -1.6021766e-19    -9.156439e-20    2.7739192e-19             1761                1
     0.0053946204    3.5236455e-05     0.0019730891    0.00055813999     0.0013142527     0.0025727341    9.1093825e-31   -1.6021766e-19    -9.156439e-20    2.7739192e-19               20                0
   -0.00079873373    9.9814657e-05    -0.0084115872    -0.0036684053     0.0073047415    -0.0062228967    9.1093825e-31   -1.6021766e-19    -9.156439e-20    2.7739192e-19             1734                1
    -0.0088776229    8.6457192e-05    -0.0045934967   -0.00061253371    0.00071342633    0.00089890888    9.1093825e-31   -1.6021766e-19    -9.156439e-20    2.7739192e-19              849                0
     0.0078955526    2.2935357e-05     0.0028263817     -0.001104467    -0.0001717948    1.7404829e-05    9.1093825e-31   -1.6021766e-19    -9.156439e-20    2.7739192e-19              869                0
     0.0086632567    6.3592044e-05     0.0040237983   -0.00072064111    0.00081842463    -0.0011706386    9.1093825e-31   -1.6021766e-19    -9.156439e-20    2.7739192e-19               36                0
   -0.00052731304    6.4664651e-05     0.0094690016     0.0024303533     0.0086890869    0.00042278069    9.1093825e-31   -1.6021766e-19    -9.156439e-20    2.7739192e-19             1837                1
    0.00038654305    1.3068298e-05      0.012809015   -0.00061107596     0.0015498529   -0.00087247806    9.1093825e-31   -1.6021766e-19    -9.156439e-20    2.7739192e-19             1846                1
     0.0015685149    2.1625758e-05     -0.012895066     0.0001621499     -0.010115082   -0.00015224179    9.1093825e-31   -1.6021766e-19    -9.156439e-20    2.7739192e-19             1819                1
     0.0060526798    6.4427804e-05      0.011863694   -0.00068629702    -0.0014131331     0.0020724302    9.1093825e-31   -1.6021766e-19    -9.156439e-20    2.7739192e-19              280                0
    -0.0047093634    4.5067929e-05    -0.0082590235    -0.0014401773     0.0010636261     0.0017513519    9.1093825e-31   -1.6021766e-19    -9.156439e-20    2.7739192e-19              591                0
    -0.0093622962    7.3425479e-05      0.002566251    0.00081415061    0.00066518801    0.00012272538    9.1093825e-31   -1.6021766e-19    -9.156439e-20    2.7739192e-19               44                0
     0.0048399232    5.9270675e-05     -0.001752809    -0.0011831825     0.0078519909   -7.2777482e-05    9.1093825e-31   -1.6021766e-19    -9.156439e-20    2.7739192e-19             1820                1
    -0.0040989541    6.9866444e-05     -0.009645015   -4.7560981e-05    -0.0062258001    -0.0043398724    9.1093825e-31   -1.6021766e-19    -9.156439e-20    2.7739192e-19             1895                1
     0.0028435728    3.6790836e-05     0.0099432906    0.00035235262     -0.001403611   -0.00023648088    9.1093825e-31   -1.6021766e-19    -9.156439e-20    2.7739192e-19              177                0
     0.0013562094    8.0382713e-05    -0.0088537391    0.00090909685    -0.0031729646    -0.0019904368    9.1093825e-31   -1.6021766e-19    -9.156439e-20    2.7739192e-19             1843                1
      0.001620624    3.7666221e-05     0.0074036941    0.00024282649     0.0086207632    -0.0046964143    9.1093825e-31   -1.6021766e-19    -9.156439e-20    2.7739192e-19             1903                1
    -0.0062157693     3.399275e-05    -0.0027250366     0.0053546452   -0.00068235415     0.0043145651    9.1093825e-31   -1.6021766e-19    -9.156439e-20    2.7739192e-19             1629                1
    -0.0083600795    4.9803959e-05     0.0037401745    0.00097776297    -2.651767e-05    -0.0031899964    9.1093825e-31   -1.6021766e-19    -9.156439e-20    2.7739192e-19              184                0
   -0.00044888165    9.1511007e-05    -0.0026111298    -0.0020031871    -0.0038997584    -0.0028620737    9.1093825e-31   -1.6021766e-19    -9.156439e-20    2.7739192e-19             1952                1
    -0.0075623188    4.6365119e-05    -0.0048810169     -0.002850262    0.00055997056    0.00034546197    9.1093825e-31   -1.6021766e-19    -9.156439e-20    2.7739192e-19              243                0
    -0.0014164565    7.5689837e-05     -0.012386413    -0.0039475141    -0.0060197627     0.0016195189    9.1093825e-31   -1.6021766e-19    -9.156439e-20    2.7739192e-19             1892                1
      -0.00863891    4.7131511e-05     0.0021117739    0.00044155697    0.00017568485   -0.00017253601    9.1093825e-31   -1.6021766e-19    -9.156439e-20    2.7739192e-19              264                0
     0.0050836056    5.1189905e-05    0.00032649343    0.00021437356     0.0017315883    -0.0012749864    9.1093825e-31   -1.6021766e-19    -9.156439e-20    2.7739192e-19              284                0
    -0.0055942019     7.853052e-06     0.0055962745    0.00083523314     2.923124e-05   -0.00045511749    9.1093825e-31   -1.6021766e-19    -9.156439e-20    2.7739192e-19              906                0
     -0.003845168    1.5464413e-05      0.011579417    -0.0078644669     0.0026728699     0.0038101349    9.1093825e-31   -1.6021766e-19    -9.156439e-20    2.7739192e-19             1857                1
     0.0029754464    2.9406683e-05   -0.00088686141   -0.00025217191     0.0064704656     0.0014885926    9.1093825e-31   -1.6021766e-19    -9.156439e-20    2.7739192e-19             1896                1
     0.0045910794    1.9426177e-05     0.0040865145   -0.00031055673     0.0047380757      0.002354742    9.1093825e-31   -1.6021766e-19    -9.156439e-20    2.7739192e-19             1876                1
   -0.00098721229    3.5529654e-05    -0.0021109111   -6.6797686e-05     0.0032052216     0.0001925751    9.1093825e-31   -1.6021766e-19    -9.156439e-20    2.7739192e-19              384                0
     0.0013267106    1.7846567e-05      0.011409611     0.0051638437     0.0045890696     0.0032757989    9.1093825e-31   -1.6021766e-19    -9.156439e-20    2.7739192e-19             1912                1
     0.0011276338    8.0964077e-05    -0.0092721069     0.0056346231    -0.0040075555    0.00015816481    9.1093825e-31   -1.6021766e-19    -9.156439e-20    2.7739192e-19             1867                1
    -0.0092216562    6.2326202e-05   -0.00046795534    2.2600718e-05    0.00023267369    0.00067073019    9.1093825e-31   -1.6021766e-19    -9.156439e-20    2.7739192e-19              444                0
     -0.005942394      1.10938e-05    -0.0019331755    0.00022653262     0.0019641356    -0.0010519944    9.1093825e-31   -1.6021766e-19    -9.156439e-20    2.7739192e-19              464                0
     0.0010902998    7.6881523e-05    -0.0092730951    5.8366654e-06    -0.0046224184    9.7370848e-06    9.1093825e-31   -1.6021766e-19    -9.156439e-20    2.7739192e-19             1868                1
     0.0054949275     2.600796e-05     0.0092218937     0.0015605331   -0.00031590366     0.0017075401    9.1093825e-31   -1.6021766e-19    -9.156439e-20    2.7739192e-19             1322                1
     0.0024174761    5.6387209e-05      0.010135471    -0.0001102963    0.00038315973    0.00071893487    9.1093825e-31   -1.6021766e-19    -9.156439e-20    2.7739192e-19             1621                1
     0.0033494593    2.0873653e-05   -0.00097069395    0.00040957687     0.0021716238     0.0010094937    9.1093825e-31   -1.6021766e-19    -9.156439e-20    2.7739192e-19              666                0
     0.0084475866    2.9395103e-05    -0.0038930634   -0.00066252105    0.00087477628    0.00088354922    9.1093825e-31   -1.6021766e-19    -9.156439e-20    2.7739192e-19              564                0
    -0.0039827148    4.2955551e-05     0.0093961125    0.00096773723     0.0041190432    1.2071762e-05    9.1093825e-31   -1.6021766e-19    -9.156439e-20    2.7739192e-19             1803                1
    -0.0072756982    4.4312264e-06      0.011905584    -0.0013813761    -0.0018607393   -0.00018787586    9.1093825e-31   -1.6021766e-19    -9.156439e-20    2.7739192e-19              604                0
    -0.0067142891    9.6652795e-05     0.0020221744   -6.2211184e-05     0.0025900202    2.9014072e-05    9.1093825e-31   -1.6021766e-19    -9.156439e-20    2.7739192e-19             1113                1
    -0.0030151687     9.502234e-05     -0.010446218    0.00024838481     -0.003596178     0.0002488824    9.1093825e-31   -1.6021766e-19    -9.156439e-20    2.7739192e-19             1958                1
     -0.006843348    5.3511041e-05    0.00082526647     0.0002421737     0.0015537374   -8.7915942e-05    9.1093825e-31   -1.6021766e-19    -9.156439e-20    2.7739192e-19              664                0
    -0.0077209114    3.9320123e-05     -0.014907574    0.00080054492    -0.0010449842    0.00073516689    9.1093825e-31   -1.6021766e-19    -9.156439e-20    2.7739192e-19              684                0
     0.0034030508    2.9748771e-05     0.0047922749   -0.00022396112     0.0010104313     -0.001877935    9.1093825e-31   -1.6021766e-19    -9.156439e-20    2.7739192e-19              704                0
     -0.002636987    8.7457069e-05     -0.014310962    -0.0014570351   -0.00041804503    0.00011229365    9.1093825e-31   -1.6021766e-19    -9.156439e-20    2.7739192e-19              494                0
    -0.0066437409    4.5428376e-05     0.0093629798     0.0010548719   -0.00016511779     0.0016267041    9.1093825e-31   -1.6021766e-19    -9.156439e-20    2.7739192e-19              871                0
     0.0090602273    7.0593887e-06     0.0027948059    -0.0017164235   -0.00049252948    -0.0011411778    9.1093825e-31   -1.6021766e-19    -9.156439e-20    2.7739192e-19              831                0
    -0.0067013502     8.886226e-05     -0.010952301    0.00099987269    0.00034124334    0.00099901808    9.1093825e-31   -1.6021766e-19    -9.156439e-20    2.7739192e-19              125                0
    -0.0051220958    4.9702427e-05      0.013359649    0.00097222143    -0.0016871496    0.00043464283    9.1093825e-31   -1.6021766e-19    -9.156439e-20    2.7739192e-19              804                0
     0.0040068454    4.7594258e-05     -0.012643855    0.00034312677   -0.00039242645    -0.0025114575    9.1093825e-31   -1.6021766e-19    -9.156439e-20    2.7739192e-19              266                0
    8.4465086e-05    8.0782913e-05     -0.011983991    0.00032232748    0.00099799491     0.0031134707    9.1093825e-31   -1.6021766e-19    -9.156439e-20    2.7739192e-19              483                0
    -0.0052443459    7.8387293e-06      0.013736298      0.001104102     0.0035851803     0.0024692207    9.1093825e-31   -1.6021766e-19    -9.156439e-20    2.7739192e-19             1950                1
    -0.0028041732    8.0291939e-05    -0.0089624934      0.001164021     0.0022270652     0.0011457205    9.1093825e-31   -1.6021766e-19    -9.156439e-20    2.7739192e-19              360                0
     0.0048295306    8.1107362e-05     0.0069834841    -0.0032492047     0.0028608157    -0.0010498612    9.1093825e-31   -1.6021766e-19    -9.156439e-20    2.7739192e-19             1613                1
     0.0033124425    1.4010782e-05    -0.0014437982    -0.0010995495     0.0021890721    -0.0004751466    9.1093825e-31   -1.6021766e-19    -9.156439e-20    2.7739192e-19              711                0
    0.00099551328    3.6782269e-05     0.0060133818     0.0025132215     0.0079650106   -0.00026870423    9.1093825e-31   -1.6021766e-19    -9.156439e-20    2.7739192e-19             1878                1
    0.00053923263    6.2613835e-05     -0.011875409     3.323796e-05    0.00089855475    0.00022960122    9.1093825e-31   -1.6021766e-19    -9.156439e-20    2.7739192e-19              958                0
     0.0020700186     2.471462e-05      0.014635323   -0.00089602009     0.0036377416    8.3381521e-05    9.1093825e-31   -1.6021766e-19    -9.156439e-20    2.7739192e-19             1885                1
    -0.0067934403    6.0018407e-05      0.012223007    0.00034763516    -0.0009712092    0.00066856825    9.1093825e-31   -1.6021766e-19    -9.156439e-20    2.7739192e-19              988                0
     0.0075424486    1.6952314e-05     0.0087111462    -0.0013840189   -0.00090078189   -0.00062321231    9.1093825e-31   -1.6021766e-19    -9.156439e-20    2.7739192e-19              867                0
     0.0019666511    7.1918235e-05     -0.012597613    0.00046974921    -0.0052802926    0.00073530566    9.1093825e-31   -1.6021766e-19    -9.156439e-20    2.7739192e-19             1826                1
     0.0018133086    6.0984636e-05      0.010664524   -9.1106449e-06     0.0076818732    -1.506328e-06    9.1093825e-31   -1.6021766e-19    -9.156439e-20    2.7739192e-19             1830                1
    -0.0013039369    3.9579786e-06      0.010637136    7.0656381e-05    -0.0078754555   -0.00043984404    9.1093825e-31   -1.6021766e-19    -9.156439e-20    2.7739192e-19             1805                1
     0.0041732411    6.3068728e-05     -0.014876824     0.0009960531    -0.0064635929     0.0010698098    9.1093825e-31   -1.6021766e-19    -9.156439e-20    2.7739192e-19             1831                1
     0.0015418524    1.1580702e-05      0.011466855     0.0038777199      0.006897145    -0.0006879156    9.1093825e-31   -1.6021766e-19    -9.156439e-20    2.7739192e-19             1955                1
    -0.0052602091    1.1256693e-05     0.0068135853     0.0023881565   -0.00060555193      0.002193138    9.1093825e-31   -1.6021766e-19    -9.156439e-20    2.7739192e-19              982                0
    -0.0054563712    1.6047296e-05      -0.01475476       0.00175712    -0.0012219799   -0.00097411085    9.1093825e-31   -1.6021766e-19    -9.156439e-20    2.7739192e-19              152                0
     0.0069966326    2.7468601e-05    0.00098029838    -0.0024425087   -0.00024752985     0.0038752977    9.1093825e-31   -1.6021766e-19    -9.156439e-20    2.7739192e-19             1374                1
    -0.0026002992    3.0279531e-05     0.0061249291     0.0013261158   -1.8531757e-06    0.00040397301    9.1093825e-31   -1.6021766e-19    -9.156439e-20    2.7739192e-19              485                0
     -0.002462893    7.4826356e-05    -0.0021532329    -0.0042151362    -0.0053975517    0.00015696938    9.1093825e-31   -1.6021766e-19    -9.156439e-20    2.7739192e-19             1919                1
     0.0022991197    3.5873265e-05      0.013335076     0.0055342079     0.0079402011    -0.0013409221    9.1093825e-31   -1.6021766e-19    -9.156439e-20    2.7739192e-19             1915                1
     0.0058811018    5.2788902e-05    -0.0049253749    -0.0013041145    0.00010090624    -0.0021880826    9.1093825e-31   -1.6021766e-19    -9.156439e-20    2.7739192e-19             1641                1
     0.0042390861    7.4947289e-05    -0.0086244773     0.0066340365    -0.0068284809    -0.0013926798    9.1093825e-31   -1.6021766e-19    -9.156439e-20    2.7739192e-19             1921                1
     0.0055336747    1.1614375e-05      0.011527549    -0.0028304963     0.0085765282     0.0031690155    9.1093825e-31   -1.6021766e-19    -9.156439e-20    2.7739192e-19             1961                1
   -0.00063989742    4.2548847e-05    -0.0082240943    0.00013329493     -0.006163863     0.0013385748    9.1093825e-31   -1.6021766e-19    -9.156439e-20    2.7739192e-19             1821                1
    0.00015166856    9.5460477e-05    -0.0011496617    -0.0010853052    -0.0049772975    -0.0018225657    9.1093825e-31   -1.6021766e-19    -9.156439e-20    2.7739192e-19             1963                1
    -0.0070982529    8.6339256e-05     0.0070522917     0.0013268872    0.00050653389   -0.00086142914    9.1093825e-31   -1.6021766e-19    -9.156439e-20    2.7739192e-19              322                0
     0.0018472176    2.4774803e-05      0.012029643    0.00037481298     0.0074951006    -0.0021575312    9.1093825e-31   -1.6021766e-19    -9.156439e-20    2.7739192e-19             1925                1
   -0.00063916389    5.4811724e-05     -0.008321478    0.00070606923    -0.0084473155     0.0022991518    9.1093825e-31   -1.6021766e-19    -9.156439e-20    2.7739192e-19             1888                1
    0.00045229244     9.174458e-05     0.0002315231    0.00046728866    -0.0022643812     0.0015688064    9.1093825e-31   -1.6021766e-19    -9.156439e-20    2.7739192e-19             1940                1
     0.0011635891    6.7854482e-05     -0.006707517    0.00034639749    -0.0051249578     0.0020350963    9.1093825e-31   -1.6021766e-19    -9.156439e-20    2.7739192e-19             1871                1
    -0.0029357607    6.7817607e-05      -0.01443026    2.1669494e-07   -0.00088090193    -0.0013829585    9.1093825e-31   -1.6021766e-19    -9.156439e-20    2.7739192e-19              422                0
     0.0011139904    9.5801202e-05     -0.013289257    -0.0013418711     0.0036408212    -0.0011468471    9.1093825e-31   -1.6021766e-19    -9.156439e-20    2.7739192e-19             1660                1
    -0.0012433705     4.734948e-05     -0.014203621    0.00094571081    -0.0078511015    0.00061999355    9.1093825e-31   -1.6021766e-19    -9.156439e-20    2.7739192e-19             1812                1
     0.0019083398    3.4283566e-05     -0.012607518    -0.0057984344    -0.0093307942   -0.00032250042    9.1093825e-31   -1.6021766e-19    -9.156439e-20    2.7739192e-19             1827                1
    -0.0041918042    4.7821493e-05      0.010314609    -0.0028603242    -0.0011885243     0.0010076313    9.1093825e-31   -1.6021766e-19    -9.156439e-20    2.7739192e-19              687                0
     0.0010199774           0.0001     0.0060213441   -0.00067588541      0.011766125     0.0058731744    9.1093825e-31   -1.6021766e-19    -9.156439e-20    2.7739192e-19             1809                1
   -0.00040098137    8.5754844e-05    -0.0077189496    0.00013010384   -0.00083070231     0.0015871978    9.1093825e-31   -1.6021766e-19    -9.156439e-20    2.7739192e-19             1808                1
    9.0918511e-06    2.8821811e-05     0.0038412469    0.00098279351     0.0066235727   -0.00054795796    9.1093825e-31   -1.6021766e-19    -9.156439e-20    2.7739192e-19             1855                1
      0.005351359    4.9195743e-05     0.0033244921    0.00020687879    0.00096182828   -0.00070517015    9.1093825e-31   -1.6021766e-19    -9.156439e-20    2.7739192e-19              581                0
    -0.0015702437    1.1027235e-05      0.010669329    0.00038448453     0.0054119974      0.001860801    9.1093825e-31   -1.6021766e-19    -9.156439e-20    2.7739192e-19             1951                1
    -0.0026609187    2.6842217e-05    0.00077842083     0.0052355151     0.0055436515    -0.0045934827    9.1093825e-31   -1.6021766e-19    -9.156439e-20    2.7739192e-19             1768                1
     0.0013968576    4.5936042e-05     0.0017250073   -0.00010667418     0.0025997036    -0.0016343788    9.1093825e-31   -1.6021766e-19    -9.156439e-20    2.7739192e-19              641                0
   -0.00013046384    5.4326858e-05     0.0035470608     0.0056073074     0.0086373957    0.00076176564    9.1093825e-31   -1.6021766e-19    -9.156439e-20    2.7739192e-19             1818                1
    0.00090615189    2.1406129e-05     0.0078011747    -0.0011524981     0.0055436161     0.0051271571    9.1093825e-31   -1.6021766e-19    -9.156439e-20    2.7739192e-19             1900                1
     0.0053887526     1.333125e-05     -0.011622113    0.00076430861   -9.8306198e-05      0.002643856    9.1093825e-31   -1.6021766e-19    -9.156439e-20    2.7739192e-19              954                0
    -0.0069044228    3.2337346e-05     -0.014222913    -0.0017961953   -0.00079757301   -0.00014491653    9.1093825e-31   -1.6021766e-19    -9.156439e-20    2.7739192e-19              394                0
   -0.00075117592    3.7166035e-05    -0.0079997815     0.0014974235     -0.010625903     0.0041956743    9.1093825e-31   -1.6021766e-19    -9.156439e-20    2.7739192e-19             1879                1
    -0.0022454888    6.4158725e-05     0.0028541058     0.0029459395     0.0082466947    -0.0050310758    9.1093825e-31   -1.6021766e-19    -9.156439e-20    2.7739192e-19             1794                1
    -0.0011400857    7.2468138e-05     0.0055441908     0.0040546185     0.0083766775    -0.0058941008    9.1093825e-31   -1.6021766e-19    -9.156439e-20    2.7739192e-19             1798                1
     0.0041859779    8.1481223e-05     -0.008683404    -0.0025298516     -0.005443065    -0.0026122706    9.1093825e-31   -1.6021766e-19    -9.156439e-20    2.7739192e-19             1923                1
     0.0093719559    7.0594295e-05     -0.004274352    0.00046536323    0.00012716552     0.0016113892    9.1093825e-31   -1.6021766e-19    -9.156439e-20    2.7739192e-19              821                0
     0.0074779643    7.8701523e-05     0.0080123758    0.00013222644    0.00050543516    0.00043225227    9.1093825e-31   -1.6021766e-19    -9.156439e-20    2.7739192e-19              131                0
     0.0013497713    7.5432188e-05    -0.0033589844     0.0039189723     0.0081542609     6.421499e-05    9.1093825e-31   -1.6021766e-19    -9.156439e-20    2.7739192e-19             1724                1
     0.0033664438    1.4621427e-05      0.012691546     0.0025456059      0.005273487   -0.00015116452    9.1093825e-31   -1.6021766e-19    -9.156439e-20    2.7739192e-19             1937                1
    0.00037610932    6.8330878e-06      0.012828328    -0.0019268425    -0.0082580969     0.0015900696    9.1093825e-31   -1.6021766e-19    -9.156439e-20    2.7739192e-19             1776                1
     0.0012060918    4.7568374e-06      0.013635055     0.0030648687      0.003382039    -0.0045460444    9.1093825e-31   -1.6021766e-19    -9.156439e-20    2.7739192e-19             1960                1
    -0.0092056962    2.4643698e-05      0.012197171    0.00080120296   -0.00093259203   -0.00012289478    9.1093825e-31   -1.6021766e-19    -9.156439e-20    2.7739192e-19              938                0
   -0.00018422057    9.3197828e-05    -0.0075626443    -0.0019482591     0.0077679479     0.0030726073    9.1093825e-31   -1.6021766e-19    -9.156439e-20    2.7739192e-19             1782                1
    -0.0010171201    4.4335527e-05     0.0060555986     0.0041586012     0.0085423337      0.001959637    9.1093825e-31   -1.6021766e-19    -9.156439e-20    2.7739192e-19             1858                1
       0.00550343     1.019753e-05      0.010676765     3.288846e-05    -0.0023788847   -5.1761694e-05    9.1093825e-31   -1.6021766e-19    -9.156439e-20    2.7739192e-19             1001                1
    -0.0076829391    1.6577265e-05     0.0091937697     0.0030144835    -0.0020893239   -0.00070104748    9.1093825e-31   -1.6021766e-19    -9.156439e-20    2.7739192e-19             1337                1
    -0.0084015252    7.7945269e-06      0.008501865    0.00073268206   -0.00032301029    -0.0001310901    9.1093825e-31   -1.6021766e-19    -9.156439e-20    2.7739192e-19               58                0
    -0.0010212102    2.2851025e-05      0.006082261    -0.0021076724     0.0077344435    -0.0023920764    9.1093825e-31   -1.6021766e-19    -9.156439e-20    2.7739192e-19             1926                1
    -0.0030831674    9.6786636e-05    -0.0016758685   -0.00094061956     0.0054350467    -0.0018595172    9.1093825e-31   -1.6021766e-19    -9.156439e-20    2.7739192e-19             1502                1
     0.0041621276    5.5478249e-05     0.0011576604    -0.0015748505     0.0017549443    -0.0015095265    9.1093825e-31   -1.6021766e-19    -9.156439e-20    2.7739192e-19              118                0
     0.0062739542    9.2805851e-05     -0.011458757     0.0020712302    0.00071162387    0.00039774625    9.1093825e-31   -1.6021766e-19    -9.156439e-20    2.7739192e-19               51                0
    -0.0094488198    2.4543793e-05    -0.0036514669    0.00052667363    0.00055791513    0.00042822846    9.1093825e-31   -1.6021766e-19    -9.156439e-20    2.7739192e-19              158                0
    0.00031527947    9.9639328e-05     -0.003809355     0.0059277602      0.011001904    -0.0024556336    9.1093825e-31   -1.6021766e-19    -9.156439e-20    2.7739192e-19             1806                1
   -0.00071396126    7.4494383e-05    -0.0083287843     0.0011547668    -0.0049892743    -0.0045022001    9.1093825e-31   -1.6021766e-19    -9.156439e-20    2.7739192e-19             1886                1
    -0.0067751878    3.9557912e-05     0.0026119761    0.00034929748     -0.001867667     0.0001235699    9.1093825e-31   -1.6021766e-19    -9.156439e-20    2.7739192e-19             1745                1
     0.0015864033     7.992985e-05    -0.0030277548     0.0011220747     0.0096854605    0.00079311017    9.1093825e-31   -1.6021766e-19    -9.156439e-20    2.7739192e-19             1807                1
     0.0068951915    5.3509386e-05     -0.013593621    -0.0004831611    0.00014035754    0.00094168505    9.1093825e-31   -1.6021766e-19    -9.156439e-20    2.7739192e-19              213                0
   -0.00076221005    6.7944071e-05     -0.008028931   -0.00024512116    -0.0057770438   -0.00040763538    9.1093825e-31   -1.6021766e-19    -9.156439e-20    2.7739192e-19             1880                1
     0.0025530837    6.2923718e-05      0.012240179   -0.00071768451   -0.00035071102    0.00010802777    9.1093825e-31   -1.6021766e-19    -9.156439e-20    2.7739192e-19             1468                1
    -0.0061300988    8.5514112e-05    -0.0030337491     0.0021497719     0.0023189324   -0.00071752624    9.1093825e-31   -1.6021766e-19    -9.156439e-20    2.7739192e-19              318                0
    -0.0090831006    8.1084901e-05     -0.004357988     -0.002772087    0.00073176797    0.00050329621    9.1093825e-31   -1.6021766e-19    -9.156439e-20    2.7739192e-19              723                0
     -0.002425944      8.48618e-05    -0.0021686705   -0.00095772202     0.0094841328     -0.001403854    9.1093825e-31   -1.6021766e-19    -9.156439e-20    2.7739192e-19             1785                1
     0.0017577164    8.3102779e-05     0.0028504466    -0.0011355813     0.0026323481     0.0010040114    9.1093825e-31   -1.6021766e-19    -9.156439e-20    2.7739192e-19              774                0
     0.0045873108    1.8113196e-06     0.0041550342   -8.7290027e-05   -2.2612394e-05     0.0041150958    9.1093825e-31   -1.6021766e-19    -9.156439e-20    2.7739192e-19              562                0
    -0.0012518981    6.6364984e-05     0.0062063695     0.0022444888    0.00058549223    -0.0016054976    9.1093825e-31   -1.6021766e-19    -9.156439e-20    2.7739192e-19              876                0
   -3.8285863e-05    3.9289858e-05      0.013815549     0.0025659318     0.0061645554     -0.002790638    9.1093825e-31   -1.6021766e-19    -9.156439e-20    2.7739192e-19             1884                1
    -0.0040816381    8.3706669e-05     -0.012659437   -0.00087110931    -0.0043739369     0.0018450447    9.1093825e-31   -1.6021766e-19    -9.156439e-20    2.7739192e-19             1898                1
    -0.0089694439    8.6914315e-06      0.013769444     0.0013400498   -0.00053245289   -0.00050234905    9.1093825e-31   -1.6021766e-19    -9.156439e-20    2.7739192e-19              503                0
     0.0017994549    1.1092137e-05      0.012063494   -0.00094852044     0.0046115397     0.0018559307    9.1093825e-31   -1.6021766e-19    -9.156439e-20    2.7739192e-19             1942                1
    -0.0089108283    6.8722235e-05    -0.0011925631    0.00077764259    0.00089643913    -0.0017874709    9.1093825e-31   -1.6021766e-19    -9.156439e-20    2.7739192e-19              518                0
    -0.0014896205      4.38194e-05     -0.011334812   -0.00060022512    -0.0084569724    -0.0004151157    9.1093825e-31   -1.6021766e-19    -9.156439e-20    2.7739192e-19             1842                1
     0.0033113169    5.2668591e-05     0.0079604154   -0.00074746396   -0.00046823034   -0.00054328627    9.1093825e-31   -1.6021766e-19    -9.156439e-20    2.7739192e-19              903                0
    -0.0085319942    3.1529467e-05      0.010133041     0.0010022277    -8.967059e-05    0.00071630208    9.1093825e-31   -1.6021766e-19    -9.156439e-20    2.7739192e-19              578                0
     0.0081774984    7.0184552e-07     -0.013395658     0.0023086383   -0.00091566826    0.00041555983    9.1093825e-31   -1.6021766e-19    -9.156439e-20    2.7739192e-19              598                0
     0.0081857666    2.7724283e-05     0.0096008899     0.0017259151   -0.00028566786    0.00014748871    9.1093825e-31   -1.6021766e-19    -9.156439e-20    2.7739192e-19              618                0
    -0.0011794564    6.5412642e-05    -0.0041483031    0.00025634174    -0.0066099376    0.00047081223    9.1093825e-31   -1.6021766e-19    -9.156439e-20    2.7739192e-19             1910                1
    -0.0074053388    1.5803918e-05    -0.0089613115     0.0022110073    0.00054038409     -0.000175899    9.1093825e-31   -1.6021766e-19    -9.156439e-20    2.7739192e-19              725                0
     0.0024975773    6.5216156e-08       0.01213315     0.0013132778    -0.0084349224    0.00068071252    9.1093825e-31   -1.6021766e-19    -9.156439e-20    2.7739192e-19             1792                1
   -0.00091455574    7.1456285e-05    -0.0083990404     -0.001534456    -0.0063014082    -0.0029617134    9.1093825e-31   -1.6021766e-19    -9.156439e-20    2.7739192e-19             1906                1
    0.00042374126    7.0115275e-05    0.00019930502    -0.0020987513     0.0080244858    -0.0013387449    9.1093825e-31   -1.6021766e-19    -9.156439e-20    2.7739192e-19             1726                1
   -0.00097542122    9.7952143e-05    -0.0058444692   -0.00018540367     -0.005218978    -0.0053174449    9.1093825e-31   -1.6021766e-19    -9.156439e-20    2.7739192e-19             1966                1
     0.0011707976    4.7062655e-05    -0.0066599469    0.00042937053     0.0052189426    -0.0028916267    9.1093825e-31   -1.6021766e-19    -9.156439e-20    2.7739192e-19             1814                1
    -0.0037858444    6.3308464e-05      0.011555263    0.00046556635     0.0093861138    0.00042385951    9.1093825e-31   -1.6021766e-19    -9.156439e-20    2.7739192e-19             1856                1
    0.00078812981    6.3353495e-05     0.0011163153    8.3256549e-05     0.0078500193    7.0646871e-05    9.1093825e-31   -1.6021766e-19    -9.156439e-20    2.7739192e-19             1757                1
     0.0011133079    3.2815009e-05     0.0028219789    -0.0018892377     0.0075164195    0.00023457367    9.1093825e-31   -1.6021766e-19    -9.156439e-20    2.7739192e-19             1881                1
    -0.0066598458    2.9806335e-05     0.0050412095   -0.00043704303    0.00027765613     0.0010687576    9.1093825e-31   -1.6021766e-19    -9.156439e-20    2.7739192e-19              573                0
     0.0066301059    7.5599077e-05     -0.011517145   -0.00014945424    0.00084625656    0.00042332569    9.1093825e-31   -1.6021766e-19    -9.156439e-20    2.7739192e-19              274                0
    -0.0056372662    8.1593214e-05     0.0079042083   -0.00081982336   -0.00029377837   -0.00073224865    9.1093825e-31   -1.6021766e-19    -9.156439e-20    2.7739192e-19              878                0
     0.0014716299    8.4565494e-05    -0.0089198621     0.0018947195     -0.007099472    -0.0011124797    9.1093825e-31   -1.6021766e-19    -9.156439e-20    2.7739192e-19             1948                1
    -0.0016085993    5.7466976e-05     -0.011188994    -0.0043344614    -0.0075662215      0.001649291    9.1093825e-31   -1.6021766e-19    -9.156439e-20    2.7739192e-19             1853                1
     0.0045270785           0.0001    -0.0019956997      0.002135064     0.0090912404    0.00079031027    9.1093825e-31   -1.6021766e-19    -9.156439e-20    2.7739192e-19             1756                1
     0.0018863847    2.3719203e-05       0.01054959    0.00036026933     0.0072926902     0.0002280156    9.1093825e-31   -1.6021766e-19    -9.156439e-20    2.7739192e-19             1924                1
     0.0033622144    5.3070144e-05      0.012702032     0.0013623496     0.0071143387    -0.0020529379    9.1093825e-31   -1.6021766e-19    -9.156439e-20    2.7739192e-19             1851                1
    -0.0062863077    2.7097871e-05     0.0054824152     -0.000819101    0.00020892564    -0.0027884122    9.1093825e-31   -1.6021766e-19    -9.156439e-20    2.7739192e-19              985                0
     0.0021798525    2.3070532e-05     -0.014759135     0.0014173171     -0.010993395    0.00053957966    9.1093825e-31   -1.6021766e-19    -9.156439e-20    2.7739192e-19             1825                1
     0.0076576704    6.9487578e-05    0.00064019847    -0.0005661113    0.00082273158     0.0012067906    9.1093825e-31   -1.6021766e-19    -9.156439e-20    2.7739192e-19              614                0
    -0.0015758243    1.2099358e-05     -0.011185924     0.0026416488     -0.011436931    0.00050663692    9.1093825e-31   -1.6021766e-19    -9.156439e-20    2.7739192e-19             1829                1
     0.0019742085    1.0251698e-05      0.010749846     0.0047079348    -0.0063097607     0.0070972834    9.1093825e-31   -1.6021766e-19    -9.156439e-20    2.7739192e-19             1700                1
     9.495097e-05    6.5651686e-05     -0.013354858   -7.9457313e-05    -0.0005053354    0.00029159739    9.1093825e-31   -1.6021766e-19    -9.156439e-20    2.7739192e-19               79                0
   -0.00087196648    7.6787896e-05    -0.0083721709     0.0021604344    -0.0044408441    -0.0047868663    9.1093825e-31   -1.6021766e-19    -9.156439e-20    2.7739192e-19             1877                1
    -0.0060440437    8.4456158e-05     0.0028981776    0.00085876317     0.0011423809    -0.0011019364    9.1093825e-31   -1.6021766e-19    -9.156439e-20    2.7739192e-19              990                0
     0.0014834376    8.9125941e-05     0.0025705101     0.0017061629      0.012488614     0.0019224632    9.1093825e-31   -1.6021766e-19    -9.156439e-20    2.7739192e-19             1824                1
     0.0033142255    1.1957016e-05      0.014381201    0.00010768881    -0.0087028276    6.3619649e-05    9.1093825e-31   -1.6021766e-19    -9.156439e-20    2.7739192e-19             1797                1
     0.0030831471    4.5329354e-05    -0.0024029741    -0.0032333122     0.0066525927     0.0041490356    9.1093825e-31   -1.6021766e-19    -9.156439e-20    2.7739192e-19             1810                1
    -0.0042861463    4.1944008e-05     -0.012220996   -3.4182503e-05    -0.0082953265    0.00017386672    9.1093825e-31   -1.6021766e-19    -9.156439e-20    2.7739192e-19             1835                1
     0.0076764799    7.5080105e-05      0.005195058      -0.00102826    0.00035636782     0.0030264007    9.1093825e-31   -1.6021766e-19    -9.156439e-20    2.7739192e-19              219                0
    -0.0015339489    6.5310269e-05    -0.0086775841      0.004840523    -0.0071832039     0.0018335981    9.1093825e-31   -1.6021766e-19    -9.156439e-20    2.7739192e-19             1899                1
    -0.0010115412    3.7992293e-05     0.0060355496   -0.00038029288     0.0051783929    0.00091120071    9.1093825e-31   -1.6021766e-19    -9.156439e-20    2.7739192e-19             1789                1
   -0.00066457246    8.6640175e-05    -0.0082556251    -0.0023854619    -0.0016777229    -0.0018794741    9.1093825e-31   -1.6021766e-19    -9.156439e-20    2.7739192e-19             1822                1
    -0.0027232638    7.4213276e-05     0.0069947606    -0.0018051782    0.00041275172   -0.00051575829    9.1093825e-31   -1.6021766e-19    -9.156439e-20    2.7739192e-19              299                0
    -0.0082041137    9.0965572e-05    -0.0084189614     8.872828e-05    -0.0012988263    -0.0021889664    9.1093825e-31   -1.6021766e-19    -9.156439e-20    2.7739192e-19             1848                1
   -0.00093165966    7.0587812e-05    -0.0057652099    -0.0021943932     -0.010838912    -0.0031203865    9.1093825e-31   -1.6021766e-19    -9.156439e-20    2.7739192e-19             1941                1
    -0.0091216378    4.2059561e-05     0.0022485943    -0.0022322612     0.0006578248    -0.0018361899    9.1093825e-31   -1.6021766e-19    -9.156439e-20    2.7739192e-19              978                0
    -0.0031169052    5.9646923e-06     0.0023323197    -0.0010520546     0.0018598868     0.0022453575    9.1093825e-31   -1.6021766e-19    -9.156439e-20    2.7739192e-19              512                0
     0.0081047649    2.5283709e-05      0.014908383   -0.00069750083    -0.0011930917       0.00108597    9.1093825e-31   -1.6021766e-19    -9.156439e-20    2.7739192e-19              986                0
    -0.0090481546    5.6434648e-05     0.0023574221   -0.00065830722   -0.00016048815      0.001400621    9.1093825e-31   -1.6021766e-19    -9.156439e-20    2.7739192e-19              874                0
    -0.0060351822    8.8602639e-05    -0.0093229366     0.0014376037     -0.002708754    0.00030456053    9.1093825e-31   -1.6021766e-19    -9.156439e-20    2.7739192e-19             1902                1
   -0.00088741956     3.467454e-05     0.0068756691    -0.0016486187     0.0073641948     0.0013921031    9.1093825e-31   -1.6021766e-19    -9.156439e-20    2.7739192e-19             1872                1
     -0.003004024    3.2781089e-05     -0.010443179     0.0046542035      -0.01119979    -0.0008557507    9.1093825e-31   -1.6021766e-19    -9.156439e-20    2.7739192e-19             1861                1
     0.0075973347    4.9500009e-06     -0.005217995    0.00018716911    0.00033815586   -0.00083232822    9.1093825e-31   -1.6021766e-19    -9.156439e-20    2.7739192e-19              374                0
     0.0089204041    1.5647204e-06      0.013188162       0.00165213     0.0013370931      -0.00142181    9.1093825e-31   -1.6021766e-19    -9.156439e-20    2.7739192e-19             1962                1
    -0.0029097276    1.4429812e-05    0.00019972971    -0.0029393292      0.002528182    -0.0029519752    9.1093825e-31   -1.6021766e-19    -9.156439e-20    2.7739192e-19              303                0
     0.0047710114    8.0678175e-05    -0.0034390606   -0.00050247158    -0.0059404187    -0.0026368359    9.1093825e-31   -1.6021766e-19    -9.156439e-20    2.7739192e-19             1931                1
     0.0011811572    6.0659029e-05     0.0028003808     0.0042530363     0.0092731426   -0.00036441284    9.1093825e-31   -1.6021766e-19    -9.156439e-20    2.7739192e-19             1817                1
     0.0024064642    8.9264948e-05    -0.0092802048    0.00057632558    -0.0034508293     0.0005461431    9.1093825e-31   -1.6021766e-19    -9.156439e-20    2.7739192e-19             1917                1
     0.0011896336    1.6940694e-05      0.013625032    0.00071321917     0.0073647583   -0.00067706243    9.1093825e-31   -1.6021766e-19    -9.156439e-20    2.7739192e-19             1949                1
     0.0094780354    3.8406233e-06    -0.0010484641    0.00052905519   -0.00066402409     0.0010616804    9.1093825e-31   -1.6021766e-19    -9.156439e-20    2.7739192e-19              328                0
   -0.00065656658    9.6341122e-05    -0.0077551729     0.0016632358    -0.0043042717     0.0020288101    9.1093825e-31   -1.6021766e-19    -9.156439e-20    2.7739192e-19             1964                1
   -0.00019255836    5.5644712e-05     0.0035259419    -0.0022842467     0.0074476232    -0.0018606472    9.1093825e-31   -1.6021766e-19    -9.156439e-20    2.7739192e-19             1786                1
    -0.0018106617    5.6808258e-05     0.0039680055    -0.0013884431     0.0014785621    9.2106777e-05    9.1093825e-31   -1.6021766e-19    -9.156439e-20    2.7739192e-19              699                0
    -0.0082879253    4.5462446e-05      0.014609132    7.3555544e-05   -0.00037468545      0.001215814    9.1093825e-31   -1.6021766e-19    -9.156439e-20    2.7739192e-19              719                0
     0.0073035308    7.3145849e-05     0.0058993357   -0.00063186325     0.0001204587     0.0019550317    9.1093825e-31   -1.6021766e-19    -9.156439e-20    2.7739192e-19              828                0
     0.0011543501    5.9732563e-05    -0.0095591228   -0.00041652625    -0.0087064607   -0.00021474027    9.1093825e-31   -1.6021766e-19    -9.156439e-20    2.7739192e-19             1904                1
    -0.0010198203    2.9956513e-05     0.0058456948    0.00012240818     0.0067715826    0.00072502031    9.1093825e-31   -1.6021766e-19    -9.156439e-20    2.7739192e-19             1870                1
    -0.0013148414    7.6240773e-05     -0.014153197    0.00036792082     -0.006488435    -0.0020354947    9.1093825e-31   -1.6021766e-19    -9.156439e-20    2.7739192e-19             1907                1
    -0.0024223658    6.5168584e-05      -0.01484143    -0.0012064852    -0.0011718636    0.00063059747    9.1093825e-31   -1.6021766e-19    -9.156439e-20    2.7739192e-19               27                0
    -0.0050428547    9.3519797e-05     -0.014879573   -0.00029525746   -0.00044352771    -0.0025987453    9.1093825e-31   -1.6021766e-19    -9.156439e-20    2.7739192e-19              839                0
     0.0018495077    7.3116025e-05    -0.0019370881     0.0011994479     0.0083733452    0.00056187215    9.1093825e-31   -1.6021766e-19    -9.156439e-20    2.7739192e-19             1751                1
     0.0075548301    2.5041005e-05    -0.0099577261     0.0004153036    -7.947514e-05   -0.00089859491    9.1093825e-31   -1.6021766e-19    -9.156439e-20    2.7739192e-19              786                0
    -0.0029997991    6.5493106e-05     -0.010417054     0.0052694036    -0.0064025386     0.0029642803    9.1093825e-31   -1.6021766e-19    -9.156439e-20    2.7739192e-19             1862                1
      0.001307525    9.9351659e-05     0.0025195261   -0.00010300224    -0.0065491088    -0.0048105749    9.1093825e-31   -1.6021766e-19    -9.156439e-20    2.7739192e-19             1968                1
