%  ASCII export : 
%
%  Momentum is normalized to the product of particle's mass and speed of light.
%  All other quantities are in SI units.
%
%            posX             posY             posZ             momX             momY             momZ             mass           charge     macro-charge             time       particleID         sourceID

    -0.0012529343    2.1313517e-06     -0.012489025     0.0048074294    -0.0075730309     0.0028624353    9.1093825e-31   -1.6021766e-19    -9.156439e-20     4.002369e-19             2186                1
     0.0016425448    1.4505736e-05     -0.012978921   -0.00046743729     0.0036941373      0.001731331    9.1093825e-31   -1.6021766e-19    -9.156439e-20     4.002369e-19             2441                1
    0.00036477734    2.9031096e-05    -0.0087483292   -0.00029230415     0.0085527627     0.0027328569    9.1093825e-31   -1.6021766e-19    -9.156439e-20     4.002369e-19             2467                1
    -0.0026053309    3.7318845e-05    6.5338587e-05   -0.00029551532   -0.00082135497   -0.00056360714    9.1093825e-31   -1.6021766e-19    -9.156439e-20     4.002369e-19              348                0
    -0.0092106266    1.3750022e-05    -0.0044378364     0.0020722309     -0.001013899    0.00086007302    9.1093825e-31   -1.6021766e-19    -9.156439e-20     4.002369e-19             1002                1
    -0.0013836892    2.1537494e-06    -0.0084818946     0.0057873274     -0.010062403     0.0042044837    9.1093825e-31   -1.6021766e-19    -9.156439e-20     4.002369e-19             2273                1
    -0.0063319467    1.8427503e-05     0.0040038768    5.0291845e-05    0.00053520774    2.9267614e-05    9.1093825e-31   -1.6021766e-19    -9.156439e-20     4.002369e-19              997                0
   -0.00065469305    4.0255247e-05     -0.012185137    0.00042764787    -0.0031875793    -0.0011816769    9.1093825e-31   -1.6021766e-19    -9.156439e-20     4.002369e-19               55                0
     0.0063469363    4.7426306e-06      0.014312478   -0.00054723118     0.0012438988    0.00091666152    9.1093825e-31   -1.6021766e-19    -9.156439e-20     4.002369e-19              171                0
     0.0018584793    8.9648784e-05      0.010471194     0.0012020188     0.0088895923    -0.0041493089    9.1093825e-31   -1.6021766e-19    -9.156439e-20     4.002369e-19             2238                1
     0.0044255932    4.2225038e-05      0.005263302    -0.0005588943     0.0015512996   -0.00038424839    9.1093825e-31   -1.6021766e-19    -9.156439e-20     4.002369e-19              154                0
     0.0065805083    6.7014444e-05     -0.013339198     0.0014288032    -0.0011330652     0.0013949672    9.1093825e-31   -1.6021766e-19    -9.156439e-20     4.002369e-19              488                0
    -0.0024670633    3.4575158e-05     -0.014818105    -0.0012211803    -0.0020157327    0.00063410052    9.1093825e-31   -1.6021766e-19    -9.156439e-20     4.002369e-19               27                0
   -0.00069201592    8.6081622e-05     0.0068469071      0.010486753     0.0072343708   -0.00074166886    9.1093825e-31   -1.6021766e-19    -9.156439e-20     4.002369e-19             2209                1
   -0.00086206233    6.3356114e-05    -0.0028239174    -0.0079575637    -0.0069795423   -0.00071892561    9.1093825e-31   -1.6021766e-19    -9.156439e-20     4.002369e-19             2363                1
     0.0004001006    2.7095582e-05    -0.0037933746    0.00011647662       -0.0113555    8.4170293e-05    9.1093825e-31   -1.6021766e-19    -9.156439e-20     4.002369e-19             2378                1
     0.0080791879    8.8636043e-06      0.014948362   -0.00069149863    0.00022030415     0.0010853099    9.1093825e-31   -1.6021766e-19    -9.156439e-20     4.002369e-19              986                0
     0.0079560047    6.2385552e-06     0.0085930796    -0.0021687893    0.00043839993   -0.00020147829    9.1093825e-31   -1.6021766e-19    -9.156439e-20     4.002369e-19              961                0
     0.0087663699    1.3390973e-05    0.00017530253     0.0020860583   -0.00032921412    0.00017317757    9.1093825e-31   -1.6021766e-19    -9.156439e-20     4.002369e-19              386                0
     0.0058337217    7.2152197e-06    -0.0049978411    -0.0012318832     0.0014170506    1.4263444e-05    9.1093825e-31   -1.6021766e-19    -9.156439e-20     4.002369e-19             2458                1
    -0.0052735521    5.3664669e-05      0.013717882    0.00018310704     0.0095327655   -6.8248992e-05    9.1093825e-31   -1.6021766e-19    -9.156439e-20     4.002369e-19             2414                1
   -0.00017758114    9.2432344e-07    -0.0075242757     0.0076673925    0.00033430068     0.0033079039    9.1093825e-31   -1.6021766e-19    -9.156439e-20     4.002369e-19             2488                1
    -0.0052035819     6.382227e-05     0.0089433929     0.0014686268      0.001969774   -0.00043802965    9.1093825e-31   -1.6021766e-19    -9.156439e-20     4.002369e-19              355                0
     0.0076550758    2.9508919e-05     -0.011881309   -0.00082253391    -0.0012281012     0.0007095926    9.1093825e-31   -1.6021766e-19    -9.156439e-20     4.002369e-19              451                0
     -0.001130769    7.8401026e-05     0.0058853142    -0.0013962698    -0.0031797667    0.00093819684    9.1093825e-31   -1.6021766e-19    -9.156439e-20     4.002369e-19             2389                1
    -0.0064227618    4.0333067e-05    -0.0020111587   -0.00012692789   -0.00084883772    0.00093334127    9.1093825e-31   -1.6021766e-19    -9.156439e-20     4.002369e-19               32                0
   -0.00071886595    9.3244516e-06    -0.0083850082    -0.0019949318     0.0017098244    -0.0028587463    9.1093825e-31   -1.6021766e-19    -9.156439e-20     4.002369e-19             2449                1
     0.0082306573    3.1762422e-05    0.00062583451    -0.0016557345   -0.00014766015    -0.0006218584    9.1093825e-31   -1.6021766e-19    -9.156439e-20     4.002369e-19              455                0
    -0.0042803902    2.1201784e-05      -0.01219355    3.7834347e-05      0.005901122   -8.3449078e-05    9.1093825e-31   -1.6021766e-19    -9.156439e-20     4.002369e-19             2454                1
     0.0017758134    8.7345943e-05      0.012159588    -0.0028908646    -0.0072962684     0.0023327314    9.1093825e-31   -1.6021766e-19    -9.156439e-20     4.002369e-19             2487                1
    -0.0035134486    6.4919614e-06     0.0025259338    -0.0007433889    -0.0029558865     0.0011972353    9.1093825e-31   -1.6021766e-19    -9.156439e-20     4.002369e-19             2153                1
    -0.0010596194    9.2823197e-05     0.0059509836   -0.00035202721     -0.001543144     0.0018162697    9.1093825e-31   -1.6021766e-19    -9.156439e-20     4.002369e-19             2407                1
    -0.0018231102    6.5452739e-05     0.0018884781    -0.0029907867    -0.0063332776       -0.0089069    9.1093825e-31   -1.6021766e-19    -9.156439e-20     4.002369e-19             2391                1
    -0.0012394073    9.4028204e-05     0.0066110259   -0.00052192464    -0.0052506425     0.0016231036    9.1093825e-31   -1.6021766e-19    -9.156439e-20     4.002369e-19             2498                1
    -0.0023934876    5.3665139e-05    -0.0021908386   -0.00047009083    -0.0071055582    -0.0015233303    9.1093825e-31   -1.6021766e-19    -9.156439e-20     4.002369e-19             2328                1
    -0.0054513146    1.7483255e-05     0.0063953567     0.0014533577     0.0015452352     0.0014969107    9.1093825e-31   -1.6021766e-19    -9.156439e-20     4.002369e-19              902                0
    -0.0028593824    1.2516078e-05    -0.0057343957     0.0011085949     -0.011594107   -0.00066937186    9.1093825e-31   -1.6021766e-19    -9.156439e-20     4.002369e-19             2365                1
     -0.005094904     1.189252e-05     -0.010845036     0.0014209101     0.0021531379   -7.8901845e-05    9.1093825e-31   -1.6021766e-19    -9.156439e-20     4.002369e-19             2433                1
     0.0018447461    8.0657301e-05      0.010549913   -0.00026912231    -0.0056388695     0.0011718882    9.1093825e-31   -1.6021766e-19    -9.156439e-20     4.002369e-19             2468                1
    -0.0065801078    3.0544008e-05     0.0038970944     0.0030785478     0.0006452612    -0.0015922602    9.1093825e-31   -1.6021766e-19    -9.156439e-20     4.002369e-19              695                0
    -0.0040233745    1.8163621e-05    -0.0096883262    -0.0036988999     0.0049442421   -0.00039524501    9.1093825e-31   -1.6021766e-19    -9.156439e-20     4.002369e-19             2456                1
     0.0030526239    5.1830088e-05    -0.0043977043    -0.0037688417     -0.007451334    -0.0039688936    9.1093825e-31   -1.6021766e-19    -9.156439e-20     4.002369e-19             2334                1
     0.0066142823    6.2630039e-05    -0.0075747995     0.0022509904    -0.0011236998     0.0016487284    9.1093825e-31   -1.6021766e-19    -9.156439e-20     4.002369e-19                4                0
    -0.0031559714    2.6053734e-05     0.0024150296    -0.0010689409    0.00068352662     0.0022443281    9.1093825e-31   -1.6021766e-19    -9.156439e-20     4.002369e-19              512                0
   -0.00084853376    7.3986115e-07    -0.0081876442    -0.0018495297     0.0010291394     0.0021543747    9.1093825e-31   -1.6021766e-19    -9.156439e-20     4.002369e-19             2510                1
     -0.006133873    8.0524323e-06     -0.012060909   -7.4815048e-06    -0.0019222769     -0.001366158    9.1093825e-31   -1.6021766e-19    -9.156439e-20     4.002369e-19              385                0
    -8.582474e-06    3.9806317e-05     0.0036805335      0.004056666    -0.0062077129      0.002179814    9.1093825e-31   -1.6021766e-19    -9.156439e-20     4.002369e-19             2340                1
    -0.0018146964    7.2880881e-05     0.0019050746    -0.0019287391    -0.0053901789    -0.0068123806    9.1093825e-31   -1.6021766e-19    -9.156439e-20     4.002369e-19             2390                1
    -0.0017335942     9.002252e-05      0.010557276     0.0010516949    -0.0066633909    -0.0011900599    9.1093825e-31   -1.6021766e-19    -9.156439e-20     4.002369e-19             2492                1
    -0.0051544886    9.6143594e-05     0.0061467555     -0.001091314     0.0020752926     0.0012497854    9.1093825e-31   -1.6021766e-19    -9.156439e-20     4.002369e-19              895                0
     0.0012404392    5.0551076e-05      0.011403593     0.0006260649     0.0073041744     0.0010034561    9.1093825e-31   -1.6021766e-19    -9.156439e-20     4.002369e-19             2292                1
     0.0061018071    3.4691282e-05     0.0048434176    -0.0010980607     0.0011453782    0.00066377211    9.1093825e-31   -1.6021766e-19    -9.156439e-20     4.002369e-19              751                0
     0.0012633476    8.8737506e-05       0.01138793      0.001108118    -0.0031274988    -0.0030246594    9.1093825e-31   -1.6021766e-19    -9.156439e-20     4.002369e-19             2469                1
    -0.0042785397    4.9477199e-05    -0.0072921552     0.0020686497    -0.0061351336     0.0011175146    9.1093825e-31   -1.6021766e-19    -9.156439e-20     4.002369e-19             2244                1
    -0.0011139851     9.188112e-05       0.00609713    -0.0033051379    -0.0040122666     0.0046196617    9.1093825e-31   -1.6021766e-19    -9.156439e-20     4.002369e-19             2476                1
    -0.0074013676    6.8274749e-05    -0.0071133957    -0.0011689772    -0.0012781104    -0.0026717358    9.1093825e-31   -1.6021766e-19    -9.156439e-20     4.002369e-19              532                0
     0.0055579646    3.3020089e-05      0.011516305     0.0017122056   -0.00035960245    -0.0013516446    9.1093825e-31   -1.6021766e-19    -9.156439e-20     4.002369e-19             2103                1
     0.0055018286    6.2479354e-05       0.01067424   -0.00013735538     0.0063379966   -8.0686026e-05    9.1093825e-31   -1.6021766e-19    -9.156439e-20     4.002369e-19             2272                1
     0.0014630741    2.0619114e-05    -0.0088256411     0.0029265208     0.0081500476    -0.0010369935    9.1093825e-31   -1.6021766e-19    -9.156439e-20     4.002369e-19             2474                1
     0.0026355654    4.2756077e-05      0.012258197      0.005210001     0.0010596307     0.0019924906    9.1093825e-31   -1.6021766e-19    -9.156439e-20     4.002369e-19             2210                1
   -0.00085827289    6.7899709e-05    -0.0056773135     0.0032060482    -0.0060794544     0.0052198311    9.1093825e-31   -1.6021766e-19    -9.156439e-20     4.002369e-19             2253                1
    -0.0025333874    3.0854233e-05    0.00064739998   -0.00059466774    -0.0085918289    -0.0011577833    9.1093825e-31   -1.6021766e-19    -9.156439e-20     4.002369e-19             2344                1
    0.00097857439    1.0462798e-05     -0.009535796      -0.00526198     -0.010931958    0.00010287852    9.1093825e-31   -1.6021766e-19    -9.156439e-20     4.002369e-19             2364                1
     0.0020926772    1.3596442e-05      0.010702575     -0.001252634     0.0051290258    -0.0012698458    9.1093825e-31   -1.6021766e-19    -9.156439e-20     4.002369e-19             2471                1
     0.0011756592     1.756383e-06    -0.0067353374    0.00089505542     0.0058858194    -0.0058320663    9.1093825e-31   -1.6021766e-19    -9.156439e-20     4.002369e-19             2516                1
    0.00039393784    2.5455497e-06    -0.0088560497    -0.0076590199    -0.0011849928    -0.0013626174    9.1093825e-31   -1.6021766e-19    -9.156439e-20     4.002369e-19             2395                1
     0.0062008686    8.9933164e-05     -0.014239771     0.0010460857   -0.00046602258   -0.00096897391    9.1093825e-31   -1.6021766e-19    -9.156439e-20     4.002369e-19              365                0
    -0.0011199131    9.1326619e-05     0.0061035338    -0.0067330427    -0.0012681306     0.0021136808    9.1093825e-31   -1.6021766e-19    -9.156439e-20     4.002369e-19             2385                1
    -0.0082010636    2.2597398e-05    -0.0084995497    7.8419958e-05    -0.0025488883    -0.0021872972    9.1093825e-31   -1.6021766e-19    -9.156439e-20     4.002369e-19             1848                1
    -0.0082853427     5.561682e-05      0.014653909    6.7263201e-05    0.00086152478     0.0012159655    9.1093825e-31   -1.6021766e-19    -9.156439e-20     4.002369e-19              719                0
    -0.0090724509    4.4475692e-05      0.002409006   -0.00066088093   -0.00030921013     0.0014006468    9.1093825e-31   -1.6021766e-19    -9.156439e-20     4.002369e-19              874                0
     0.0011728989    1.4197281e-05    -0.0092228083   -0.00025076384     -0.010538504    0.00018841535    9.1093825e-31   -1.6021766e-19    -9.156439e-20     4.002369e-19             2361                1
    -0.0010177868    5.4922879e-05     0.0059376075     0.0055185538    -0.0068634646   -5.8286103e-05    9.1093825e-31   -1.6021766e-19    -9.156439e-20     4.002369e-19             2406                1
    -0.0042352933    7.1858383e-05     0.0060157357     0.0015787762       0.00196173   -0.00078308617    9.1093825e-31   -1.6021766e-19    -9.156439e-20     4.002369e-19              628                0
     0.0065958262    2.2820675e-05     0.0056820358    0.00045580461    0.00049050368   -0.00062842248    9.1093825e-31   -1.6021766e-19    -9.156439e-20     4.002369e-19              420                0
    5.4290824e-05    6.7086643e-05    -0.0011181553    -0.0033022608    -0.0090831295    0.00050453219    9.1093825e-31   -1.6021766e-19    -9.156439e-20     4.002369e-19             2444                1
   -0.00014249075    7.0344337e-05     0.0034581898     0.0053222994    -0.0056605763    0.00042893304    9.1093825e-31   -1.6021766e-19    -9.156439e-20     4.002369e-19             2408                1
      -0.00153129    8.4193343e-06     -0.011267739    0.00012850712    0.00015242813    -0.0011333433    9.1093825e-31   -1.6021766e-19    -9.156439e-20     4.002369e-19             2380                1
     0.0072804913    8.1236023e-05     0.0059713461   -0.00061869726    0.00089739874      0.001955302    9.1093825e-31   -1.6021766e-19    -9.156439e-20     4.002369e-19              828                0
     0.0014413894    2.1783915e-05    -0.0088079562     0.0020773015     0.0033817068     0.0027826678    9.1093825e-31   -1.6021766e-19    -9.156439e-20     4.002369e-19             2431                1
    -0.0035398286    1.1615663e-05    -0.0012960475      0.004110659    -0.0037420245     0.0059606908    9.1093825e-31   -1.6021766e-19    -9.156439e-20     4.002369e-19             1938                1
     -0.000978656    4.8042202e-05    -0.0058288528    0.00010108689    -0.0099543547    -0.0013612481    9.1093825e-31   -1.6021766e-19    -9.156439e-20     4.002369e-19             2416                1
     0.0053116935     3.839569e-05     0.0064263432     0.0011091921     0.0014011745   -0.00040172337    9.1093825e-31   -1.6021766e-19    -9.156439e-20     4.002369e-19              580                0
    -0.0030140709    1.8458644e-05     -0.010324706    -0.0010262405     0.0030621083   -0.00016720091    9.1093825e-31   -1.6021766e-19    -9.156439e-20     4.002369e-19             2429                1
     0.0083517414    5.2268184e-05     -0.012650695    -0.0022273839   -0.00014838747     0.0022222369    9.1093825e-31   -1.6021766e-19    -9.156439e-20     4.002369e-19              586                0
    -0.0016451271    8.1470735e-06     -0.011174968    0.00093523972    -0.0080982102    -7.401214e-05    9.1093825e-31   -1.6021766e-19    -9.156439e-20     4.002369e-19             2214                1
    -0.0050387587    6.3714768e-05    -0.0052072871     0.0010337256    -0.0017709448   -0.00094610627    9.1093825e-31   -1.6021766e-19    -9.156439e-20     4.002369e-19              660                0
     0.0008240327    7.9417827e-05     0.0097404132    0.00011632776     -0.002310988   -0.00041547441    9.1093825e-31   -1.6021766e-19    -9.156439e-20     4.002369e-19             2415                1
    -0.0077623213    3.2642882e-05      0.011008669    0.00061743584    0.00088167266      0.001523398    9.1093825e-31   -1.6021766e-19    -9.156439e-20     4.002369e-19              652                0
     0.0018839877     9.831533e-05      0.010710575     -0.001882093    -0.0016706295      0.000646331    9.1093825e-31   -1.6021766e-19    -9.156439e-20     4.002369e-19             2502                1
     0.0024991767    2.8646711e-05    -0.0077571995    -0.0023673587    -0.0093283979     0.0030682667    9.1093825e-31   -1.6021766e-19    -9.156439e-20     4.002369e-19             2346                1
    -0.0090971692    1.7410387e-06      0.001525733    -0.0022100885   -0.00028031526    0.00013321913    9.1093825e-31   -1.6021766e-19    -9.156439e-20     4.002369e-19              760                0
     -0.001004589    7.3509829e-05     0.0060639647    0.00016010797    -0.0080285799     0.0036319839    9.1093825e-31   -1.6021766e-19    -9.156439e-20     4.002369e-19             2459                1
    -0.0030182814    2.9742918e-05    9.0994698e-05     -0.002954762   -0.00048535311    -0.0029541028    9.1093825e-31   -1.6021766e-19    -9.156439e-20     4.002369e-19              303                0
     -0.003669393    7.4231764e-05      -0.01434941   -0.00048670312    0.00088683079   -0.00059538306    9.1093825e-31   -1.6021766e-19    -9.156439e-20     4.002369e-19             2112                1
     0.0013420231    7.6228273e-05     0.0024655175    -0.0045440113    -0.0081564458    -0.0023345223    9.1093825e-31   -1.6021766e-19    -9.156439e-20     4.002369e-19             2463                1
     0.0029442771    4.2709969e-05    -0.0056396555    -0.0017183836     -0.002932182    1.4451908e-05    9.1093825e-31   -1.6021766e-19    -9.156439e-20     4.002369e-19              860                0
   -6.1716659e-05      9.29218e-05     0.0038091668    -0.0032115721    -0.0026965803   -0.00076748087    9.1093825e-31   -1.6021766e-19    -9.156439e-20     4.002369e-19             2438                1
    -0.0032679979     2.631311e-05     -0.012534926    -0.0008706653    -0.0026437545    -0.0015394686    9.1093825e-31   -1.6021766e-19    -9.156439e-20     4.002369e-19              900                0
    -0.0065035196    2.6286158e-05      -0.00880358    0.00091505167    -0.0016258992    -0.0013273838    9.1093825e-31   -1.6021766e-19    -9.156439e-20     4.002369e-19              132                0
     0.0089813573    6.2959443e-05      0.013135814     0.0016560829     0.0020064586    -0.0014210216    9.1093825e-31   -1.6021766e-19    -9.156439e-20     4.002369e-19             1962                1
      -0.00727046    7.4109928e-05     -0.002664824    0.00061796349   -4.0716564e-05    0.00067801279    9.1093825e-31   -1.6021766e-19    -9.156439e-20     4.002369e-19             1012                1
    -0.0037669011    3.3452838e-05    0.00049308251    -0.0013391121   -0.00055287115     0.0026013064    9.1093825e-31   -1.6021766e-19    -9.156439e-20     4.002369e-19              893                0
     0.0076453672    4.1758438e-05     -0.013029335     0.0023808756   -0.00073001388    -0.0017001948    9.1093825e-31   -1.6021766e-19    -9.156439e-20     4.002369e-19              311                0
    -0.0070031011    1.7417771e-05    -0.0077599403    -0.0012942328    -0.0017177209    0.00055372209    9.1093825e-31   -1.6021766e-19    -9.156439e-20     4.002369e-19              791                0
   -0.00049954775     7.345734e-05     0.0094699394   -0.00011640414     0.0091744186   -4.3559092e-05    9.1093825e-31   -1.6021766e-19    -9.156439e-20     4.002369e-19             2366                1
     0.0018602393    4.4352659e-05      0.010580069    0.00028590072    -0.0066735079    -0.0044367872    9.1093825e-31   -1.6021766e-19    -9.156439e-20     4.002369e-19             2410                1
     0.0016744898    6.2228661e-05      0.012032269    -0.0027706146    -0.0030352711    -0.0010417124    9.1093825e-31   -1.6021766e-19    -9.156439e-20     4.002369e-19             2397                1
     0.0020564827    9.5664167e-05      0.014646689    0.00043094723        0.0101343    0.00016630629    9.1093825e-31   -1.6021766e-19    -9.156439e-20     4.002369e-19             2278                1
    -0.0062047057    2.0800797e-05     0.0028767125     2.326882e-05    0.00046686051   -0.00011916672    9.1093825e-31   -1.6021766e-19    -9.156439e-20     4.002369e-19              677                0
     0.0011716463    5.5072273e-05      0.013600698   -0.00023008148     0.0079489918   -0.00095585006    9.1093825e-31   -1.6021766e-19    -9.156439e-20     4.002369e-19             2295                1
    -0.0084605599    7.9671634e-05     -0.004795609    0.00032644701   -5.8337853e-05   -0.00011260217    9.1093825e-31   -1.6021766e-19    -9.156439e-20     4.002369e-19              210                0
     0.0021437365    5.7688798e-05     -0.014755932     -0.005082625     0.0064578312    0.00027861833    9.1093825e-31   -1.6021766e-19    -9.156439e-20     4.002369e-19             2367                1
       0.00790767    5.6934492e-05     0.0084694372    -0.0003104122    0.00086541474     0.0012623266    9.1093825e-31   -1.6021766e-19    -9.156439e-20     4.002369e-19              254                0
     0.0058742249    6.7297318e-05     0.0044364957   -0.00062152301    0.00092372636   -0.00088119635    9.1093825e-31   -1.6021766e-19    -9.156439e-20     4.002369e-19              270                0
     -0.003295426     5.117277e-05     0.0062287035     0.0015666784     -0.005808623    -0.0017511776    9.1093825e-31   -1.6021766e-19    -9.156439e-20     4.002369e-19             2383                1
   -0.00097716833    9.2053342e-05     0.0055989637    -0.0023800572    -0.0057005002    -0.0017382215    9.1093825e-31   -1.6021766e-19    -9.156439e-20     4.002369e-19             2493                1
     0.0016101078    8.9701476e-05     0.0025346584     -0.005823208    -0.0030827413    -0.0052035605    9.1093825e-31   -1.6021766e-19    -9.156439e-20     4.002369e-19             2393                1
     0.0016699712    7.8504585e-05     0.0073285419      0.003114942    -0.0069113653     0.0048002196    9.1093825e-31   -1.6021766e-19    -9.156439e-20     4.002369e-19             2465                1
    -0.0075811963     6.749951e-05     -0.012187202    -0.0011568562   -0.00039250095    -0.0012044631    9.1093825e-31   -1.6021766e-19    -9.156439e-20     4.002369e-19              673                0
   -0.00065117923    6.2558911e-06    -0.0080810422     0.0049934466     0.0051712906    -0.0042164461    9.1093825e-31   -1.6021766e-19    -9.156439e-20     4.002369e-19             2499                1
     0.0085336622    1.1724414e-05      0.010214454    0.00026820696    0.00039399471    -9.231906e-05    9.1093825e-31   -1.6021766e-19    -9.156439e-20     4.002369e-19              410                0
     0.0043987785    8.2495993e-05    -0.0019524451     0.0012969531    -0.0043080221    -0.0031904858    9.1093825e-31   -1.6021766e-19    -9.156439e-20     4.002369e-19             2387                1
     0.0041427468    2.4594394e-05     -0.011675965    0.00036245611     0.0070861434    -0.0060645612    9.1093825e-31   -1.6021766e-19    -9.156439e-20     4.002369e-19             2457                1
     0.0033674838    1.2668881e-05    -0.0075181387     0.0018289821     0.0006457984    -0.0038288562    9.1093825e-31   -1.6021766e-19    -9.156439e-20     4.002369e-19             2419                1
    -0.0006391526    5.0886578e-05    -0.0025557198    -0.0043185395    -0.0081104012   -0.00046689907    9.1093825e-31   -1.6021766e-19    -9.156439e-20     4.002369e-19             2359                1
    -0.0011780165    1.4332937e-05    -0.0041679209    -0.0013473078     -0.010100821    7.7663768e-05    9.1093825e-31   -1.6021766e-19    -9.156439e-20     4.002369e-19             2299                1
    -0.0094167776    9.4487143e-05     -0.006641936    0.00039772925   -0.00031403161    0.00041479693    9.1093825e-31   -1.6021766e-19    -9.156439e-20     4.002369e-19              192                0
     0.0014551871    2.9071603e-05    -0.0089215776     0.0022882584     0.0083286408     0.0056580571    9.1093825e-31   -1.6021766e-19    -9.156439e-20     4.002369e-19             2464                1
     0.0033621665    9.4349634e-05      0.012688951     0.0053123925    -0.0017746395    -0.0011582867    9.1093825e-31   -1.6021766e-19    -9.156439e-20     4.002369e-19             2472                1
     0.0030239527    9.2061833e-05      0.014348414     0.0018866382    -0.0035616232     0.0016816042    9.1093825e-31   -1.6021766e-19    -9.156439e-20     4.002369e-19             2481                1
     0.0035223684    3.9769871e-05     0.0033751528     0.0011869742    0.00097082154     0.0021966812    9.1093825e-31   -1.6021766e-19    -9.156439e-20     4.002369e-19              991                0
    -0.0019807885    3.1560747e-05     0.0045142137     -0.001323642     0.0012298134    -0.0013512465    9.1093825e-31   -1.6021766e-19    -9.156439e-20     4.002369e-19              630                0
     -0.009167471     2.383456e-05    -0.0019343374     0.0011768447   -0.00029298975   -0.00095277809    9.1093825e-31   -1.6021766e-19    -9.156439e-20     4.002369e-19              212                0
     0.0084377313    1.8472669e-05     0.0015605199    0.00022555386   -9.3423201e-05   -0.00083009613    9.1093825e-31   -1.6021766e-19    -9.156439e-20     4.002369e-19              525                0
     0.0092632398    1.0260225e-05     -0.009197033     0.0011392867   -0.00040724227    -0.0014043601    9.1093825e-31   -1.6021766e-19    -9.156439e-20     4.002369e-19              690                0
    -0.0035190322    4.2298441e-05    -0.0099984203    -0.0005314335      0.007367623   -0.00032367013    9.1093825e-31   -1.6021766e-19    -9.156439e-20     4.002369e-19             2428                1
   -0.00071680883    4.4741623e-06    -0.0082702367    -0.0016816542     -0.010389041   -0.00044576378    9.1093825e-31   -1.6021766e-19    -9.156439e-20     4.002369e-19             2291                1
    -0.0087052323     5.378998e-05    -0.0012028252    0.00091064023   -0.00048893399     0.0009926632    9.1093825e-31   -1.6021766e-19    -9.156439e-20     4.002369e-19              750                0
   -0.00087064051    5.4623863e-05    -0.0028326965     0.0015181148    -0.0075162952     0.0010270297    9.1093825e-31   -1.6021766e-19    -9.156439e-20     4.002369e-19             2338                1
     0.0015557999    9.4153562e-05     0.0073533375     0.0025083357    -0.0037102485    -0.0016060754    9.1093825e-31   -1.6021766e-19    -9.156439e-20     4.002369e-19             2490                1
      0.001359015    4.4543427e-05    -0.0033610628      0.002921504     -0.010093657     0.0039087944    9.1093825e-31   -1.6021766e-19    -9.156439e-20     4.002369e-19             2400                1
    -0.0073861121    8.8688394e-05    -0.0013988019     0.0028530923    7.6183998e-05   -0.00085149577    9.1093825e-31   -1.6021766e-19    -9.156439e-20     4.002369e-19              257                0
    -0.0056736562    5.1469844e-05     0.0058463826    -0.0011221798     0.0015948161     0.0010289976    9.1093825e-31   -1.6021766e-19    -9.156439e-20     4.002369e-19              220                0
    -0.0042558769    8.8838613e-05     -0.012364948     0.0049699522     0.0011877315    1.2637523e-05    9.1093825e-31   -1.6021766e-19    -9.156439e-20     4.002369e-19             2161                1
     0.0063293213    4.0279352e-05      -0.00849819    -0.0027308045    -0.0015596648   -0.00053899066    9.1093825e-31   -1.6021766e-19    -9.156439e-20     4.002369e-19              931                0
    -0.0026506975     1.930681e-05    -0.0080647254    0.00014488489    -0.0034907728    0.00087322819    9.1093825e-31   -1.6021766e-19    -9.156439e-20     4.002369e-19              217                0
    -0.0034692697    1.0881432e-05    -0.0099305157    0.00040658054    -0.0084202085     0.0013964104    9.1093825e-31   -1.6021766e-19    -9.156439e-20     4.002369e-19             2265                1
    0.00041087923    4.4681665e-06    -0.0088210404    0.00033742611    -0.0092545338   -0.00040703162    9.1093825e-31   -1.6021766e-19    -9.156439e-20     4.002369e-19             2226                1
    -0.0007011916    2.1284998e-06    -0.0059202239     0.0020154573      0.010732004   -0.00082510739    9.1093825e-31   -1.6021766e-19    -9.156439e-20     4.002369e-19             2523                1
     0.0011477497    8.1008395e-05      0.013658273    -0.0035555102      0.010929688    -0.0028302029    9.1093825e-31   -1.6021766e-19    -9.156439e-20     4.002369e-19             2349                1
     0.0059124762    2.4248409e-05    -0.0030078599     -0.001112185    -0.0010471602    -0.0022772055    9.1093825e-31   -1.6021766e-19    -9.156439e-20     4.002369e-19              256                0
     0.0041503683     2.113938e-05    -0.0087437257    -0.0010408262     -0.010964208     0.0034745573    9.1093825e-31   -1.6021766e-19    -9.156439e-20     4.002369e-19             2388                1
     0.0022085465    8.3372885e-05   -5.7922094e-05   -0.00073482085    -0.0084024286     0.0014475086    9.1093825e-31   -1.6021766e-19    -9.156439e-20     4.002369e-19             2479                1
    -0.0004336233    8.2141532e-06    -0.0027112719     0.0056252624     0.0030166081    -0.0019704418    9.1093825e-31   -1.6021766e-19    -9.156439e-20     4.002369e-19             2478                1
    -0.0012231265    8.7300912e-05      0.005556528    -0.0001814711    -0.0033419526   -0.00026199102    9.1093825e-31   -1.6021766e-19    -9.156439e-20     4.002369e-19             2436                1
    -0.0092039593    5.9917234e-05       0.00218097    -0.0022383337    0.00048364021    -0.0018362496    9.1093825e-31   -1.6021766e-19    -9.156439e-20     4.002369e-19              978                0
   -0.00040741626    4.4529523e-05    0.00031334755     0.0022942207    -0.0071036746   -0.00036058476    9.1093825e-31   -1.6021766e-19    -9.156439e-20     4.002369e-19             2323                1
     0.0092971679    4.4604407e-05    0.00091222266     0.0014109412   -0.00031994696   -0.00017851836    9.1093825e-31   -1.6021766e-19    -9.156439e-20     4.002369e-19              637                0
   -0.00087386701    4.8287133e-05    -0.0028532105     0.0012372084    -0.0080731409   -0.00075792178    9.1093825e-31   -1.6021766e-19    -9.156439e-20     4.002369e-19             2339                1
     -0.001487589    6.5745103e-06    -0.0066265753   -0.00075285987     -0.011874566   -0.00067006616    9.1093825e-31   -1.6021766e-19    -9.156439e-20     4.002369e-19             2351                1
     0.0047092931     8.321424e-05     0.0021749989   -0.00070697936    0.00072125916      0.001152034    9.1093825e-31   -1.6021766e-19    -9.156439e-20     4.002369e-19              229                0
      0.003233755    5.7200035e-05      0.014051941    8.9432415e-06      0.011651973   -0.00049133808    9.1093825e-31   -1.6021766e-19    -9.156439e-20     4.002369e-19             2424                1
    -0.0085505871    5.5843961e-05    -0.0014647655    0.00081067887   -0.00051203085   -0.00040303144    9.1093825e-31   -1.6021766e-19    -9.156439e-20     4.002369e-19              894                0
     0.0076388246    8.7256092e-05       0.00530652    -0.0010163246    0.00081571739     0.0030265811    9.1093825e-31   -1.6021766e-19    -9.156439e-20     4.002369e-19              219                0
     0.0079257833    5.3811731e-05    -0.0031140421     0.0016564867   -0.00089394569     0.0023102709    9.1093825e-31   -1.6021766e-19    -9.156439e-20     4.002369e-19              309                0
    -0.0089459624    5.6608693e-05      0.011211688   -0.00022974068    0.00049485144   -0.00060464418    9.1093825e-31   -1.6021766e-19    -9.156439e-20     4.002369e-19              329                0
     0.0075606788    9.4657313e-05     -0.014055982    -0.0028856802    6.9114234e-05     0.0013573564    9.1093825e-31   -1.6021766e-19    -9.156439e-20     4.002369e-19              349                0
     0.0090337321    6.1178747e-05     0.0079645691    -0.0010114517    0.00034121383     0.0016580826    9.1093825e-31   -1.6021766e-19    -9.156439e-20     4.002369e-19              369                0
     0.0028386842    8.3446881e-05    -0.0070000608   -0.00065887842    -0.0042767464    -0.0037306165    9.1093825e-31   -1.6021766e-19    -9.156439e-20     4.002369e-19             2430                1
     0.0023510111    4.2429165e-05   -6.7042492e-05    0.00053647388    -0.0081551336     -0.001009313    9.1093825e-31   -1.6021766e-19    -9.156439e-20     4.002369e-19             2360                1
    -0.0021848741    7.1125032e-05     0.0071967719     0.0020317079     0.0031944585      0.000160508    9.1093825e-31   -1.6021766e-19    -9.156439e-20     4.002369e-19              632                0
   -0.00060470117    1.3232851e-05    -0.0077246139     0.0013887617     0.0068065976    0.00070959382    9.1093825e-31   -1.6021766e-19    -9.156439e-20     4.002369e-19             2483                1
    -0.0055058142    3.1861622e-05     -0.014261259    2.4231944e-05     -0.006232271   -0.00063330983    9.1093825e-31   -1.6021766e-19    -9.156439e-20     4.002369e-19             2354                1
    -0.0030048816    7.6000997e-06     -0.010395798    0.00088596938    -0.0092943171     0.0011608076    9.1093825e-31   -1.6021766e-19    -9.156439e-20     4.002369e-19             2311                1
    0.00010576619    5.2671462e-06    -0.0059352159   -0.00020907227     0.0035168123    5.0531412e-06    9.1093825e-31   -1.6021766e-19    -9.156439e-20     4.002369e-19             2494                1
     0.0073069753     5.087104e-05    0.00085930555    -0.0015370257    0.00031008507   -0.00085201085    9.1093825e-31   -1.6021766e-19    -9.156439e-20     4.002369e-19              476                0
    -0.0049042823    3.5063909e-05     -0.012770523      0.001338953    -0.0017060138    -0.0016451054    9.1093825e-31   -1.6021766e-19    -9.156439e-20     4.002369e-19              549                0
   -0.00098535942    8.3495099e-05      0.010196713     0.0026233287     0.0034540265    0.00071972416    9.1093825e-31   -1.6021766e-19    -9.156439e-20     4.002369e-19              569                0
     0.0011748722    1.6571832e-06    -0.0067348201     -0.001755601     0.0055517531    -0.0040909974    9.1093825e-31   -1.6021766e-19    -9.156439e-20     4.002369e-19             2517                1
     0.0016213078    8.9104709e-05     0.0073789102    3.3634362e-06    -0.0027998048    7.1267109e-06    9.1093825e-31   -1.6021766e-19    -9.156439e-20     4.002369e-19             2445                1
     0.0094959568    8.4381056e-05     -0.014472055   -9.2203067e-05    9.5238553e-05     0.0020946024    9.1093825e-31   -1.6021766e-19    -9.156439e-20     4.002369e-19              922                0
    -0.0012053117    1.3520612e-05     -0.012416112    -0.0023404902     -0.003178718   -0.00037814377    9.1093825e-31   -1.6021766e-19    -9.156439e-20     4.002369e-19              649                0
    -0.0078000082    5.4378455e-05     0.0038798042      0.001178366    0.00039912562     0.0009867755    9.1093825e-31   -1.6021766e-19    -9.156439e-20     4.002369e-19              934                0
   -8.6588028e-05    5.7209418e-05     0.0037119503     0.0022171282    -0.0074966163     0.0035356875    9.1093825e-31   -1.6021766e-19    -9.156439e-20     4.002369e-19             2411                1
     0.0012899167    9.8787306e-05      0.011351841   -0.00049626577    -0.0014825804    -0.0017374982    9.1093825e-31   -1.6021766e-19    -9.156439e-20     4.002369e-19             2506                1
     0.0016540851    8.8784473e-05      0.011464565   -0.00086323504    -0.0042390274     -0.005228526    9.1093825e-31   -1.6021766e-19    -9.156439e-20     4.002369e-19             2473                1
    0.00095039379     7.109237e-05     0.0060068588    -0.0073710242    -0.0027017812     0.0023309852    9.1093825e-31   -1.6021766e-19    -9.156439e-20     4.002369e-19             2362                1
    0.00027658968    8.6803622e-05      0.012447811     0.0055596642      0.011221638   -0.00032236264    9.1093825e-31   -1.6021766e-19    -9.156439e-20     4.002369e-19             2347                1
    -0.0010001563    9.0812195e-05     0.0059536532     0.0001031491    -0.0069345864    -0.0030616031    9.1093825e-31   -1.6021766e-19    -9.156439e-20     4.002369e-19             2495                1
     0.0054155383    4.4606662e-05     0.0020678467    0.00057696685    0.00024259776     0.0025721609    9.1093825e-31   -1.6021766e-19    -9.156439e-20     4.002369e-19               20                0
    -0.0020766151    9.2202419e-05      0.006313717     0.0015150782    -0.0080697415    0.00064457092    9.1093825e-31   -1.6021766e-19    -9.156439e-20     4.002369e-19             2503                1
    -0.0089002494    9.9832178e-05    -0.0045603956   -0.00061653199    5.5755885e-05    0.00089873467    9.1093825e-31   -1.6021766e-19    -9.156439e-20     4.002369e-19              849                0
     0.0078550186    4.1933458e-06     0.0028270311    -0.0010971033   -0.00040590958    1.7445991e-05    9.1093825e-31   -1.6021766e-19    -9.156439e-20     4.002369e-19              869                0
     0.0086368714     9.020431e-05      0.003980686   -0.00071224727    0.00086255523    -0.0011706169    9.1093825e-31   -1.6021766e-19    -9.156439e-20     4.002369e-19               36                0
     0.0047774799    3.8213104e-05    -0.0033941157     0.0050169276     -0.007947213     0.0039195423    9.1093825e-31   -1.6021766e-19    -9.156439e-20     4.002369e-19             2336                1
     0.0013973938    2.8176461e-05     -0.012957529    -0.0060948525      0.010264871    -0.0019688301    9.1093825e-31   -1.6021766e-19    -9.156439e-20     4.002369e-19             2470                1
     0.0033569292    6.3226456e-05      0.012618882    -0.0030152537    -0.0062278933   -0.00019228169    9.1093825e-31   -1.6021766e-19    -9.156439e-20     4.002369e-19             2434                1
     0.0060276738    6.7617977e-05      0.011940011   -0.00067106943     0.0018229152     0.0020728859    9.1093825e-31   -1.6021766e-19    -9.156439e-20     4.002369e-19              280                0
    -0.0047627185    1.5934633e-05     -0.008194495     -0.001457799    -0.0030362646     0.0017542007    9.1093825e-31   -1.6021766e-19    -9.156439e-20     4.002369e-19              591                0
    -0.0093324278    9.2378417e-05     0.0025707693    0.00080792722    0.00054241688    0.00012266984    9.1093825e-31   -1.6021766e-19    -9.156439e-20     4.002369e-19               44                0
    -0.0013862394    1.7987244e-05    -0.0080145393    3.9282997e-05     0.0072914087   -0.00020233887    9.1093825e-31   -1.6021766e-19    -9.156439e-20     4.002369e-19             2475                1
     0.0018859089    1.3588137e-05     -0.012520481   -0.00078801141    -0.0081376014     0.0039834571    9.1093825e-31   -1.6021766e-19    -9.156439e-20     4.002369e-19             2320                1
     0.0028567966    5.6283214e-05     0.0099346181    0.00036676432     0.0032505591   -0.00023347678    9.1093825e-31   -1.6021766e-19    -9.156439e-20     4.002369e-19              177                0
     0.0031142598    5.4185439e-06    -0.0043803789    0.00034948654     0.0066711321   -0.00051160005    9.1093825e-31   -1.6021766e-19    -9.156439e-20     4.002369e-19             2507                1
     0.0019083269    7.8591933e-05      0.010612569    0.00088164845     0.0083814217     0.0011713668    9.1093825e-31   -1.6021766e-19    -9.156439e-20     4.002369e-19             2249                1
    -0.0011512468    6.5289139e-05     0.0066537913     0.0025691863     0.0066786078    0.00069925131    9.1093825e-31   -1.6021766e-19    -9.156439e-20     4.002369e-19             2355                1
    -0.0083241845    4.3049975e-05     0.0036226972    0.00097156124   -2.9207027e-05    -0.0031899998    9.1093825e-31   -1.6021766e-19    -9.156439e-20     4.002369e-19              184                0
    -0.0018620047    8.6017062e-05     0.0039714482    -0.0013999124     0.0016915273    9.2351933e-05    9.1093825e-31   -1.6021766e-19    -9.156439e-20     4.002369e-19              699                0
    -0.0076674805    2.9222336e-05    -0.0048682881    -0.0028597405    -0.0013371977    0.00034599515    9.1093825e-31   -1.6021766e-19    -9.156439e-20     4.002369e-19              243                0
    0.00098433276    9.7566146e-05     0.0078633362     0.0014646839    -0.0082268957     0.0022154248    9.1093825e-31   -1.6021766e-19    -9.156439e-20     4.002369e-19             2518                1
    -0.0086227488    4.4966684e-05     0.0021054212    0.00043645225   -5.8120982e-05   -0.00017254698    9.1093825e-31   -1.6021766e-19    -9.156439e-20     4.002369e-19              264                0
     0.0050918632    5.7497818e-05    0.00027953382    0.00023258329   -0.00044940956     -0.001275965    9.1093825e-31   -1.6021766e-19    -9.156439e-20     4.002369e-19              284                0
    7.9266356e-05    5.7652892e-06    -0.0013163963    0.00038246124     -0.011284945   -0.00033684628    9.1093825e-31   -1.6021766e-19    -9.156439e-20     4.002369e-19             2332                1
     -0.002250731    7.9275764e-05     0.0029585131    -0.0071923453    -0.0069973017   -0.00010183901    9.1093825e-31   -1.6021766e-19    -9.156439e-20     4.002369e-19             2461                1
    -0.0016727425    8.9006331e-05      0.010653455    -0.0049041808     0.0096009206    -0.0011691354    9.1093825e-31   -1.6021766e-19    -9.156439e-20     4.002369e-19             2287                1
     0.0042650849    2.0503719e-05     -0.014786884     0.0078532258     0.0050836271     -0.001282518    9.1093825e-31   -1.6021766e-19    -9.156439e-20     4.002369e-19             2439                1
    -0.0009897846    4.4350367e-05    -0.0021038793   -7.2402931e-05    -0.0017433946     0.0001900481    9.1093825e-31   -1.6021766e-19    -9.156439e-20     4.002369e-19              384                0
    -0.0024067604    6.0954251e-05    -0.0020855989    0.00032031699    -0.0089655081   -0.00028591778    9.1093825e-31   -1.6021766e-19    -9.156439e-20     4.002369e-19             2427                1
    -0.0024411348    5.5507437e-05    -0.0021817002     0.0034242556    -0.0077001611    -0.0023506512    9.1093825e-31   -1.6021766e-19    -9.156439e-20     4.002369e-19             2372                1
    -0.0092208991    6.0488557e-05   -0.00044325349    1.8914463e-05   -0.00018880537    0.00067072379    9.1093825e-31   -1.6021766e-19    -9.156439e-20     4.002369e-19              444                0
    -0.0059343851    2.2407041e-05    -0.0019719438    0.00020973447   -0.00078653445    -0.0010531218    9.1093825e-31   -1.6021766e-19    -9.156439e-20     4.002369e-19              464                0
     0.0017449607    8.8188812e-05     0.0068894411    0.00044802428    -0.0060021346     0.0035791004    9.1093825e-31   -1.6021766e-19    -9.156439e-20     4.002369e-19             2480                1
     0.0055527221    5.6707719e-05     0.0092848139     0.0015790189     0.0026113153     0.0017099162    9.1093825e-31   -1.6021766e-19    -9.156439e-20     4.002369e-19             1322                1
      0.005033623     9.764274e-05     0.0071654851    -0.0016020916     0.0083311629    -0.0035683799    9.1093825e-31   -1.6021766e-19    -9.156439e-20     4.002369e-19             2304                1
      0.001963872    1.7342516e-05     -0.012646875    -0.0051066829     0.0054217372    -0.0013707456    9.1093825e-31   -1.6021766e-19    -9.156439e-20     4.002369e-19             2462                1
     0.0084233042    4.0833813e-05    -0.0038605304     -0.000656182   -0.00016203811    0.00088328653    9.1093825e-31   -1.6021766e-19    -9.156439e-20     4.002369e-19              564                0
    -0.0025252257    4.3062937e-05    -0.0021224108    -0.0053628744    -0.0088391909     0.0029166257    9.1093825e-31   -1.6021766e-19    -9.156439e-20     4.002369e-19             2371                1
    -0.0040795193    4.7894824e-05    -0.0096599367     0.0036419572    -0.0062966803     0.0017575802    9.1093825e-31   -1.6021766e-19    -9.156439e-20     4.002369e-19             2310                1
     0.0041677388    1.5903568e-05    -0.0087475907     0.0010407073    -0.0088005913    -0.0017778975    9.1093825e-31   -1.6021766e-19    -9.156439e-20     4.002369e-19             2298                1
      0.005176058           0.0001    0.00017527892     0.0072263759     0.0039543356   -0.00073873281    9.1093825e-31   -1.6021766e-19    -9.156439e-20     4.002369e-19             2184                1
    -0.0068347435     7.678035e-05    0.00082201691    0.00022588915    0.00034884468   -8.8715693e-05    9.1093825e-31   -1.6021766e-19    -9.156439e-20     4.002369e-19              664                0
    -0.0076916921     5.144851e-06      -0.01488049    0.00078616629     -0.001306546    0.00073573698    9.1093825e-31   -1.6021766e-19    -9.156439e-20     4.002369e-19              684                0
     0.0033951332    5.7753805e-05     0.0047231647   -0.00020564461     0.0018683167    -0.0018770703    9.1093825e-31   -1.6021766e-19    -9.156439e-20     4.002369e-19              704                0
    -0.0026909062    7.5265583e-05     -0.014306762    -0.0014716946    -0.0017095015     0.0001132721    9.1093825e-31   -1.6021766e-19    -9.156439e-20     4.002369e-19              494                0
    -0.0066051711    7.1919749e-05     0.0094229095      0.001039034     0.0020938602     0.0016282157    9.1093825e-31   -1.6021766e-19    -9.156439e-20     4.002369e-19              871                0
    -0.0040876474    5.7198435e-05     -0.012641991    0.00024783734    3.8579888e-06   -0.00032656582    9.1093825e-31   -1.6021766e-19    -9.156439e-20     4.002369e-19             2176                1
    -0.0066647874    7.5246724e-05     -0.010915494    0.00098465197    -0.0016329566    0.00099989818    9.1093825e-31   -1.6021766e-19    -9.156439e-20     4.002369e-19              125                0
    -0.0050865985    6.3061212e-05      0.013375651    0.00095579622     0.0024370367    0.00043570841    9.1093825e-31   -1.6021766e-19    -9.156439e-20     4.002369e-19              804                0
      0.004019829    1.0759567e-05     -0.012736288     0.0003629472    -0.0027240135    -0.0025089269    9.1093825e-31   -1.6021766e-19    -9.156439e-20     4.002369e-19              266                0
    9.6344716e-05    7.7522862e-05     -0.011869266    0.00032287545    -0.0025738755     0.0031154528    9.1093825e-31   -1.6021766e-19    -9.156439e-20     4.002369e-19              483                0
     0.0014933427    3.6913254e-05    -0.0051288656    -0.0039240327    -0.0096510965   -0.00052029634    9.1093825e-31   -1.6021766e-19    -9.156439e-20     4.002369e-19             2370                1
    -0.0027615298    8.3969579e-05    -0.0089203054     0.0011507201    -0.0027146128     0.0011465476    9.1093825e-31   -1.6021766e-19    -9.156439e-20     4.002369e-19              360                0
    -0.0012670307     7.671518e-05      -0.01424572     0.0018186095      0.011570164   -0.00072328217    9.1093825e-31   -1.6021766e-19    -9.156439e-20     4.002369e-19             2405                1
    0.00047995066    4.8079728e-05    -0.0075545874      0.004208372    -0.0068648481    0.00050340925    9.1093825e-31   -1.6021766e-19    -9.156439e-20     4.002369e-19             2215                1
    0.00040385165    2.2232334e-05    -0.0037884398    0.00054223073     -0.011906612    0.00064544182    9.1093825e-31   -1.6021766e-19    -9.156439e-20     4.002369e-19             2377                1
    0.00054051122    5.3934007e-05     -0.011866889    3.6461835e-05    -0.0027038092    0.00023188727    9.1093825e-31   -1.6021766e-19    -9.156439e-20     4.002369e-19              958                0
     0.0015279887    7.4128076e-07     -0.012902774   -0.00034393591     0.0025407192   -0.00071103033    9.1093825e-31   -1.6021766e-19    -9.156439e-20     4.002369e-19             2519                1
    -0.0067808796     7.043696e-05      0.012247632    0.00033429574     0.0016840206    0.00066922331    9.1093825e-31   -1.6021766e-19    -9.156439e-20     4.002369e-19              988                0
     0.0074916314    3.4148673e-06     0.0086881937    -0.0013743135    0.00055617309   -0.00062339584    9.1093825e-31   -1.6021766e-19    -9.156439e-20     4.002369e-19              867                0
     0.0014308594    6.8085524e-06    -0.0089312745     -0.007947633     0.0035245232     -0.001577915    9.1093825e-31   -1.6021766e-19    -9.156439e-20     4.002369e-19             2484                1
    -0.0028292455    1.1620088e-05    -0.0069081313    -0.0030027137     -0.012344783     0.0011127719    9.1093825e-31   -1.6021766e-19    -9.156439e-20     4.002369e-19             2379                1
    -0.0015313181    4.7084206e-05     -0.011258068    0.00012764061      0.004588054   -2.5678351e-05    9.1093825e-31   -1.6021766e-19    -9.156439e-20     4.002369e-19             2381                1
    0.00042379895    6.3397907e-05    0.00020788853     -0.001325439     -0.007343044    -0.0025229342    9.1093825e-31   -1.6021766e-19    -9.156439e-20     4.002369e-19             2399                1
    -0.0016285041    9.7965327e-05      0.010790828     0.0062097576    0.00081536343     0.0071403095    9.1093825e-31   -1.6021766e-19    -9.156439e-20     4.002369e-19             2418                1
     0.0019609318    5.0752733e-05      0.012119908    -0.0017121814     0.0074925791    -0.0011938922    9.1093825e-31   -1.6021766e-19    -9.156439e-20     4.002369e-19             2324                1
     0.0018457005    5.2893931e-05     -0.001960149     -0.001364319    -0.0089076534     0.0025262025    9.1093825e-31   -1.6021766e-19    -9.156439e-20     4.002369e-19             2401                1
   -0.00090030511    2.8176703e-06    -0.0059079677    -0.0049734334      0.005614887    0.00016910245    9.1093825e-31   -1.6021766e-19    -9.156439e-20     4.002369e-19             2511                1
    -0.0025517091    4.3379274e-05     0.0061398721     0.0013118982     0.0021277012    0.00040554939    9.1093825e-31   -1.6021766e-19    -9.156439e-20     4.002369e-19              485                0
    0.00080717361    5.7962854e-05     0.0011168167    0.00078746479    -0.0093173692    -0.0047514206    9.1093825e-31   -1.6021766e-19    -9.156439e-20     4.002369e-19             2422                1
     0.0033534709    5.9893649e-05   -0.00094519398    -0.0002892279     0.0013859373    0.00026977199    9.1093825e-31   -1.6021766e-19    -9.156439e-20     4.002369e-19             2276                1
     0.0013900127     7.239775e-05      0.011431379     0.0014788742    -0.0037863113    -0.0031764163    9.1093825e-31   -1.6021766e-19    -9.156439e-20     4.002369e-19             2423                1
    -0.0031067391    3.9269402e-05    -0.0017443469    -0.0002742146     -0.010601712    -0.0047840965    9.1093825e-31   -1.6021766e-19    -9.156439e-20     4.002369e-19             2402                1
     0.0022680219    1.5853369e-05    -0.0091988733    -0.0015683277     0.0027313428    0.00053587125    9.1093825e-31   -1.6021766e-19    -9.156439e-20     4.002369e-19             2437                1
    -0.0067788176    9.6161712e-05     0.0026111365    -0.0017661557     -0.003686694    -0.0018427761    9.1093825e-31   -1.6021766e-19    -9.156439e-20     4.002369e-19             2501                1
      0.001640055    1.6681435e-05     -0.012984054    -0.0010143274     0.0041730325    0.00060437329    9.1093825e-31   -1.6021766e-19    -9.156439e-20     4.002369e-19             2442                1
     0.0011796932    9.1292728e-05      0.011429399    -0.0043857638     0.0092617841     0.0017439561    9.1093825e-31   -1.6021766e-19    -9.156439e-20     4.002369e-19             2240                1
     0.0010829699    2.1339374e-06    -0.0065316912     0.0015886385     0.0042482181     0.0030683742    9.1093825e-31   -1.6021766e-19    -9.156439e-20     4.002369e-19             2512                1
   -0.00053094904    9.3212229e-06    -0.0082300045     0.0068501839    -0.0092142466   -0.00014449023    9.1093825e-31   -1.6021766e-19    -9.156439e-20     4.002369e-19             2234                1
     -0.001596935    8.2811039e-06     -0.012489487    -0.0015066733     0.0049252189     0.0049015554    9.1093825e-31   -1.6021766e-19    -9.156439e-20     4.002369e-19             2485                1
   -0.00053263007    4.9358714e-06    -0.0082310857     0.0020149448     0.0054853838   -0.00088998472    9.1093825e-31   -1.6021766e-19    -9.156439e-20     4.002369e-19             2505                1
    -0.0029360487    4.0382391e-05     -0.014481126   -1.6298609e-05    -0.0020225025    -0.0013812765    9.1093825e-31   -1.6021766e-19    -9.156439e-20     4.002369e-19              422                0
    -0.0037914859    9.3464987e-05      0.011582373     0.0036123255    -0.0037385488     0.0019120568    9.1093825e-31   -1.6021766e-19    -9.156439e-20     4.002369e-19             2489                1
     0.0015995834     3.678834e-05      0.010538388     0.0021268285     0.0064839795    -0.0064791343    9.1093825e-31   -1.6021766e-19    -9.156439e-20     4.002369e-19             2412                1
    -0.0029085474    2.3587096e-05     -0.010507554    0.00086199585    -0.0084052458    0.00072551519    9.1093825e-31   -1.6021766e-19    -9.156439e-20     4.002369e-19             2331                1
    -0.0042974474     6.919002e-05      0.010351745    -0.0028777858     0.0029298735     0.0010101871    9.1093825e-31   -1.6021766e-19    -9.156439e-20     4.002369e-19              687                0
    -0.0013998038    9.7313559e-06     -0.011234405      0.005756279    -0.0091294982    0.00029005986    9.1093825e-31   -1.6021766e-19    -9.156439e-20     4.002369e-19             2315                1
    1.2037887e-05    9.6003649e-05      0.013843847    -0.0065980088     -0.003836263     0.0023903626    9.1093825e-31   -1.6021766e-19    -9.156439e-20     4.002369e-19             2504                1
     0.0010817371    2.5805983e-05     0.0027771746    0.00023952413     -0.010540872    -0.0038911321    9.1093825e-31   -1.6021766e-19    -9.156439e-20     4.002369e-19             2386                1
     0.0053593358    6.0167742e-05     0.0032985432    0.00022603985    0.00068648689   -0.00070532365    9.1093825e-31   -1.6021766e-19    -9.156439e-20     4.002369e-19              581                0
   -0.00049458706    9.9197794e-05     -0.002485137    -0.0020794838    -0.0013664259    -0.0019699107    9.1093825e-31   -1.6021766e-19    -9.156439e-20     4.002369e-19             2509                1
     0.0012180702      8.84826e-05      0.011368169    1.9041594e-05      0.010790026    9.4164563e-05    9.1093825e-31   -1.6021766e-19    -9.156439e-20     4.002369e-19             2342                1
     0.0013931009    7.7635508e-05     0.0016648124   -9.7752672e-05    0.00063704903    -0.0016366054    9.1093825e-31   -1.6021766e-19    -9.156439e-20     4.002369e-19              641                0
    0.00066801434    9.7519391e-05     0.0097146416    -0.0045007174   -0.00045238319    -0.0057302723    9.1093825e-31   -1.6021766e-19    -9.156439e-20     4.002369e-19             2453                1
    -0.0034152847    2.1614977e-05    -0.0099098925     0.0004196378       0.01092554    0.00014902388    9.1093825e-31   -1.6021766e-19    -9.156439e-20     4.002369e-19             2482                1
     0.0033782073    8.3628634e-05      0.012624141     0.0012014275    -0.0021905545    0.00085228443    9.1093825e-31   -1.6021766e-19    -9.156439e-20     4.002369e-19             2435                1
    -0.0069708768    3.8164435e-06     -0.014228238    -0.0018129937     -0.001408705   -0.00014442383    9.1093825e-31   -1.6021766e-19    -9.156439e-20     4.002369e-19              394                0
     0.0033523783    5.8407663e-06     0.0079858489     0.0011633065   -0.00096789253     0.0029387784    9.1093825e-31   -1.6021766e-19    -9.156439e-20     4.002369e-19             2165                1
     0.0011726272    9.4884053e-05      0.013659524    0.00042553752    -0.0040706685    -0.0012788295    9.1093825e-31   -1.6021766e-19    -9.156439e-20     4.002369e-19             2500                1
    0.00037005809    2.1839744e-05    -0.0087585077     0.0013242416      0.006352033   -0.00038222113    9.1093825e-31   -1.6021766e-19    -9.156439e-20     4.002369e-19             2466                1
   -0.00077695883    3.1316686e-05    -0.0059342487    -0.0068150032     -0.010147558     -0.003712229    9.1093825e-31   -1.6021766e-19    -9.156439e-20     4.002369e-19             2369                1
     0.0093891639    6.2478372e-05    -0.0042150063    0.00046870473   -0.00051512837     0.0016114776    9.1093825e-31   -1.6021766e-19    -9.156439e-20     4.002369e-19              821                0
    -0.0033605201    5.1586678e-05     0.0062112678    -0.0059912154    -0.0057719522    -0.0037755887    9.1093825e-31   -1.6021766e-19    -9.156439e-20     4.002369e-19             2382                1
   -0.00086259498    5.8967966e-05     0.0058369301     0.0013911107    -0.0099082878   -0.00031309971    9.1093825e-31   -1.6021766e-19    -9.156439e-20     4.002369e-19             2443                1
     0.0013524927    8.7978173e-05      0.011360758     0.0059862696    -0.0024319421     0.0031962609    9.1093825e-31   -1.6021766e-19    -9.156439e-20     4.002369e-19             2451                1
     0.0016482356    4.3404722e-05     0.0025661907   -0.00095046242    -0.0089902068    -0.0011644275    9.1093825e-31   -1.6021766e-19    -9.156439e-20     4.002369e-19             2392                1
     0.0010715587    8.5218606e-05     0.0059542945    0.00019583132    -0.0041319905    -0.0058758836    9.1093825e-31   -1.6021766e-19    -9.156439e-20     4.002369e-19             2446                1
    -0.0091762301    1.8185408e-06       0.01219264    0.00079814618   -0.00027222134   -0.00012317392    9.1093825e-31   -1.6021766e-19    -9.156439e-20     4.002369e-19              938                0
    -0.0015961041    1.6327673e-05     -0.012496576    -0.0010399114      0.009442105    0.00092493242    9.1093825e-31   -1.6021766e-19    -9.156439e-20     4.002369e-19             2486                1
     0.0040407511    8.1146163e-06     -0.006969586   -0.00065985916     -0.012117899    0.00025920855    9.1093825e-31   -1.6021766e-19    -9.156439e-20     4.002369e-19             2373                1
    -0.0027208752    7.8206365e-05     0.0069827726     0.0020227763    -0.0057467311      -0.00437835    9.1093825e-31   -1.6021766e-19    -9.156439e-20     4.002369e-19             2450                1
   -7.0253132e-05    5.1514326e-05     0.0043409313     0.0017859295    -0.0053393319   -0.00042038554    9.1093825e-31   -1.6021766e-19    -9.156439e-20     4.002369e-19             2357                1
    -0.0083746472    6.5500763e-06     0.0084970389    0.00072629761     0.0004879472   -0.00013104679    9.1093825e-31   -1.6021766e-19    -9.156439e-20     4.002369e-19               58                0
     0.0090576066    5.7495894e-05     -0.012673923     0.0013654866     0.0016911676     -0.002155347    9.1093825e-31   -1.6021766e-19    -9.156439e-20     4.002369e-19             2078                1
   -0.00087164325    1.4471073e-05    -0.0085090455    -0.0044037285     -0.010654864    -0.0019308781    9.1093825e-31   -1.6021766e-19    -9.156439e-20     4.002369e-19             2353                1
     0.0041044862    6.2727777e-05     0.0011020745    -0.0015567046   -0.00020560712    -0.0015106039    9.1093825e-31   -1.6021766e-19    -9.156439e-20     4.002369e-19              118                0
      0.002538946    9.1272203e-05       0.01227988     0.0033769163      0.011212197     0.0039403262    9.1093825e-31   -1.6021766e-19    -9.156439e-20     4.002369e-19             2343                1
    -0.0094294976    3.2325202e-05    -0.0036356985    0.00052266906   -6.5486151e-05     0.0004281195    9.1093825e-31   -1.6021766e-19    -9.156439e-20     4.002369e-19              158                0
    0.00096116611    6.5774024e-05     0.0078062341     0.0040615085    -0.0051334682     0.0025771391    9.1093825e-31   -1.6021766e-19    -9.156439e-20     4.002369e-19             2417                1
   -0.00064572773      6.65716e-05    -0.0026399179     0.0056671468    -0.0052675619     0.0061933147    9.1093825e-31   -1.6021766e-19    -9.156439e-20     4.002369e-19             2252                1
     0.0016792644    2.3949873e-05    -0.0030037567     0.0055854367     -0.011545689     0.0011383477    9.1093825e-31   -1.6021766e-19    -9.156439e-20     4.002369e-19             2375                1
   -0.00087586651    5.3010717e-05    -0.0059500323   -0.00060144806    -0.0073761842    -0.0011583222    9.1093825e-31   -1.6021766e-19    -9.156439e-20     4.002369e-19             2288                1
     0.0068776389    5.4358206e-05     -0.013558927   -0.00046927304   -0.00076262845    0.00094187708    9.1093825e-31   -1.6021766e-19    -9.156439e-20     4.002369e-19              213                0
     0.0018376838     4.826549e-05      0.011964403   -0.00046513916     0.0088192374   -5.2774751e-05    9.1093825e-31   -1.6021766e-19    -9.156439e-20     4.002369e-19             2413                1
    -0.0060756914    6.6069886e-05      -0.00305201   -0.00059644791    -0.0054936749    0.00020299808    9.1093825e-31   -1.6021766e-19    -9.156439e-20     4.002369e-19             2376                1
    -0.0039799353    9.7768556e-05      0.011618936    0.00084793812    -0.0056170374      0.001390702    9.1093825e-31   -1.6021766e-19    -9.156439e-20     4.002369e-19             2514                1
    -0.0091852611    9.5153315e-05    -0.0043394566    -0.0027761669    7.8975252e-05    0.00050311955    9.1093825e-31   -1.6021766e-19    -9.156439e-20     4.002369e-19              723                0
     0.0034052711    9.2106966e-05     0.0090976683     0.0029053136    -0.0035179239    -0.0027469818    9.1093825e-31   -1.6021766e-19    -9.156439e-20     4.002369e-19             2477                1
    -0.0016647934    8.4067535e-05      0.010736014     0.0025177638      0.010271406    -0.0038720632    9.1093825e-31   -1.6021766e-19    -9.156439e-20     4.002369e-19             2345                1
    -0.0032734787    7.4695221e-05     0.0061487989   -0.00010098008    -0.0076034619   -0.00086049654    9.1093825e-31   -1.6021766e-19    -9.156439e-20     4.002369e-19             2460                1
    0.00089785288    9.7600983e-05     0.0026700282    -0.0011283455    -0.0022967339     -0.001086752    9.1093825e-31   -1.6021766e-19    -9.156439e-20     4.002369e-19             2497                1
      0.005857727    6.7067376e-05     0.0030127128   -0.00042632059     0.0039994624    0.00013397407    9.1093825e-31   -1.6021766e-19    -9.156439e-20     4.002369e-19             2271                1
   -2.3068269e-05    5.5311782e-05     0.0038087803   -7.8718302e-05    -0.0073119388    0.00067576376    9.1093825e-31   -1.6021766e-19    -9.156439e-20     4.002369e-19             2398                1
    -0.0089201555    1.7152178e-06      0.013750941     0.0013365074    0.00014250749   -0.00050244381    9.1093825e-31   -1.6021766e-19    -9.156439e-20     4.002369e-19              503                0
   -0.00081813824    4.2604725e-07    -0.0028096416    -0.0010238684     -0.012912109    -0.0014027262    9.1093825e-31   -1.6021766e-19    -9.156439e-20     4.002369e-19             2358                1
    -0.0088822898    9.0565518e-05    -0.0012583969    0.00077204674    0.00041503942    -0.0017876952    9.1093825e-31   -1.6021766e-19    -9.156439e-20     4.002369e-19              518                0
    -0.0016798878     8.014119e-06     -0.011154369     0.0027619421    -0.0091868443    -0.0023634087    9.1093825e-31   -1.6021766e-19    -9.156439e-20     4.002369e-19             2312                1
     0.0032840767    7.6389362e-05     0.0079404637   -0.00073069934     0.0028506883   -0.00054052856    9.1093825e-31   -1.6021766e-19    -9.156439e-20     4.002369e-19              903                0
    -0.0084951948    4.1674004e-05      0.010159424    0.00099600048    0.00079841632     0.0007165182    9.1093825e-31   -1.6021766e-19    -9.156439e-20     4.002369e-19              578                0
     0.0024403643    1.4291742e-05    -0.0093062827     0.0043049054     -0.010138231     -0.002833386    9.1093825e-31   -1.6021766e-19    -9.156439e-20     4.002369e-19             2348                1
     0.0082494598    3.3547891e-05     0.0096063251     0.0017335218    0.00078117591    0.00014768179    9.1093825e-31   -1.6021766e-19    -9.156439e-20     4.002369e-19              618                0
    -0.0013364692    9.7447119e-06     -0.014204374     0.0031012539     0.0029226216    0.00026091072    9.1093825e-31   -1.6021766e-19    -9.156439e-20     4.002369e-19             2440                1
     -0.007324114    5.6214431e-06    -0.0089677842     0.0021993949       -0.0013901   -0.00017534323    9.1093825e-31   -1.6021766e-19    -9.156439e-20     4.002369e-19              725                0
   -2.5304707e-05    6.9600021e-05     0.0042896098   -0.00013905535    -0.0062313839   -3.3267195e-05    9.1093825e-31   -1.6021766e-19    -9.156439e-20     4.002369e-19             2421                1
     0.0018088426    9.6439479e-05      0.012173409    0.00034418984    -0.0044146217     0.0020872247    9.1093825e-31   -1.6021766e-19    -9.156439e-20     4.002369e-19             2508                1
    -0.0030460977    8.2299221e-06     -0.010344815     0.0011611562     0.0020528059    -0.0011798519    9.1093825e-31   -1.6021766e-19    -9.156439e-20     4.002369e-19             2452                1
    -0.0021264446    7.7562625e-05     0.0062677446    -0.0028565878    -0.0066602309    -0.0013118329    9.1093825e-31   -1.6021766e-19    -9.156439e-20     4.002369e-19             2455                1
     0.0010824309    3.8151079e-06    -0.0065303473    0.00049977645     0.0076448973     0.0057836561    9.1093825e-31   -1.6021766e-19    -9.156439e-20     4.002369e-19             2513                1
   -5.0960898e-05    6.7868459e-05      0.013816441    -0.0018060404    -0.0065465001     -0.002364822    9.1093825e-31   -1.6021766e-19    -9.156439e-20     4.002369e-19             2447                1
    0.00047683975    2.9796744e-05    0.00023913546     0.0020161702      -0.01220046    -0.0048794728    9.1093825e-31   -1.6021766e-19    -9.156439e-20     4.002369e-19             2409                1
     0.0015706139    4.2548272e-05     0.0024584599    5.9202855e-05    -0.0096152695    -0.0037303534    9.1093825e-31   -1.6021766e-19    -9.156439e-20     4.002369e-19             2403                1
    -0.0066762194    3.7145288e-05     0.0050805858   -0.00045262414    0.00086712959     0.0010690005    9.1093825e-31   -1.6021766e-19    -9.156439e-20     4.002369e-19              573                0
     0.0066248262    8.4487016e-05     -0.011501547   -0.00013577033   -0.00095784321    0.00042339295    9.1093825e-31   -1.6021766e-19    -9.156439e-20     4.002369e-19              274                0
   -0.00099559384    9.2609953e-05     0.0059484229     0.0033950519    -0.0056384476    -0.0068359203    9.1093825e-31   -1.6021766e-19    -9.156439e-20     4.002369e-19             2496                1
    -0.0010628131    5.5846729e-05     0.0060856771   -2.4720619e-05     -0.005439504    1.7081729e-05    9.1093825e-31   -1.6021766e-19    -9.156439e-20     4.002369e-19             2384                1
     0.0010754253    6.5382184e-05     0.0059245755     0.0023947407    -0.0061816094    -0.0076592057    9.1093825e-31   -1.6021766e-19    -9.156439e-20     4.002369e-19             2420                1
    -0.0059954729    8.3358944e-05     -0.002650562      0.006374795     0.0023217546    0.00063501397    9.1093825e-31   -1.6021766e-19    -9.156439e-20     4.002369e-19             2177                1
    0.00042470504    5.5126844e-07    -0.0087298714     0.0039568995     -0.011139393     0.0058238911    9.1093825e-31   -1.6021766e-19    -9.156439e-20     4.002369e-19             2321                1
     0.0015597322    7.9893231e-05     0.0024753248    -0.0014243549    -0.0045117508    -0.0014344621    9.1093825e-31   -1.6021766e-19    -9.156439e-20     4.002369e-19             2404                1
    -0.0063167703    3.5928442e-05     0.0053797439   -0.00083586393     0.0010496394    -0.0027880359    9.1093825e-31   -1.6021766e-19    -9.156439e-20     4.002369e-19              985                0
    -0.0014481896    7.4706322e-06     -0.008450198    -0.0001188149     0.0046063601   -0.00018871629    9.1093825e-31   -1.6021766e-19    -9.156439e-20     4.002369e-19             2491                1
     0.0076370402    7.4935255e-05    0.00068464072   -0.00055501109   -7.4340969e-05     0.0012065527    9.1093825e-31   -1.6021766e-19    -9.156439e-20     4.002369e-19              614                0
    0.00016628497    8.1306142e-05    -0.0010805017   -0.00071687275    -0.0060797343   -0.00045561942    9.1093825e-31   -1.6021766e-19    -9.156439e-20     4.002369e-19             2448                1
   -0.00074055698    4.8826067e-05    -0.0083853332     0.0034868608     -0.001828191    0.00039588209    9.1093825e-31   -1.6021766e-19    -9.156439e-20     4.002369e-19             2204                1
    9.2035814e-05    3.2275395e-05     -0.013344035   -7.8829515e-05    -0.0028511262    0.00029436068    9.1093825e-31   -1.6021766e-19    -9.156439e-20     4.002369e-19               79                0
     0.0047465512    8.0942242e-05    -0.0035838888    -0.0022695567      0.002740039     0.0008674367    9.1093825e-31   -1.6021766e-19    -9.156439e-20     4.002369e-19             2289                1
     0.0010516848    1.2825814e-05    -0.0092806444    -0.0050944155     0.0015268954     0.0015865011    9.1093825e-31   -1.6021766e-19    -9.156439e-20     4.002369e-19             2426                1
     0.0081736604    2.9916013e-05     -0.013365599   -0.00014945338     0.0004025911    0.00082560413    9.1093825e-31   -1.6021766e-19    -9.156439e-20     4.002369e-19             1982                1
     0.0010653903    6.8827416e-05     0.0060202642    -0.0043688975    -0.0044571706   -0.00095314492    9.1093825e-31   -1.6021766e-19    -9.156439e-20     4.002369e-19             2394                1
     0.0032828206    9.9520243e-05      0.012674402    -0.0028361946    -0.0015918809     0.0048306771    9.1093825e-31   -1.6021766e-19    -9.156439e-20     4.002369e-19             2515                1
     0.0011618786    1.0282071e-06    -0.0095825065     7.979972e-05     0.0051968284   -0.00045374452    9.1093825e-31   -1.6021766e-19    -9.156439e-20     4.002369e-19             2520                1
   -0.00096915563    1.5358942e-06    -0.0084783612     0.0045601246      0.007754202     0.0019567444    9.1093825e-31   -1.6021766e-19    -9.156439e-20     4.002369e-19             2521                1
     0.0015210147    3.2373299e-07    -0.0050012413     3.870935e-05     0.0016121884     0.0044681942    9.1093825e-31   -1.6021766e-19    -9.156439e-20     4.002369e-19             2522                1
     0.0014421867    9.9638492e-05      0.011523239    -0.0036103185    -0.0036516746    0.00059309922    9.1093825e-31   -1.6021766e-19    -9.156439e-20     4.002369e-19             2524                1
     0.0014426643    9.9567696e-05      0.011523203     0.0012147534    -0.0043667667    0.00022650954    9.1093825e-31   -1.6021766e-19    -9.156439e-20     4.002369e-19             2525                1
