%  ASCII export : 
%
%  Momentum is normalized to the product of particle's mass and speed of light.
%  All other quantities are in SI units.
%
%            posX             posY             posZ             momX             momY             momZ             mass           charge     macro-charge             time       particleID         sourceID

   -0.00015487515    8.0208527e-05     0.0032721667    -0.0024178866     0.0097470237     -0.008540147    9.1093825e-31   -1.6021766e-19    -9.156439e-20    6.4559663e-19             3721                1
     0.0031906592    1.8294983e-05      0.014017495    -0.0012741681     0.0050149402     0.0019100198    9.1093825e-31   -1.6021766e-19    -9.156439e-20    6.4559663e-19             3960                1
     0.0020270979    3.2798736e-05     -0.012328567     0.0012800238    -0.0099529289     0.0020872366    9.1093825e-31   -1.6021766e-19    -9.156439e-20    6.4559663e-19             3813                1
    -0.0026351232    8.0713042e-05     0.0069148974     0.0026305269    -0.0059971698    9.9259705e-05    9.1093825e-31   -1.6021766e-19    -9.156439e-20    6.4559663e-19             3989                1
    -0.0025105616    1.5378995e-05    -0.0019732146     -0.001112072    0.00029825617     0.0017968827    9.1093825e-31   -1.6021766e-19    -9.156439e-20    6.4559663e-19             3253                1
    0.00076498272           0.0001     0.0010965262    3.0295765e-05      0.010464994     0.0030427207    9.1093825e-31   -1.6021766e-19    -9.156439e-20    6.4559663e-19             3690                1
     0.0014819211    4.1441672e-05    -0.0088793086     0.0012712921    -0.0091579417     0.0023432304    9.1093825e-31   -1.6021766e-19    -9.156439e-20    6.4559663e-19             3848                1
   -0.00062350469    4.6863912e-05     -0.012272172    0.00042037133   -0.00097075506    -0.0011848739    9.1093825e-31   -1.6021766e-19    -9.156439e-20    6.4559663e-19               55                0
    -0.0011916023    4.7866342e-06     -0.008535563     0.0013353176    -0.0022187508    -0.0010849672    9.1093825e-31   -1.6021766e-19    -9.156439e-20    6.4559663e-19             3421                1
    -0.0018457838    7.1288123e-05     0.0018777585     0.0031157231     0.0095701432   -0.00052275194    9.1093825e-31   -1.6021766e-19    -9.156439e-20    6.4559663e-19             3759                1
     0.0043857479    1.4324244e-05     0.0052350587   -0.00052443304     0.0012046443   -0.00038459952    9.1093825e-31   -1.6021766e-19    -9.156439e-20    6.4559663e-19              154                0
     0.0066866539     8.478872e-05      -0.01323659     0.0014574304   -0.00048385584      0.001394632    9.1093825e-31   -1.6021766e-19    -9.156439e-20    6.4559663e-19              488                0
    -0.0025578127    4.4949033e-05     -0.014771296    -0.0012463472    -0.0020204184    0.00063809089    9.1093825e-31   -1.6021766e-19    -9.156439e-20    6.4559663e-19               27                0
     0.0026600615     4.435291e-05      0.012266615    0.00075158011     0.0050867288    -0.0012386927    9.1093825e-31   -1.6021766e-19    -9.156439e-20    6.4559663e-19             3795                1
    -0.0037295767    1.9078419e-05      0.011503497     0.0024160682     0.0057030637     0.0010938976    9.1093825e-31   -1.6021766e-19    -9.156439e-20    6.4559663e-19             3967                1
     0.0013905185    2.9632658e-05      0.011387433    -0.0061394353      0.006335564    0.00014620917    9.1093825e-31   -1.6021766e-19    -9.156439e-20    6.4559663e-19             3911                1
    -0.0022290463    9.6112653e-06     0.0029530628     0.0019394174   -0.00051345909     0.0014653489    9.1093825e-31   -1.6021766e-19    -9.156439e-20    6.4559663e-19             3354                1
     0.0015462643    3.4364897e-05      0.011421759     0.0064818054     0.0058286502    -0.0017118132    9.1093825e-31   -1.6021766e-19    -9.156439e-20    6.4559663e-19             3852                1
     0.0015023458    4.9472375e-05      0.011417137   -0.00017267073     0.0073077488     0.0048681097    9.1093825e-31   -1.6021766e-19    -9.156439e-20    6.4559663e-19             3834                1
    -0.0019284753    6.9066511e-05      0.006461544     0.0017378418      0.011601802     0.0027714146    9.1093825e-31   -1.6021766e-19    -9.156439e-20    6.4559663e-19             3856                1
    -0.0026467673    8.6390748e-05     0.0069175567    -0.0015702479    -0.0039499155     0.0010600532    9.1093825e-31   -1.6021766e-19    -9.156439e-20    6.4559663e-19             3990                1
   -0.00028951323    8.5575964e-05    -0.0028705881     0.0016603117    -0.0061597219     -0.002704229    9.1093825e-31   -1.6021766e-19    -9.156439e-20    6.4559663e-19             4000                1
    -0.0050968528    3.4871056e-05     0.0089111412     0.0014324629   -0.00033634005   -0.00043937709    9.1093825e-31   -1.6021766e-19    -9.156439e-20    6.4559663e-19              355                0
     0.0075953007    1.4714019e-05     -0.011829138   -0.00080282206   -0.00045612839    0.00070912635    9.1093825e-31   -1.6021766e-19    -9.156439e-20    6.4559663e-19              451                0
   -0.00018909865    6.1357998e-05    -0.0028574667     0.0038515208     0.0069890576    -0.0030212917    9.1093825e-31   -1.6021766e-19    -9.156439e-20    6.4559663e-19             3616                1
    -0.0064333198     2.797669e-05    -0.0019424846   -0.00015942838     0.0015954514    0.00093397853    9.1093825e-31   -1.6021766e-19    -9.156439e-20    6.4559663e-19               32                0
     0.0035900965    5.7318455e-05      0.012666529     0.0025784471     0.0090788174    -0.0066029327    9.1093825e-31   -1.6021766e-19    -9.156439e-20    6.4559663e-19             3880                1
      0.008109468    1.8689454e-05    0.00058009953    -0.0016396588    0.00065221696   -0.00062173681    9.1093825e-31   -1.6021766e-19    -9.156439e-20    6.4559663e-19              455                0
    -0.0013891701    5.4543918e-05      0.011153534    0.00073162845      0.010895579    0.00092536228    9.1093825e-31   -1.6021766e-19    -9.156439e-20    6.4559663e-19             3918                1
     0.0004451196    6.4853069e-05    -0.0086522326       0.00126201    -0.0080162324     0.0077046431    9.1093825e-31   -1.6021766e-19    -9.156439e-20    6.4559663e-19             3925                1
    -0.0028978346     8.950862e-05     -0.010195534    -0.0027472386     0.0051519247     0.0031154261    9.1093825e-31   -1.6021766e-19    -9.156439e-20    6.4559663e-19             3742                1
     0.0011369839    8.3147548e-05      0.007706658    0.00027387487      0.010848093   -0.00023512347    9.1093825e-31   -1.6021766e-19    -9.156439e-20    6.4559663e-19             3791                1
     0.0018531934    8.2784616e-05    -0.0020288744    0.00045937003    -0.0051438622    -0.0033128893    9.1093825e-31   -1.6021766e-19    -9.156439e-20    6.4559663e-19             3981                1
    0.00040600038    7.9776299e-05    -0.0038070884    1.5647096e-05    -0.0040028607    4.7494354e-06    9.1093825e-31   -1.6021766e-19    -9.156439e-20    6.4559663e-19             3929                1
     0.0014086863    2.4354602e-05     -0.013024603    0.00095305586    -0.0036565014    -0.0022137864    9.1093825e-31   -1.6021766e-19    -9.156439e-20    6.4559663e-19             3385                1
     0.0013660047    8.7106535e-05    -0.0088630794    2.3735862e-05    -0.0038735466   -0.00035454531    9.1093825e-31   -1.6021766e-19    -9.156439e-20    6.4559663e-19             3926                1
     0.0014273273    8.0407241e-05    -0.0088504134     -0.002368812    -0.0041988399     0.0051236702    9.1093825e-31   -1.6021766e-19    -9.156439e-20    6.4559663e-19             3853                1
    -0.0033335355    5.4533404e-05    -0.0099043092    0.00012721181    -0.0092052473    0.00013083777    9.1093825e-31   -1.6021766e-19    -9.156439e-20    6.4559663e-19             3912                1
      0.001073543    8.4546227e-05    -0.0064941929    -0.0092259552    -0.0014810716    0.00085193582    9.1093825e-31   -1.6021766e-19    -9.156439e-20    6.4559663e-19             3776                1
    -0.0063547483    1.0078093e-05     0.0037799962     0.0030489918     0.0010904892    -0.0015920505    9.1093825e-31   -1.6021766e-19    -9.156439e-20    6.4559663e-19              695                0
     0.0018074509    7.8092249e-05     0.0072862883    0.00096352951      0.010214701     0.0016673279    9.1093825e-31   -1.6021766e-19    -9.156439e-20    6.4559663e-19             3786                1
     0.0048249937    6.3764222e-05    -0.0035235677     0.0017387524     0.0063443091    4.5689216e-05    9.1093825e-31   -1.6021766e-19    -9.156439e-20    6.4559663e-19             3732                1
     0.0067809536     9.952391e-05    -0.0074535166     0.0022821056     0.0012448889     0.0016488739    9.1093825e-31   -1.6021766e-19    -9.156439e-20    6.4559663e-19                4                0
    -0.0014371524    8.1511957e-05    -0.0080431327    -0.0035611012     -0.004353873    -0.0030219248    9.1093825e-31   -1.6021766e-19    -9.156439e-20    6.4559663e-19             3902                1
   -0.00025473567    8.9356392e-05    -0.0027775578     0.0002513681   -0.00092611741    -0.0014848066    9.1093825e-31   -1.6021766e-19    -9.156439e-20    6.4559663e-19             3882                1
   -0.00096719788    4.5209632e-05      0.005995376    0.00011145342     0.0074502886     0.0081689386    9.1093825e-31   -1.6021766e-19    -9.156439e-20    6.4559663e-19             3783                1
     0.0019281057    5.8489979e-05      0.012208247     0.0014169242      0.012402834     0.0012627166    9.1093825e-31   -1.6021766e-19    -9.156439e-20    6.4559663e-19             3930                1
     0.0016538714    6.0265505e-05      0.010372061   -0.00019592719     0.0081994748      0.001415657    9.1093825e-31   -1.6021766e-19    -9.156439e-20    6.4559663e-19             3815                1
     0.0012503538     5.341804e-05      0.011450136     3.207384e-05     0.0070877331   -5.4743567e-05    9.1093825e-31   -1.6021766e-19    -9.156439e-20    6.4559663e-19             3816                1
     0.0015810624    8.4331929e-05     0.0025428464   -0.00078289612      0.010875669     0.0044070599    9.1093825e-31   -1.6021766e-19    -9.156439e-20    6.4559663e-19             3768                1
    -0.0016705338    3.4071756e-05      0.010495594    -0.0011357217     0.0085302256    0.00096328411    9.1093825e-31   -1.6021766e-19    -9.156439e-20    6.4559663e-19             3943                1
     0.0060221842    2.3901117e-05     0.0048922505    -0.0010668451     0.0010953089    0.00066371472    9.1093825e-31   -1.6021766e-19    -9.156439e-20    6.4559663e-19              751                0
     0.0012850686    9.1096481e-05     0.0023451692      0.004045934    -0.0072367778    -0.0018995159    9.1093825e-31   -1.6021766e-19    -9.156439e-20    6.4559663e-19             4021                1
     0.0010775771    2.6866201e-06      0.013611367    0.00016114666     0.0055316626    2.5732301e-05    9.1093825e-31   -1.6021766e-19    -9.156439e-20    6.4559663e-19             4045                1
     0.0011493517    6.4746768e-05    -0.0065081473    -0.0024499504    -0.0032589047    -0.0003953285    9.1093825e-31   -1.6021766e-19    -9.156439e-20    6.4559663e-19             3775                1
    -0.0074882577    6.1369145e-05     -0.007309942    -0.0011931678      0.000496694     -0.002672198    9.1093825e-31   -1.6021766e-19    -9.156439e-20    6.4559663e-19              532                0
    -0.0009637503    4.7030378e-05     0.0060114949   -0.00060379115     0.0083099371     0.0056318855    9.1093825e-31   -1.6021766e-19    -9.156439e-20    6.4559663e-19             3822                1
    -0.0031000387    9.5897129e-05    -0.0019101943    0.00081118941    -0.0041600657     0.0063365893    9.1093825e-31   -1.6021766e-19    -9.156439e-20    6.4559663e-19             4035                1
    -0.0015765768    4.6155703e-05     -0.012447577     0.0026126821    -0.0064595416   -0.00088622491    9.1093825e-31   -1.6021766e-19    -9.156439e-20    6.4559663e-19             3716                1
   -0.00094870455    7.6141252e-05    -0.0058315382    0.00086602598    -0.0057063694     0.0014873544    9.1093825e-31   -1.6021766e-19    -9.156439e-20    6.4559663e-19             3944                1
   -0.00094355742    9.7023149e-05     0.0056463606     0.0023145378      -0.00237483     0.0055133146    9.1093825e-31   -1.6021766e-19    -9.156439e-20    6.4559663e-19             4029                1
     0.0022342238    3.9974086e-05    -0.0091328733    -0.0014989504     -0.010658851    0.00065158051    9.1093825e-31   -1.6021766e-19    -9.156439e-20    6.4559663e-19             3886                1
    0.00056152797    9.4601455e-05    0.00022022285    -0.0050245174   -0.00087787793    -0.0011710761    9.1093825e-31   -1.6021766e-19    -9.156439e-20    6.4559663e-19             3975                1
     0.0013979432    7.6460194e-05      0.011491906    0.00024334528     0.0099753197      0.000141349    9.1093825e-31   -1.6021766e-19    -9.156439e-20    6.4559663e-19             3821                1
     0.0047058375    8.2804982e-05    -0.0032031222    -0.0015312347     0.0041445205     0.0034825534    9.1093825e-31   -1.6021766e-19    -9.156439e-20    6.4559663e-19             2961                1
    0.00018988867    9.1568349e-05    -0.0010417865    -0.0022079027    -0.0084852353    -0.0014988764    9.1093825e-31   -1.6021766e-19    -9.156439e-20    6.4559663e-19             4034                1
     0.0016871991    2.5205443e-05      0.010340545     0.0033873746     0.0044431342    -0.0019755089    9.1093825e-31   -1.6021766e-19    -9.156439e-20    6.4559663e-19             3814                1
    -0.0012787268    6.2288942e-05     -0.012489544    -0.0052501461    -0.0072534764     0.0020864501    9.1093825e-31   -1.6021766e-19    -9.156439e-20    6.4559663e-19             3833                1
   -0.00025793636    6.5279739e-05    -0.0084185908     0.0049708108    -0.0099243401        0.0031081    9.1093825e-31   -1.6021766e-19    -9.156439e-20    6.4559663e-19             3968                1
    -0.0082809459    7.7893972e-05      0.014743335    5.3659351e-05   -0.00029187897     0.0012155573    9.1093825e-31   -1.6021766e-19    -9.156439e-20    6.4559663e-19              719                0
    -0.0091214199    1.2447887e-05     0.0025120378   -0.00066999311   -8.7805071e-05     0.0014006202    9.1093825e-31   -1.6021766e-19    -9.156439e-20    6.4559663e-19              874                0
    -0.0014849337    5.0234059e-05    -0.0084759714    -0.0027587262    -0.0061920136     0.0010447853    9.1093825e-31   -1.6021766e-19    -9.156439e-20    6.4559663e-19             3790                1
    -0.0016145897    5.5998313e-05     -0.012424266    1.7917073e-05    -0.0057757762     0.0007033638    9.1093825e-31   -1.6021766e-19    -9.156439e-20    6.4559663e-19             3717                1
    -0.0041204132    5.2666779e-05     0.0059581227     0.0015446483     0.0011106458   -0.00078402524    9.1093825e-31   -1.6021766e-19    -9.156439e-20    6.4559663e-19              628                0
     0.0012513823    7.9415171e-05      0.011457998    0.00014255579     0.0099084806    0.00080172002    9.1093825e-31   -1.6021766e-19    -9.156439e-20    6.4559663e-19             3817                1
     0.0011253858    9.9001976e-05     0.0077121877   -0.00019289961    -0.0050020567   -5.0360719e-05    9.1093825e-31   -1.6021766e-19    -9.156439e-20    6.4559663e-19             4050                1
     0.0049042879    9.9721052e-05    -0.0032409714      0.004553908   -2.4160032e-05     0.0027448996    9.1093825e-31   -1.6021766e-19    -9.156439e-20    6.4559663e-19             3939                1
    -0.0011399628    9.1834336e-05    -0.0086543914     -0.003714585    -0.0047664205     0.0017172529    9.1093825e-31   -1.6021766e-19    -9.156439e-20    6.4559663e-19             4007                1
     0.0072358493    7.0333444e-05     0.0061151711   -0.00059491186     0.0004707342     0.0019550901    9.1093825e-31   -1.6021766e-19    -9.156439e-20    6.4559663e-19              828                0
    0.00031144879    9.8477103e-05     0.0002308898    -0.0078643104    -0.0030365048    -0.0012841515    9.1093825e-31   -1.6021766e-19    -9.156439e-20    6.4559663e-19             4042                1
   -0.00073766726    6.1272425e-05    -0.0084398985   -0.00039758513    -0.0079844221     -0.005168858    9.1093825e-31   -1.6021766e-19    -9.156439e-20    6.4559663e-19             3910                1
      0.003204603    2.2281105e-05      0.014015366     0.0021606029     0.0059985346       0.00138603    9.1093825e-31   -1.6021766e-19    -9.156439e-20    6.4559663e-19             3961                1
     0.0019318444    9.8605797e-06      0.010533267      0.001209802     0.0036596435     0.0007028695    9.1093825e-31   -1.6021766e-19    -9.156439e-20    6.4559663e-19             3965                1
     0.0015209946    8.0015336e-05    -0.0089110956     0.0021157686      0.004502451    -0.0015166013    9.1093825e-31   -1.6021766e-19    -9.156439e-20    6.4559663e-19             3551                1
     0.0081884461    8.6650529e-05     -0.012487224    -0.0022117316    0.00020831023     0.0022222199    9.1093825e-31   -1.6021766e-19    -9.156439e-20    6.4559663e-19              586                0
     0.0032045145    1.3755386e-05      0.014013606   -0.00028185308     0.0053900038     0.0049978215    9.1093825e-31   -1.6021766e-19    -9.156439e-20    6.4559663e-19             3992                1
    -0.0049641128    7.6384393e-05    -0.0052768858    0.00099548325     0.0020210473   -0.00094579905    9.1093825e-31   -1.6021766e-19    -9.156439e-20    6.4559663e-19              660                0
       -0.0021249    3.2293701e-05      0.006360691    0.00095243508    -0.0011841251   -0.00029994251    9.1093825e-31   -1.6021766e-19    -9.156439e-20    6.4559663e-19             3394                1
    -0.0077176625    2.0258531e-05      0.011120719    0.00059615972   -0.00052059325     0.0015232124    9.1093825e-31   -1.6021766e-19    -9.156439e-20    6.4559663e-19              652                0
    -0.0014366694    5.6655874e-05    -0.0084288595    -0.0037741018    -0.0056533837    -0.0017811256    9.1093825e-31   -1.6021766e-19    -9.156439e-20    6.4559663e-19             3793                1
   -0.00054752093    1.4100586e-05     0.0094881365    0.00028747242     0.0062291129   -0.00073335099    9.1093825e-31   -1.6021766e-19    -9.156439e-20    6.4559663e-19             3994                1
   -1.4992226e-05    9.7091593e-05     0.0039016712     0.0032357138    -0.0016894949    -0.0025828965    9.1093825e-31   -1.6021766e-19    -9.156439e-20    6.4559663e-19             4015                1
     0.0018740423    8.8019251e-06       0.01224056    0.00034216739     0.0071892231     0.0021522089    9.1093825e-31   -1.6021766e-19    -9.156439e-20    6.4559663e-19             4018                1
   -0.00086239347    9.4143979e-05     -0.002867027    -0.0002678333    -0.0030524111    -0.0061009056    9.1093825e-31   -1.6021766e-19    -9.156439e-20    6.4559663e-19             4009                1
    -0.0011949511    9.8537814e-05     0.0061495174    -0.0014941022    -0.0028089317     0.0046463446    9.1093825e-31   -1.6021766e-19    -9.156439e-20    6.4559663e-19             4043                1
     0.0032070701    1.4071861e-05      0.013993755    0.00064010796     0.0055081663    -0.0021632796    9.1093825e-31   -1.6021766e-19    -9.156439e-20    6.4559663e-19             3991                1
     0.0028190506    2.4739154e-05    -0.0056386832    -0.0016870598     0.0020496631    1.2896446e-05    9.1093825e-31   -1.6021766e-19    -9.156439e-20    6.4559663e-19              860                0
     0.0012779973    9.3359558e-05     0.0023477273    -0.0019064752    -0.0053316182    0.00025407612    9.1093825e-31   -1.6021766e-19    -9.156439e-20    6.4559663e-19             4022                1
    -0.0033331641    3.3935925e-05     -0.012648236    -0.0009014004   -0.00098241307    -0.0015415596    9.1093825e-31   -1.6021766e-19    -9.156439e-20    6.4559663e-19              900                0
    -0.0064373501    3.5787754e-05    -0.0089012496    0.00088356086    0.00056973583    -0.0013282184    9.1093825e-31   -1.6021766e-19    -9.156439e-20    6.4559663e-19              132                0
      0.001145597    3.0404375e-05    -0.0096026734     0.0022866304    -0.0077285869     0.0046264511    9.1093825e-31   -1.6021766e-19    -9.156439e-20    6.4559663e-19             3763                1
    0.00059700955    9.3477174e-05    0.00023860107     0.0049311826    -0.0011942557     0.0039855144    9.1093825e-31   -1.6021766e-19    -9.156439e-20    6.4559663e-19             3974                1
     -0.002505027    9.3596405e-05    0.00081241381     0.0010226985     0.0010320231     0.0076481286    9.1093825e-31   -1.6021766e-19    -9.156439e-20    6.4559663e-19             3863                1
     0.0078212237    5.6080844e-05     -0.013154395     0.0024006085   -0.00023865121    -0.0017003278    9.1093825e-31   -1.6021766e-19    -9.156439e-20    6.4559663e-19              311                0
     0.0024932972    9.1025249e-05    -3.604099e-06    0.00096677832     0.0028461614    0.00075917086    9.1093825e-31   -1.6021766e-19    -9.156439e-20    6.4559663e-19             3730                1
    -0.0030043297    9.0415102e-05     -0.010480227    -0.0021577245     -0.004353188    -0.0035828918    9.1093825e-31   -1.6021766e-19    -9.156439e-20    6.4559663e-19             3993                1
     0.0017372812    2.2092554e-05      0.010450307     -0.004485806     0.0041448656   -0.00085197575    9.1093825e-31   -1.6021766e-19    -9.156439e-20    6.4559663e-19             3819                1
     0.0013457295    1.0991166e-05      0.011285227     -0.003798631     0.0043143895    0.00091372128    9.1093825e-31   -1.6021766e-19    -9.156439e-20    6.4559663e-19             3980                1
    -0.0072022807    2.2089886e-05     -0.001446402     0.0023321765   -0.00017023754   -0.00055496721    9.1093825e-31   -1.6021766e-19    -9.156439e-20    6.4559663e-19             2944                1
     0.0014296737    5.8078538e-05    -0.0089072641    -0.0020659857    -0.0071102739    -0.0022351218    9.1093825e-31   -1.6021766e-19    -9.156439e-20    6.4559663e-19             3854                1
    -0.0018816603    9.5520139e-05     0.0018307783    9.5316209e-05      0.011604921    -0.0044725193    9.1093825e-31   -1.6021766e-19    -9.156439e-20    6.4559663e-19             3760                1
     0.0017960249    7.2801246e-05      0.012315529    -0.0020626292    0.00082017365     0.0015995367    9.1093825e-31   -1.6021766e-19    -9.156439e-20    6.4559663e-19             3432                1
     0.0014534306    2.7104332e-05     -0.013007069    0.00044905912     -0.011786561     0.0044425903    9.1093825e-31   -1.6021766e-19    -9.156439e-20    6.4559663e-19             3840                1
     0.0078855073    5.1543095e-05     0.0085622817   -0.00029190362    6.0208445e-06     0.0012620623    9.1093825e-31   -1.6021766e-19    -9.156439e-20    6.4559663e-19              254                0
     0.0058297194    4.2389518e-05     0.0043717041   -0.00058867806      0.001097415   -0.00088109291    9.1093825e-31   -1.6021766e-19    -9.156439e-20    6.4559663e-19              270                0
     1.496296e-05    8.1015933e-05    -0.0013771537   -0.00024448667     0.0089977793    0.00014795655    9.1093825e-31   -1.6021766e-19    -9.156439e-20    6.4559663e-19             3702                1
    -0.0031756002    6.4697142e-06     0.0065946695    -0.0010678738     0.0039049061    -0.0032029266    9.1093825e-31   -1.6021766e-19    -9.156439e-20    6.4559663e-19             4008                1
    -0.0014951576    8.1822138e-05    -0.0066368748     0.0012701175     -0.004071706     -0.002846027    9.1093825e-31   -1.6021766e-19    -9.156439e-20    6.4559663e-19             3919                1
   -0.00028785536    9.1864727e-05    -0.0028800401     0.0023580233    -0.0035140298    -0.0066827126    9.1093825e-31   -1.6021766e-19    -9.156439e-20    6.4559663e-19             4001                1
   -0.00054766767    5.0555387e-05     0.0067804009     0.0058002286     0.0057139941    -0.0044904775    9.1093825e-31   -1.6021766e-19    -9.156439e-20    6.4559663e-19             3683                1
    0.00037061851    9.2362592e-05    -0.0037066832    -0.0036464473   -0.00059149222    -0.0006821577    9.1093825e-31   -1.6021766e-19    -9.156439e-20    6.4559663e-19             3858                1
    -0.0016613026    6.0976516e-05     -0.012468959     0.0053463262    -0.0089182295     0.0053363536    9.1093825e-31   -1.6021766e-19    -9.156439e-20    6.4559663e-19             3922                1
   -4.8622071e-05    8.2716884e-05     0.0038929859     0.0016562385      0.011218591    -0.0035364088    9.1093825e-31   -1.6021766e-19    -9.156439e-20    6.4559663e-19             3782                1
    -0.0025869238    9.1656402e-05    -0.0020715592    -0.0026387656    -0.0060420847     0.0029392526    9.1093825e-31   -1.6021766e-19    -9.156439e-20    6.4559663e-19             4016                1
    -0.0015880844    5.0857288e-05     -0.012433417    0.00079560612    -0.0094615882     0.0022970778    9.1093825e-31   -1.6021766e-19    -9.156439e-20    6.4559663e-19             3878                1
    -0.0012742149     5.749199e-05    -0.0085457601     -2.56888e-05    -0.0068710097   -2.8770792e-05    9.1093825e-31   -1.6021766e-19    -9.156439e-20    6.4559663e-19             3841                1
   -9.1162197e-05    6.0207938e-05      0.003478294   -0.00039273271     0.0090747057   -0.00049962371    9.1093825e-31   -1.6021766e-19    -9.156439e-20    6.4559663e-19             3773                1
    -0.0093878219    9.7939876e-05     -0.006611425    0.00038937401    0.00027806978     0.0004147873    9.1093825e-31   -1.6021766e-19    -9.156439e-20    6.4559663e-19              192                0
   -0.00095051859    9.2531802e-05     0.0056452216    -0.0040778564    -0.0064992434     0.0044665551    9.1093825e-31   -1.6021766e-19    -9.156439e-20    6.4559663e-19             4030                1
    -0.0031799404    2.6161017e-05     -0.010276042    0.00092785072    -0.0085555417    0.00075174851    9.1093825e-31   -1.6021766e-19    -9.156439e-20    6.4559663e-19             3780                1
     0.0014809412    4.2709748e-05     -0.013167981     0.0052522239    -0.0094986269   -0.00078678667    9.1093825e-31   -1.6021766e-19    -9.156439e-20    6.4559663e-19             3824                1
      0.003610881    6.4201163e-06     0.0035368151     0.0012193824     0.0019090264      0.002197661    9.1093825e-31   -1.6021766e-19    -9.156439e-20    6.4559663e-19              991                0
    -0.0010086446    8.3921135e-05    -0.0039106985    0.00046724678    -0.0047452752   -0.00016389845    9.1093825e-31   -1.6021766e-19    -9.156439e-20    6.4559663e-19             3976                1
    -0.0090812379    1.2886935e-05    -0.0020044209     0.0011683442    0.00024331217   -0.00095279427    9.1093825e-31   -1.6021766e-19    -9.156439e-20    6.4559663e-19              212                0
     0.0084548155     2.607484e-06     0.0014994662    0.00023848229    0.00038865616   -0.00083004491    9.1093825e-31   -1.6021766e-19    -9.156439e-20    6.4559663e-19              525                0
     0.0093473317    9.5157775e-06    -0.0093003362      0.001147185    5.9597853e-05    -0.0014044105    9.1093825e-31   -1.6021766e-19    -9.156439e-20    6.4559663e-19              690                0
   -0.00092162419    8.8341745e-05    -0.0027169264    0.00085355737    -0.0021958638   -0.00043573428    9.1093825e-31   -1.6021766e-19    -9.156439e-20    6.4559663e-19             3940                1
    -0.0040377718    7.1619877e-05    -0.0096718594    -0.0014623632    -0.0083767092     0.0036505067    9.1093825e-31   -1.6021766e-19    -9.156439e-20    6.4559663e-19             3969                1
     -0.008638693    2.7076881e-05    -0.0011298079     0.0008995164    0.00016820713    0.00099258195    9.1093825e-31   -1.6021766e-19    -9.156439e-20    6.4559663e-19              750                0
     0.0019229389    2.4409219e-05      0.012203145    0.00041554592     0.0057832533    0.00026705783    9.1093825e-31   -1.6021766e-19    -9.156439e-20    6.4559663e-19             3931                1
     0.0021965001    6.4010906e-05    -0.0091759888    -0.0071849371    -0.0070490739    -0.0058529382    9.1093825e-31   -1.6021766e-19    -9.156439e-20    6.4559663e-19             3887                1
   -0.00045400154    6.8471476e-05    0.00023201661    -0.0025460157        0.0084336    -0.0028031052    9.1093825e-31   -1.6021766e-19    -9.156439e-20    6.4559663e-19             3687                1
     0.0014681213    3.1318668e-05     -0.013044049   -1.0008249e-07     -0.011353351   -0.00033302102    9.1093825e-31   -1.6021766e-19    -9.156439e-20    6.4559663e-19             3843                1
    -0.0057574045    4.4986547e-05     0.0059220586    -0.0011549654    0.00095117162     0.0010284543    9.1093825e-31   -1.6021766e-19    -9.156439e-20    6.4559663e-19              220                0
   -1.6445218e-05     8.209041e-06      0.013866322   -0.00065074314     0.0077761789     0.0021240218    9.1093825e-31   -1.6021766e-19    -9.156439e-20    6.4559663e-19             4031                1
     0.0061296495      6.09819e-05    -0.0085378569    -0.0026972108    0.00086962664   -0.00053963799    9.1093825e-31   -1.6021766e-19    -9.156439e-20    6.4559663e-19              931                0
     0.0020069156    6.8020463e-06     -0.012359718   -0.00040057054     0.0058760922    -0.0022086266    9.1093825e-31   -1.6021766e-19    -9.156439e-20    6.4559663e-19             4032                1
    -0.0018518015    8.7056294e-05     0.0018313612     -0.004548471    -0.0036564397    -0.0034045258    9.1093825e-31   -1.6021766e-19    -9.156439e-20    6.4559663e-19             3985                1
     0.0014067946    6.0644674e-05    -0.0033476884   -0.00037202684     0.0067852577     0.0010568105    9.1093825e-31   -1.6021766e-19    -9.156439e-20    6.4559663e-19             3678                1
     0.0035989229    4.5902008e-05      0.012699906     0.0038535979     0.0074221017    -0.0017873843    9.1093825e-31   -1.6021766e-19    -9.156439e-20    6.4559663e-19             3879                1
     0.0028164152    7.5624535e-05    -0.0072276243    -0.0011958408    -0.0066140513   -0.00067581522    9.1093825e-31   -1.6021766e-19    -9.156439e-20    6.4559663e-19             3957                1
     0.0058319797    2.6373724e-05    -0.0031753408    -0.0010765243     0.0019620045      -0.00227627    9.1093825e-31   -1.6021766e-19    -9.156439e-20    6.4559663e-19              256                0
   -0.00018655237    4.5914523e-05      0.013770902     0.0015263264     0.0082291691   -0.00074914627    9.1093825e-31   -1.6021766e-19    -9.156439e-20    6.4559663e-19             3906                1
   -0.00014278475    9.8840836e-05     0.0034248712    -0.0029614267   -0.00013657378   -0.00080660899    9.1093825e-31   -1.6021766e-19    -9.156439e-20    6.4559663e-19             4010                1
      0.001453517    8.6019274e-05    -0.0033868216     0.0012559791    -0.0022790798    -0.0011545946    9.1093825e-31   -1.6021766e-19    -9.156439e-20    6.4559663e-19             3917                1
   -0.00086850754    6.5189386e-05    -0.0083790543    -0.0013217491    -0.0090498496    -0.0018920716    9.1093825e-31   -1.6021766e-19    -9.156439e-20    6.4559663e-19             3951                1
    -0.0093688145    8.7577733e-05      0.002045901    -0.0022445279    0.00074028457    -0.0018361306    9.1093825e-31   -1.6021766e-19    -9.156439e-20    6.4559663e-19              978                0
    -0.0016083324    7.9477635e-05     -0.012347356    -0.0011765696    -0.0043726335     0.0021585033    9.1093825e-31   -1.6021766e-19    -9.156439e-20    6.4559663e-19             3735                1
     0.0094013046    1.8894467e-05    0.00089909404     0.0014197748    3.5795631e-05   -0.00017854464    9.1093825e-31   -1.6021766e-19    -9.156439e-20    6.4559663e-19              637                0
     0.0010915675    8.1836923e-05    -0.0068519246     0.0032988114    -0.0068293759     0.0031160808    9.1093825e-31   -1.6021766e-19    -9.156439e-20    6.4559663e-19             3986                1
    -0.0015064797    7.9038771e-05    -0.0066238479   -0.00070155115    -0.0045526782    -0.0005770197    9.1093825e-31   -1.6021766e-19    -9.156439e-20    6.4559663e-19             3920                1
     0.0046585752    8.1507947e-05     0.0022597997   -0.00067234389     0.0023176621     0.0011537217    9.1093825e-31   -1.6021766e-19    -9.156439e-20    6.4559663e-19              229                0
     0.0010789168    6.2833838e-05    -0.0065535181   -0.00019033795    -0.0052439333     0.0015570077    9.1093825e-31   -1.6021766e-19    -9.156439e-20    6.4559663e-19             3836                1
    -0.0084914621    3.0974395e-05    -0.0014944111    0.00079782982    0.00027802988   -0.00040310289    9.1093825e-31   -1.6021766e-19    -9.156439e-20    6.4559663e-19              894                0
     0.0075647999     8.808884e-05     0.0055291415   -0.00099627569    0.00064037071     0.0030264759    9.1093825e-31   -1.6021766e-19    -9.156439e-20    6.4559663e-19              219                0
     0.0080483872    2.5640036e-05    -0.0029441118     0.0016755433    0.00044748507     0.0023100851    9.1093825e-31   -1.6021766e-19    -9.156439e-20    6.4559663e-19              309                0
    -0.0089631621    6.3974381e-05      0.011167209   -0.00023767665   -3.2686705e-05    -0.0006047276    9.1093825e-31   -1.6021766e-19    -9.156439e-20    6.4559663e-19              329                0
    -0.0017205646    1.7572784e-05      0.010482398      -0.00237828     -0.004464156   -0.00040198371    9.1093825e-31   -1.6021766e-19    -9.156439e-20    6.4559663e-19             3508                1
     0.0089596109    5.8764243e-05     0.0080865305    -0.0010037867     2.692202e-05     0.0016580364    9.1093825e-31   -1.6021766e-19    -9.156439e-20    6.4559663e-19              369                0
    -0.0012089534    3.8607948e-05     0.0066529037   -0.00079680182     0.0050714645    0.00010129403    9.1093825e-31   -1.6021766e-19    -9.156439e-20    6.4559663e-19             3684                1
   -0.00014159868    9.4533301e-05     0.0034225213    -0.0022958282    -0.0025534632     -0.002126174    9.1093825e-31   -1.6021766e-19    -9.156439e-20    6.4559663e-19             4011                1
     0.0011776806    1.1401964e-05      0.011335771     0.0052980129     0.0040848549     0.0057306513    9.1093825e-31   -1.6021766e-19    -9.156439e-20    6.4559663e-19             3970                1
   -0.00018708532    2.3868964e-05      0.013809132      0.001437888     0.0045668497     0.0055801296    9.1093825e-31   -1.6021766e-19    -9.156439e-20    6.4559663e-19             3907                1
     0.0032199414    2.0008458e-05      0.014070539     0.0066696554     0.0043843547     0.0010755034    9.1093825e-31   -1.6021766e-19    -9.156439e-20    6.4559663e-19             3932                1
     0.0017403816    9.3730241e-06      0.012036353     -0.003340903    -0.0057314266    -0.0023045223    9.1093825e-31   -1.6021766e-19    -9.156439e-20    6.4559663e-19             3512                1
    0.00026843019    7.2722934e-05     -0.008913761    -0.0016380502    -0.0079741413    -0.0060368949    9.1093825e-31   -1.6021766e-19    -9.156439e-20    6.4559663e-19             3962                1
     0.0071947724    6.6382745e-05    0.00079665234    -0.0015134031     0.0015456403   -0.00085123547    9.1093825e-31   -1.6021766e-19    -9.156439e-20    6.4559663e-19              476                0
    -0.0048070769    6.8500609e-05     -0.012891533     0.0013036213   -0.00052992202    -0.0016460667    9.1093825e-31   -1.6021766e-19    -9.156439e-20    6.4559663e-19              549                0
   -0.00079279451    7.1131806e-05      0.010249498     0.0026127524   -0.00085756602    0.00071580161    9.1093825e-31   -1.6021766e-19    -9.156439e-20    6.4559663e-19              569                0
    -0.0016269984    3.8047205e-05     -0.012393519    -0.0025512388    -0.0074445019     -0.001238959    9.1093825e-31   -1.6021766e-19    -9.156439e-20    6.4559663e-19             3734                1
     0.0012194797    8.4757514e-05    -0.0065546539     -0.005392056    -0.0042646197   -0.00096709293    9.1093825e-31   -1.6021766e-19    -9.156439e-20    6.4559663e-19             3952                1
    -0.0014137162    6.5022345e-05    -0.0079876641    0.00025797304    -0.0070222104     0.0060177511    9.1093825e-31   -1.6021766e-19    -9.156439e-20    6.4559663e-19             3903                1
    -0.0016531748    3.0661773e-05      0.010599712    -0.0019225086     0.0067666117   -0.00049402629    9.1093825e-31   -1.6021766e-19    -9.156439e-20    6.4559663e-19             3913                1
    -0.0077140406    4.3074899e-05     0.0039523961     0.0011590952    0.00063670159    0.00098684616    9.1093825e-31   -1.6021766e-19    -9.156439e-20    6.4559663e-19              934                0
     0.0015340126    1.2622992e-05      0.011403041   -0.00095284428     0.0039429772   -0.00041603841    9.1093825e-31   -1.6021766e-19    -9.156439e-20    6.4559663e-19             3948                1
     0.0014584038    6.7132518e-05    -0.0088646468    -0.0017344333    -0.0058683734     0.0042140409    9.1093825e-31   -1.6021766e-19    -9.156439e-20    6.4559663e-19             3849                1
      0.001440727    3.5703757e-05      0.011433344   -2.6732669e-05     0.0090115173   -0.00037766265    9.1093825e-31   -1.6021766e-19    -9.156439e-20    6.4559663e-19             3949                1
      0.001674145    6.6567489e-05     -0.012825687   -0.00024222907    0.00090710894    0.00016440528    9.1093825e-31   -1.6021766e-19    -9.156439e-20    6.4559663e-19             3329                1
    -0.0014218652           0.0001      0.011148395    -0.0016143809     0.0089665391      0.003104497    9.1093825e-31   -1.6021766e-19    -9.156439e-20    6.4559663e-19             3749                1
     0.0014731889    7.3860676e-05    -0.0086686546    -0.0020704723    -0.0052022315     0.0002866135    9.1093825e-31   -1.6021766e-19    -9.156439e-20    6.4559663e-19             3871                1
     0.0054592877    1.6786291e-05     0.0022571066    0.00061183848     0.0016548948     0.0025731171    9.1093825e-31   -1.6021766e-19    -9.156439e-20    6.4559663e-19               20                0
    -0.0042188098    7.3716066e-05    -0.0096905567    -0.0033829848    -0.0076626148   -0.00019911439    9.1093825e-31   -1.6021766e-19    -9.156439e-20    6.4559663e-19             3966                1
   -0.00091054133    7.7067692e-05    -0.0083864862      0.004733216    -0.0041924138    -0.0020983587    9.1093825e-31   -1.6021766e-19    -9.156439e-20    6.4559663e-19             3829                1
    -0.0012508736           0.0001     0.0060760719    -0.0014203461      0.011704007   -0.00058593164    9.1093825e-31   -1.6021766e-19    -9.156439e-20    6.4559663e-19             3755                1
      0.002397425    8.7759734e-05    -0.0092826309   -0.00088089966    -0.0046681431     -0.001370062    9.1093825e-31   -1.6021766e-19    -9.156439e-20    6.4559663e-19             3979                1
     0.0011045303    8.8279638e-05    -0.0094842175   -4.4140314e-05     0.0043662386    -0.0018556097    9.1093825e-31   -1.6021766e-19    -9.156439e-20    6.4559663e-19             3474                1
     0.0016717822    1.9997988e-05      0.011321691    -0.0014362724     0.0052765356     0.0017268282    9.1093825e-31   -1.6021766e-19    -9.156439e-20    6.4559663e-19             3936                1
     0.0034135976    1.3763263e-05    -0.0076165316    0.00011989046   -0.00017565064   -0.00027443166    9.1093825e-31   -1.6021766e-19    -9.156439e-20    6.4559663e-19             2921                1
     0.0059795748    6.0953516e-05      0.012092447   -0.00063628453    -0.0010358287     0.0020720756    9.1093825e-31   -1.6021766e-19    -9.156439e-20    6.4559663e-19              280                0
    0.00011540246    7.1502051e-05    -0.0011540056    -0.0012375918     0.0079868967   -0.00020508109    9.1093825e-31   -1.6021766e-19    -9.156439e-20    6.4559663e-19             3621                1
     0.0010568644    3.2858501e-05     0.0057192314    -0.0046028737     0.0079087159    0.00024732851    9.1093825e-31   -1.6021766e-19    -9.156439e-20    6.4559663e-19             3921                1
     0.0011902706    8.4902917e-05    -0.0093181748    0.00038533239    -0.0037699006   -0.00071487948    9.1093825e-31   -1.6021766e-19    -9.156439e-20    6.4559663e-19             3850                1
      0.001147032    9.2476294e-05     0.0058514941     0.0031460822      0.011131611     0.0057163332    9.1093825e-31   -1.6021766e-19    -9.156439e-20    6.4559663e-19             3756                1
     0.0028848574    5.4071261e-05     0.0099172965    0.00039645392   -0.00048078728    -0.0002370563    9.1093825e-31   -1.6021766e-19    -9.156439e-20    6.4559663e-19              177                0
     0.0016281748    6.4373053e-05     0.0024901454     0.0058640516       0.01081428    -0.0017478871    9.1093825e-31   -1.6021766e-19    -9.156439e-20    6.4559663e-19             3855                1
     0.0014324024    7.6806835e-05    -0.0033707914    -0.0024218501     -0.003878935      0.001636944    9.1093825e-31   -1.6021766e-19    -9.156439e-20    6.4559663e-19             3916                1
    -0.0032157856    5.5108208e-05     -0.010281337    -0.0023076844    -0.0059440462    0.00027058125    9.1093825e-31   -1.6021766e-19    -9.156439e-20    6.4559663e-19             3779                1
     -0.008253281    1.4362797e-05     0.0033880612    0.00095651421    0.00021526718    -0.0031899929    9.1093825e-31   -1.6021766e-19    -9.156439e-20    6.4559663e-19              184                0
    -0.0019657179    7.0400303e-05     0.0039782985    -0.0014200824     0.0023194931    9.3250273e-05    9.1093825e-31   -1.6021766e-19    -9.156439e-20    6.4559663e-19              699                0
   -0.00045016286    3.7809747e-05    -0.0082257232     0.0045728898    -0.0078231134    2.6392197e-05    9.1093825e-31   -1.6021766e-19    -9.156439e-20    6.4559663e-19             3803                1
    -0.0012320942    6.0028822e-05     0.0065953606     0.0040875147     0.0070893974     0.0010105587    9.1093825e-31   -1.6021766e-19    -9.156439e-20    6.4559663e-19             3711                1
    -0.0085910661    2.9686675e-05     0.0020927333    0.00042528371    0.00030076844   -0.00017251965    9.1093825e-31   -1.6021766e-19    -9.156439e-20    6.4559663e-19              264                0
     0.0051103472    2.7807115e-05    0.00018574427    0.00026901101     0.0020119541    -0.0012746226    9.1093825e-31   -1.6021766e-19    -9.156439e-20    6.4559663e-19              284                0
    -0.0017742079    3.8721395e-05      0.010574317     0.0034391514    -0.0038939838    4.9859259e-06    9.1093825e-31   -1.6021766e-19    -9.156439e-20    6.4559663e-19             3764                1
   -0.00064735813    7.6803874e-05    -0.0079757599     0.0025618135    -0.0050691231     0.0002090146    9.1093825e-31   -1.6021766e-19    -9.156439e-20    6.4559663e-19             3900                1
     0.0039974311    5.6532535e-05    -0.0067881537    -0.0033585776   -0.00020974127    0.00024829086    9.1093825e-31   -1.6021766e-19    -9.156439e-20    6.4559663e-19             3523                1
   -0.00083585223    2.4328672e-05    -0.0028703921    -0.0075528105    0.00046156099   -4.3394488e-05    9.1093825e-31   -1.6021766e-19    -9.156439e-20    6.4559663e-19             3498                1
   -0.00099556684     2.055412e-05    -0.0020898208   -8.4578838e-05     0.0032106196    0.00019256538    9.1093825e-31   -1.6021766e-19    -9.156439e-20    6.4559663e-19              384                0
     0.0013096121    9.3674244e-05     0.0025747751    0.00017796989    -0.0069087991   -0.00041000207    9.1093825e-31   -1.6021766e-19    -9.156439e-20    6.4559663e-19             4038                1
    -0.0033372783    5.1897165e-05     0.0062054992   -0.00099580898     0.0075344066    -0.0045530749    9.1093825e-31   -1.6021766e-19    -9.156439e-20    6.4559663e-19             3781                1
    -0.0092198281    5.0528379e-05   -0.00039391569    1.0610308e-05    0.00026323897    0.00067073561    9.1093825e-31   -1.6021766e-19    -9.156439e-20    6.4559663e-19              444                0
    -0.0059202593    2.0837262e-05    -0.0020493746    0.00017465022     0.0019870875    -0.0010519715    9.1093825e-31   -1.6021766e-19    -9.156439e-20    6.4559663e-19              464                0
    -0.0037242707    1.7924323e-05       0.01168237    0.00028962066    0.00024928196   -0.00042237589    9.1093825e-31   -1.6021766e-19    -9.156439e-20    6.4559663e-19             3644                1
     0.0056701209     8.613494e-05     0.0094104735     0.0016125082    0.00027987626     0.0017075842    9.1093825e-31   -1.6021766e-19    -9.156439e-20    6.4559663e-19             1322                1
     0.0026573944    2.2088378e-05      0.012181998    -0.0013155305    -0.0050040903    -0.0016170208    9.1093825e-31   -1.6021766e-19    -9.156439e-20    6.4559663e-19             3466                1
      0.001794934    1.7125383e-06      0.010431319     0.0019241152     0.0058379876    0.00073530438    9.1093825e-31   -1.6021766e-19    -9.156439e-20    6.4559663e-19             4049                1
     0.0083755106    5.9796897e-05    -0.0037955523   -0.00064247102    0.00086208974    0.00088353158    9.1093825e-31   -1.6021766e-19    -9.156439e-20    6.4559663e-19              564                0
    -0.0016821282     1.367319e-06     -0.011182952    -0.0016855326     0.0012293708    -0.0022143461    9.1093825e-31   -1.6021766e-19    -9.156439e-20    6.4559663e-19             4040                1
   -0.00072267203    5.8159978e-05    -0.0081138238    -0.0024552315     -0.010389625   -0.00054934458    9.1093825e-31   -1.6021766e-19    -9.156439e-20    6.4559663e-19             3947                1
    -0.0009136431    7.5839649e-05    -0.0028882911     0.0030620384    -0.0053315149     0.0075608478    9.1093825e-31   -1.6021766e-19    -9.156439e-20    6.4559663e-19             3953                1
   -0.00093419768    6.3700616e-05     0.0059024296     0.0046264743      0.011707489    -0.0027989463    9.1093825e-31   -1.6021766e-19    -9.156439e-20    6.4559663e-19             3881                1
    -0.0068191122    9.4370589e-05     0.0008155175    0.00019891316     0.0017812615   -8.7653818e-05    9.1093825e-31   -1.6021766e-19    -9.156439e-20    6.4559663e-19              664                0
     0.0010284367    6.2572391e-05    -0.0092832176     0.0032521139    -0.0068530808     0.0039599473    9.1093825e-31   -1.6021766e-19    -9.156439e-20    6.4559663e-19             3861                1
     0.0033811417    4.8251812e-05     0.0045851073   -0.00017482418     0.0019260366    -0.0018769915    9.1093825e-31   -1.6021766e-19    -9.156439e-20    6.4559663e-19              704                0
     0.0011022699    9.8159173e-05     -0.006398526     0.0017671878    -0.0025174399   -0.00064653793    9.1093825e-31   -1.6021766e-19    -9.156439e-20    6.4559663e-19             4041                1
    0.00015342435     3.475435e-05    0.00012533173    -0.0078291548     0.0061696609    0.00010134538    9.1093825e-31   -1.6021766e-19    -9.156439e-20    6.4559663e-19             3622                1
     0.0016260636    2.5899239e-05      0.010350303    0.00059058412     0.0085638361    0.00094074284    9.1093825e-31   -1.6021766e-19    -9.156439e-20    6.4559663e-19             3978                1
    -0.0065934188    7.4874348e-05     -0.010841982    0.00095559366   -0.00011708924    0.00099895685    9.1093825e-31   -1.6021766e-19    -9.156439e-20    6.4559663e-19              125                0
     -0.005017716    8.5559936e-05      0.013407622    0.00091780373    -0.0012935363    0.00043418352    9.1093825e-31   -1.6021766e-19    -9.156439e-20    6.4559663e-19              804                0
    -0.0013919992    2.0329138e-05      0.011162833   -0.00026287176     0.0066055818    0.00053586462    9.1093825e-31   -1.6021766e-19    -9.156439e-20    6.4559663e-19             3972                1
    0.00044994618    6.0762279e-05     0.0002989576    -1.059423e-05     0.0080489349   -0.00017010208    9.1093825e-31   -1.6021766e-19    -9.156439e-20    6.4559663e-19             3699                1
    -0.0012783714    7.8657999e-05     0.0066683497    0.00095085544     0.0083245095     0.0059613776    9.1093825e-31   -1.6021766e-19    -9.156439e-20    6.4559663e-19             3712                1
    -0.0014310891    7.1125396e-05    -0.0065455008     0.0010744407     0.0062304498    -0.0010807028    9.1093825e-31   -1.6021766e-19    -9.156439e-20    6.4559663e-19             3774                1
   -0.00089855556    2.7629678e-05     0.0069300551    -0.0008260397    -0.0023559309    -0.0038727582    9.1093825e-31   -1.6021766e-19    -9.156439e-20    6.4559663e-19             3736                1
     0.0012585509     5.530936e-05      0.011513123    0.00020339036    -0.0018038965     0.0015547251    9.1093825e-31   -1.6021766e-19    -9.156439e-20    6.4559663e-19             2668                1
    -0.0012057892     6.496835e-05     0.0061560627     0.0074160933      0.010651335    -0.0028516226    9.1093825e-31   -1.6021766e-19    -9.156439e-20    6.4559663e-19             3835                1
     0.0015959744    9.4171235e-05    -0.0051489938    0.00014023218    -0.0026761882   -5.1874271e-05    9.1093825e-31   -1.6021766e-19    -9.156439e-20    6.4559663e-19             3996                1
    0.00038771733    7.9619647e-05    -0.0036874178    -0.0013740691    -0.0022804188     0.0018778933    9.1093825e-31   -1.6021766e-19    -9.156439e-20    6.4559663e-19             3859                1
    -0.0067574023    8.2388593e-05      0.012296817    0.00030435857   -0.00064629858    0.00066837168    9.1093825e-31   -1.6021766e-19    -9.156439e-20    6.4559663e-19              988                0
    -0.0025468227    3.8429454e-05    -0.0018276656    -0.0029799929    0.00010750905    0.00033293181    9.1093825e-31   -1.6021766e-19    -9.156439e-20    6.4559663e-19             3658                1
    -0.0016215603    5.7548579e-05     -0.011210522   -0.00070063845    -0.0084523084     0.0047261692    9.1093825e-31   -1.6021766e-19    -9.156439e-20    6.4559663e-19             3884                1
    0.00083636079    9.3291725e-05     0.0059771552      0.003807121    -0.0064450046   -0.00021289659    9.1093825e-31   -1.6021766e-19    -9.156439e-20    6.4559663e-19             4036                1
    0.00042241937    7.1969494e-05    0.00035316983     0.0036061727     -0.008602499     0.0020180724    9.1093825e-31   -1.6021766e-19    -9.156439e-20    6.4559663e-19             3983                1
    -0.0012300806    4.0235351e-05     0.0060884221    -0.0030699058     0.0092071267     0.0019594415    9.1093825e-31   -1.6021766e-19    -9.156439e-20    6.4559663e-19             3923                1
   -0.00078433787    7.6711927e-05    -0.0058561382   -0.00067589193    -0.0070008258     0.0017023393    9.1093825e-31   -1.6021766e-19    -9.156439e-20    6.4559663e-19             3973                1
    0.00093227136     1.238706e-05      0.002557792     0.0038532712   -0.00042288905    -0.0047870157    9.1093825e-31   -1.6021766e-19    -9.156439e-20    6.4559663e-19             3552                1
    -0.0011157362    9.5336225e-05    -0.0057907463    -0.0053969072    -0.0041886568     0.0031226634    9.1093825e-31   -1.6021766e-19    -9.156439e-20    6.4559663e-19             4023                1
    -0.0024201358    8.1615472e-05    -0.0020987843    -0.0002004713    -0.0019288552    -0.0025943762    9.1093825e-31   -1.6021766e-19    -9.156439e-20    6.4559663e-19             3885                1
    -0.0024561579    1.9992628e-06     0.0061697159     0.0012860162    0.00095345528    0.00040427933    9.1093825e-31   -1.6021766e-19    -9.156439e-20    6.4559663e-19              485                0
     0.0015158564    5.4664968e-05     -0.012924223    -0.0015339477    -0.0078625316     0.0039122095    9.1093825e-31   -1.6021766e-19    -9.156439e-20    6.4559663e-19             3818                1
    5.9360209e-05     5.923936e-06      0.013767391     0.0085608643     0.0018422123   -0.00017875286    9.1093825e-31   -1.6021766e-19    -9.156439e-20    6.4559663e-19             3933                1
   -3.6351186e-05     9.815202e-07      0.013795557    -0.0028107367    -0.0080474606     0.0021021322    9.1093825e-31   -1.6021766e-19    -9.156439e-20    6.4559663e-19             3705                1
    -0.0020404933    3.6520334e-05     0.0063665565    -0.0004810422     0.0077884719   -0.00053113647    9.1093825e-31   -1.6021766e-19    -9.156439e-20    6.4559663e-19             3888                1
    -0.0041408697     4.941312e-05      -0.01219568     0.0047573419    -0.0066084396    0.00022843837    9.1093825e-31   -1.6021766e-19    -9.156439e-20    6.4559663e-19             3761                1
    0.00083380355    9.4155854e-05     0.0059770066     0.0012239168    -0.0055719675   -0.00036287072    9.1093825e-31   -1.6021766e-19    -9.156439e-20    6.4559663e-19             4037                1
    -0.0029530849    5.3414253e-05     -0.010632472    0.00081911648     -0.007064458    -0.0036508909    9.1093825e-31   -1.6021766e-19    -9.156439e-20    6.4559663e-19             3806                1
     -0.001924217    9.5418378e-05     0.0019722369    -1.423037e-05      0.011061625    0.00051635783    9.1093825e-31   -1.6021766e-19    -9.156439e-20    6.4559663e-19             3739                1
     0.0025214914    7.0937254e-05    -0.0076239342    -0.0013212789    -0.0052899956     0.0050189486    9.1093825e-31   -1.6021766e-19    -9.156439e-20    6.4559663e-19             3875                1
     0.0020779963    1.1192999e-05      0.014666792   -0.00070979912     0.0077786022    0.00015206865    9.1093825e-31   -1.6021766e-19    -9.156439e-20    6.4559663e-19             4013                1
     0.0023704837    7.3471296e-05    -0.0091622481     0.0018999851     0.0044310344    -0.0019170975    9.1093825e-31   -1.6021766e-19    -9.156439e-20    6.4559663e-19             3741                1
     0.0017361047    9.1424088e-05     0.0068233586    0.00022699173     0.0041449931     0.0006074665    9.1093825e-31   -1.6021766e-19    -9.156439e-20    6.4559663e-19             3409                1
    -0.0029382813    5.3560863e-05     -0.014582668   -4.4398003e-05    -0.0018284811    -0.0013799944    9.1093825e-31   -1.6021766e-19    -9.156439e-20    6.4559663e-19              422                0
    -0.0013917818     5.551814e-06    -0.0084111597    0.00067373796     -0.010707991   -2.3511899e-05    9.1093825e-31   -1.6021766e-19    -9.156439e-20    6.4559663e-19             3794                1
    -0.0011151037    6.3085296e-05     0.0061600124    -0.0011254327      0.010359515    0.00060475263    9.1093825e-31   -1.6021766e-19    -9.156439e-20    6.4559663e-19             3831                1
    -0.0010560026    5.2890067e-05      0.006010354    0.00055979873     0.0031483541    -0.0025790115    9.1093825e-31   -1.6021766e-19    -9.156439e-20    6.4559663e-19             3396                1
    -0.0045104539    8.0288904e-05      0.010425921    -0.0029138885   -0.00043544889     0.0010073144    9.1093825e-31   -1.6021766e-19    -9.156439e-20    6.4559663e-19              687                0
   -5.1244369e-05    4.9396851e-05     0.0042559798   -0.00082099694     0.0098572709   -0.00036813368    9.1093825e-31   -1.6021766e-19    -9.156439e-20    6.4559663e-19             3889                1
    3.9598479e-05    6.5396765e-05       0.00434377     0.0027136735     0.0094327843   -0.00078934181    9.1093825e-31   -1.6021766e-19    -9.156439e-20    6.4559663e-19             3769                1
    0.00098680647    8.0958067e-05    -0.0096125556    -0.0037762481     0.0042728432    0.00041283219    9.1093825e-31   -1.6021766e-19    -9.156439e-20    6.4559663e-19             3709                1
     0.0053772544    3.2898297e-05     0.0032467118    0.00026078237     0.0015076774    -0.0007046914    9.1093825e-31   -1.6021766e-19    -9.156439e-20    6.4559663e-19              581                0
     0.0013918962    3.5236691e-05      0.011554572    0.00031581472     0.0081952251    0.00035505623    9.1093825e-31   -1.6021766e-19    -9.156439e-20    6.4559663e-19             3934                1
    -0.0028831866    6.8909154e-05    -0.0058086552     0.0021286965    -0.0064237523    0.00046054562    9.1093825e-31   -1.6021766e-19    -9.156439e-20    6.4559663e-19             3927                1
     0.0013864876     7.090385e-05      0.001544559   -8.2222396e-05     0.0032594027    -0.0016330587    9.1093825e-31   -1.6021766e-19    -9.156439e-20    6.4559663e-19              641                0
     0.0013352606     7.504649e-05    -0.0051000225     0.0014086879    -0.0059665018     0.0027065824    9.1093825e-31   -1.6021766e-19    -9.156439e-20    6.4559663e-19             3950                1
      0.002011105    1.5986922e-06     -0.012350743     0.0034466395     0.0011000909     0.0060352096    9.1093825e-31   -1.6021766e-19    -9.156439e-20    6.4559663e-19             4033                1
    -0.0017127664    1.5504935e-05     -0.011163745    -0.0027718206     -0.010044943     -0.003729431    9.1093825e-31   -1.6021766e-19    -9.156439e-20    6.4559663e-19             3777                1
    -0.0029564684     4.471478e-05     -0.010341788    -3.711737e-05    -0.0068500703   -0.00012285226    9.1093825e-31   -1.6021766e-19    -9.156439e-20    6.4559663e-19             3771                1
    -0.0035043554    3.1600866e-05    -0.0099532567   -0.00041507743     -0.011158908    0.00027031751    9.1093825e-31   -1.6021766e-19    -9.156439e-20    6.4559663e-19             3870                1
    -0.0016061327    7.2472772e-05     -0.012372739   -0.00097687799    -0.0060390751    -0.0016216096    9.1093825e-31   -1.6021766e-19    -9.156439e-20    6.4559663e-19             3842                1
    -0.0013723918    4.9081485e-05     0.0055816211    -0.0047497749     0.0072450405     0.0023633561    9.1093825e-31   -1.6021766e-19    -9.156439e-20    6.4559663e-19             3743                1
     0.0013660458    7.0409784e-05    -0.0086095538    -0.0043570199    -0.0061288616    -0.0012863931    9.1093825e-31   -1.6021766e-19    -9.156439e-20    6.4559663e-19             3894                1
     0.0094239833    4.4390257e-05    -0.0040964745    0.00047716568    9.1475631e-05     0.0016113905    9.1093825e-31   -1.6021766e-19    -9.156439e-20    6.4559663e-19              821                0
    -0.0018443356    5.5808381e-05     0.0018750334    -0.0037020075     0.0087181274    -0.0012021349    9.1093825e-31   -1.6021766e-19    -9.156439e-20    6.4559663e-19             3801                1
    -0.0016307851    2.1215659e-05      0.010627136     0.0019102688     0.0051410082     0.0041992739    9.1093825e-31   -1.6021766e-19    -9.156439e-20    6.4559663e-19             3914                1
     0.0019730953    7.0261623e-05     -0.012689042    -0.0003914414     0.0016582557    -0.0034414579    9.1093825e-31   -1.6021766e-19    -9.156439e-20    6.4559663e-19             3669                1
    -0.0018146256    9.2969654e-05     0.0020044816     0.0022285858      0.010972271    0.00031456933    9.1093825e-31   -1.6021766e-19    -9.156439e-20    6.4559663e-19             3744                1
   -0.00038775738    4.4785469e-05    -0.0082959225     0.0036037988     -0.012259562     0.0027670707    9.1093825e-31   -1.6021766e-19    -9.156439e-20    6.4559663e-19             3935                1
     -0.005244337    1.9526724e-05     -0.010821309    -0.0031110109    -0.0014136261    0.00044366409    9.1093825e-31   -1.6021766e-19    -9.156439e-20    6.4559663e-19             2846                1
     -0.001404127    4.5353627e-05     -0.012626015    -0.0092250798    -0.0060632355    -0.0022482818    9.1093825e-31   -1.6021766e-19    -9.156439e-20    6.4559663e-19             3693                1
   -0.00083907199    5.1205228e-05    -0.0085023353    0.00029583558    -0.0038638548   -0.00053975632    9.1093825e-31   -1.6021766e-19    -9.156439e-20    6.4559663e-19             3718                1
     0.0014593086    5.4702232e-05     -0.013166802     0.0027406455    -0.0081078121   -0.00065267511    9.1093825e-31   -1.6021766e-19    -9.156439e-20    6.4559663e-19             3825                1
     0.0017958432    9.4291587e-05     0.0072675105   -0.00013289563      0.011751849   -0.00010230103    9.1093825e-31   -1.6021766e-19    -9.156439e-20    6.4559663e-19             3787                1
    -0.0036400156    2.9070705e-05      0.011510557    -0.0008916884     0.0059300219     0.0018278708    9.1093825e-31   -1.6021766e-19    -9.156439e-20    6.4559663e-19             3908                1
   -0.00084624504    9.5060765e-05     -0.008386407   -0.00024320112    -0.0015935613     0.0022062466    9.1093825e-31   -1.6021766e-19    -9.156439e-20    6.4559663e-19             3770                1
     0.0036097919    2.7551459e-05     0.0090938415    3.7958187e-05     0.0077041388    -0.0017091857    9.1093825e-31   -1.6021766e-19    -9.156439e-20    6.4559663e-19             3955                1
     0.0039913151    2.3689383e-05    0.00099105737    -0.0015213316     0.0022725128    -0.0015088398    9.1093825e-31   -1.6021766e-19    -9.156439e-20    6.4559663e-19              118                0
    -0.0015626654    7.7520133e-05      -0.01124853   -0.00033648044    -0.0052030766      0.005236154    9.1093825e-31   -1.6021766e-19    -9.156439e-20    6.4559663e-19             3844                1
    -0.0093913339    4.5165412e-05    -0.0036042049    0.00051449297    0.00053076603    0.00042821327    9.1093825e-31   -1.6021766e-19    -9.156439e-20    6.4559663e-19              158                0
     0.0014965213    5.0436513e-05     0.0024880276    -0.0018603376     0.0078314384     0.0022347679    9.1093825e-31   -1.6021766e-19    -9.156439e-20    6.4559663e-19             3750                1
   -6.9992443e-06    5.1612093e-05    -0.0058555747    -0.0020760964    -0.0069545973     0.0023152968    9.1093825e-31   -1.6021766e-19    -9.156439e-20    6.4559663e-19             3860                1
     0.0014528056    1.6918373e-05      0.011581519    -0.0028835987     0.0078135803     0.0022286498    9.1093825e-31   -1.6021766e-19    -9.156439e-20    6.4559663e-19             4002                1
    -0.0010708284    5.2498249e-06     0.0059490087   -0.00039236987     0.0045213904    0.00041391223    9.1093825e-31   -1.6021766e-19    -9.156439e-20    6.4559663e-19             4019                1
     0.0068441336      8.76786e-05     -0.013489629    -0.0004413705   -0.00028961751    0.00094169704    9.1093825e-31   -1.6021766e-19    -9.156439e-20    6.4559663e-19              213                0
     0.0018298096    2.5159334e-05     -0.012498513     0.0021973155     -0.010431336    -0.0060569351    9.1093825e-31   -1.6021766e-19    -9.156439e-20    6.4559663e-19             3798                1
    -0.0011081225     4.279218e-06     0.0057856441    -0.0014298615     0.0037626976    0.00046029789    9.1093825e-31   -1.6021766e-19    -9.156439e-20    6.4559663e-19             4020                1
     0.0017167806    9.3005081e-05    -0.0029809712    -3.685183e-05    -0.0010138834   -0.00020925094    9.1093825e-31   -1.6021766e-19    -9.156439e-20    6.4559663e-19             3924                1
     0.0012012671     5.471909e-05    -0.0069336323    -0.0013722441    -0.0073359655    0.00021521807    9.1093825e-31   -1.6021766e-19    -9.156439e-20    6.4559663e-19             3873                1
   -0.00092875789    6.1241379e-05       0.00593181    0.00026824445      0.011874182    0.00050131243    9.1093825e-31   -1.6021766e-19    -9.156439e-20    6.4559663e-19             3895                1
    -0.0029080368    9.0345573e-05    -0.0056284778    -0.0017326063    -0.0072308257   -0.00090818264    9.1093825e-31   -1.6021766e-19    -9.156439e-20    6.4559663e-19             4017                1
     -0.001352703    8.4662264e-05     -0.008411089     0.0020320124     0.0051154583     0.0033512784    9.1093825e-31   -1.6021766e-19    -9.156439e-20    6.4559663e-19             3642                1
     0.0012060979    5.4279186e-05      0.011479674     0.0018609593     0.0083092162    -0.0056178388    9.1093825e-31   -1.6021766e-19    -9.156439e-20    6.4559663e-19             3851                1
    -0.0012971043    2.3836415e-05     -0.014119517    -0.0017797444    -0.0095495926     0.0030855504    9.1093825e-31   -1.6021766e-19    -9.156439e-20    6.4559663e-19             3748                1
   -4.2888336e-05    7.5702323e-05     0.0034140339    -0.0027014136     0.0099949175   -0.00049041671    9.1093825e-31   -1.6021766e-19    -9.156439e-20    6.4559663e-19             3751                1
   -0.00097066746    9.8323879e-05     0.0055957884    -7.841333e-05      0.012771409    0.00027858984    9.1093825e-31   -1.6021766e-19    -9.156439e-20    6.4559663e-19             3788                1
     0.0015391366    2.1115906e-05     0.0072693541    -0.0027724258     0.0065215649     0.0017336077    9.1093825e-31   -1.6021766e-19    -9.156439e-20    6.4559663e-19             3956                1
    -0.0020928436    7.7145291e-05      0.006314279    -0.0022253206      0.010754454     0.0010855723    9.1093825e-31   -1.6021766e-19    -9.156439e-20    6.4559663e-19             3799                1
   -0.00090798998    8.2342835e-05     0.0061266879   -0.00012247982       0.01168217    0.00091545604    9.1093825e-31   -1.6021766e-19    -9.156439e-20    6.4559663e-19             3804                1
      0.003231456     6.955189e-05     0.0079006031   -0.00069986476    0.00049003033   -0.00054331584    9.1093825e-31   -1.6021766e-19    -9.156439e-20    6.4559663e-19              903                0
    -0.0084223887     5.444503e-05      0.010212117    0.00098377734    5.1254483e-05    0.00071628811    9.1093825e-31   -1.6021766e-19    -9.156439e-20    6.4559663e-19              578                0
    0.00032775584    1.1829613e-05      0.012335709    0.00077159517      0.007913121       0.00276092    9.1093825e-31   -1.6021766e-19    -9.156439e-20    6.4559663e-19             4012                1
      0.008377498     3.495441e-05     0.0096171787     0.0017476171   -4.2547534e-05    0.00014748625    9.1093825e-31   -1.6021766e-19    -9.156439e-20    6.4559663e-19              618                0
     0.0010945135    7.3067167e-05     0.0059976112    -0.0017263606      0.013165638   -0.00098157208    9.1093825e-31   -1.6021766e-19    -9.156439e-20    6.4559663e-19             3883                1
   -0.00092809397    9.7648757e-05     -0.008440502    0.00010674314    -0.0048925513   -0.00014646482    9.1093825e-31   -1.6021766e-19    -9.156439e-20    6.4559663e-19             4044                1
    -0.0009892747    2.8642247e-05     0.0060197273   -3.6261525e-05     0.0055590551   -0.00046511288    9.1093825e-31   -1.6021766e-19    -9.156439e-20    6.4559663e-19             3740                1
    -0.0013928429     6.051164e-05     -0.008473048   -0.00058336719    -0.0093006762   -0.00019141812    9.1093825e-31   -1.6021766e-19    -9.156439e-20    6.4559663e-19             3937                1
     0.0010706595    4.6721572e-05       0.01139186    -0.0019486294     0.0084439022     0.0024300199    9.1093825e-31   -1.6021766e-19    -9.156439e-20    6.4559663e-19             3890                1
     0.0015695889    9.5247051e-05    -0.0053468072      0.004738519     0.0087269302     0.0012238593    9.1093825e-31   -1.6021766e-19    -9.156439e-20    6.4559663e-19             3757                1
     0.0020415699    3.4780005e-05      0.014595678    -0.0011892355     0.0089951316     0.0027863299    9.1093825e-31   -1.6021766e-19    -9.156439e-20    6.4559663e-19             3963                1
    -0.0011424299     6.066175e-05     -0.012654191     0.0038093792    -0.0061870604    -0.0073881526    9.1093825e-31   -1.6021766e-19    -9.156439e-20    6.4559663e-19             3747                1
     0.0010450154    1.2177595e-05       0.01363334    -0.0018383639     0.0058219084     0.0013866329    9.1093825e-31   -1.6021766e-19    -9.156439e-20    6.4559663e-19             4004                1
    -0.0011055904    2.2246531e-05     0.0061707282    4.6891155e-06     0.0055034286     0.0018684706    9.1093825e-31   -1.6021766e-19    -9.156439e-20    6.4559663e-19             3832                1
    -0.0067105484     1.686689e-05     0.0051592304    -0.0004807862    0.00069288188     0.0010689159    9.1093825e-31   -1.6021766e-19    -9.156439e-20    6.4559663e-19              573                0
   -0.00079797982    5.9916852e-05    -0.0083527556    -0.0029479442    -0.0079839863     0.0022982175    9.1093825e-31   -1.6021766e-19    -9.156439e-20    6.4559663e-19             3904                1
     0.0013791679    1.4811777e-05      0.011556081    0.00064142671     0.0047201929    -0.0034709903    9.1093825e-31   -1.6021766e-19    -9.156439e-20    6.4559663e-19             3964                1
     0.0033937583    1.3736038e-05      0.012640825     0.0064085401     0.0052432767     -0.003463736    9.1093825e-31   -1.6021766e-19    -9.156439e-20    6.4559663e-19             3987                1
     0.0011895762     8.377331e-05      0.005848784     0.0043361513      0.011140692    3.3394572e-05    9.1093825e-31   -1.6021766e-19    -9.156439e-20    6.4559663e-19             3785                1
     0.0010820759    2.2174223e-05    -0.0096019367    0.00020599813     -0.012395652    -0.0011258235    9.1093825e-31   -1.6021766e-19    -9.156439e-20    6.4559663e-19             3862                1
     0.0012127321    5.3758835e-05      0.011327134    -0.0026124993     0.0080408314    -0.0030742411    9.1093825e-31   -1.6021766e-19    -9.156439e-20    6.4559663e-19             3838                1
    0.00020573885    6.2496256e-05      0.012346362    -0.0013309815     0.0099838646   -0.00087467389    9.1093825e-31   -1.6021766e-19    -9.156439e-20    6.4559663e-19             3876                1
    -0.0063793627     1.527846e-05     0.0051746755   -0.00086602737    0.00078285282     -0.002788191    9.1093825e-31   -1.6021766e-19    -9.156439e-20    6.4559663e-19              985                0
    -0.0015287212    6.3275133e-05    -0.0083086714     0.0036470927    -0.0083144149     0.0022479719    9.1093825e-31   -1.6021766e-19    -9.156439e-20    6.4559663e-19             3928                1
     0.0075970199    6.5435655e-05    0.00077340548   -0.00053353305    0.00098958518     0.0012068844    9.1093825e-31   -1.6021766e-19    -9.156439e-20    6.4559663e-19              614                0
     0.0020070188    3.8168277e-05     -0.012656639   -0.00089322519     -0.011151764     0.0024527309    9.1093825e-31   -1.6021766e-19    -9.156439e-20    6.4559663e-19             3877                1
     0.0012121594    1.7723964e-05      0.013548547    -0.0046460168     0.0071738493    -0.0040019369    9.1093825e-31   -1.6021766e-19    -9.156439e-20    6.4559663e-19             3995                1
    8.6275359e-05    3.9503946e-05     -0.013322446   -7.7802397e-05    -0.0015505346    0.00029237769    9.1093825e-31   -1.6021766e-19    -9.156439e-20    6.4559663e-19               79                0
    -0.0031454733    8.8254616e-05    -0.0018264186    -0.0018034326     0.0090629105     0.0088030882    9.1093825e-31   -1.6021766e-19    -9.156439e-20    6.4559663e-19             3720                1
    -0.0013579107    7.0868868e-05    -0.0085706897    5.4291863e-06    -0.0055977912    -0.0027632467    9.1093825e-31   -1.6021766e-19    -9.156439e-20    6.4559663e-19             3872                1
   -0.00077967305    4.9911814e-05    -0.0083872145    3.4915312e-05    -0.0096260495    -0.0033144595    9.1093825e-31   -1.6021766e-19    -9.156439e-20    6.4559663e-19             3905                1
    -0.0011862378    1.1712639e-05     0.0054810634    -0.0018501669    -0.0016891882   -8.2369959e-05    9.1093825e-31   -1.6021766e-19    -9.156439e-20    6.4559663e-19             3558                1
     0.0028990996    6.5942191e-07      0.014275279    -0.0068616136    -0.0082338564     -0.001896672    9.1093825e-31   -1.6021766e-19    -9.156439e-20    6.4559663e-19             3710                1
    -0.0036507002    1.4129232e-05      0.011656472     0.0013954325     -0.005024455     0.0029383725    9.1093825e-31   -1.6021766e-19    -9.156439e-20    6.4559663e-19             3495                1
     0.0019171187    4.1230967e-05      0.011359257    -0.0016688895     0.0070015443     0.0031141976    9.1093825e-31   -1.6021766e-19    -9.156439e-20    6.4559663e-19             3864                1
     0.0014954704    6.6256958e-05    -0.0088918703     0.0023629365    -0.0052215643    0.00027961741    9.1093825e-31   -1.6021766e-19    -9.156439e-20    6.4559663e-19             3807                1
     0.0036025587    3.0939248e-06      0.009255873    -0.0018540904     0.0079104723   -0.00035357414    9.1093825e-31   -1.6021766e-19    -9.156439e-20    6.4559663e-19             4046                1
    -0.0039491961    1.6844533e-05      0.011557388   -0.00040210679     0.0045713298    0.00031297377    9.1093825e-31   -1.6021766e-19    -9.156439e-20    6.4559663e-19             3946                1
   -0.00081732584    8.2765015e-05    -0.0029383742   -0.00039526689    -0.0034106625     0.0012318606    9.1093825e-31   -1.6021766e-19    -9.156439e-20    6.4559663e-19             3941                1
     0.0016553913    3.5368757e-05     0.0074449121    -0.0020422516     0.0073177414    0.00037064534    9.1093825e-31   -1.6021766e-19    -9.156439e-20    6.4559663e-19             3874                1
    0.00044180255           0.0001    0.00019280406     0.0021534921      0.011979654    -0.0013603002    9.1093825e-31   -1.6021766e-19    -9.156439e-20    6.4559663e-19             3767                1
     0.0010199726    8.3539373e-05    -0.0067027914     4.351449e-05     0.0064764167   -0.00072846538    9.1093825e-31   -1.6021766e-19    -9.156439e-20    6.4559663e-19             3727                1
    -0.0039422563    1.7070699e-05      0.011635084    -0.0041395742     0.0038004937     0.0015036641    9.1093825e-31   -1.6021766e-19    -9.156439e-20    6.4559663e-19             3901                1
     0.0049021794    9.5466385e-05     0.0071682925   -0.00090979022      0.010272131    0.00076251809    9.1093825e-31   -1.6021766e-19    -9.156439e-20    6.4559663e-19             3765                1
    -0.0010530255    8.4400788e-05     0.0059189848    -0.0019047295      0.010835172   -0.00072032877    9.1093825e-31   -1.6021766e-19    -9.156439e-20    6.4559663e-19             3772                1
     0.0015681284    9.3470902e-05    -0.0052262899     0.0016783869    -0.0024795141    -0.0023760141    9.1093825e-31   -1.6021766e-19    -9.156439e-20    6.4559663e-19             3982                1
    -0.0018877571    7.8101555e-05     0.0019101034    -0.0013857437     0.0094426153     0.0046053156    9.1093825e-31   -1.6021766e-19    -9.156439e-20    6.4559663e-19             3724                1
    -0.0019372366    5.7298246e-05     0.0064180274    0.00058820198       0.01006854    -0.0029401509    9.1093825e-31   -1.6021766e-19    -9.156439e-20    6.4559663e-19             3857                1
    -0.0022357106    7.8233003e-05     0.0028386458     0.0009706798     0.0099843331     0.0029584169    9.1093825e-31   -1.6021766e-19    -9.156439e-20    6.4559663e-19             3752                1
    -0.0016200183    1.2159335e-05      0.010693179   -0.00080241123     0.0051331571      0.000170766    9.1093825e-31   -1.6021766e-19    -9.156439e-20    6.4559663e-19             3988                1
   -0.00094033952    8.1939215e-05     0.0061538643    -0.0034913239       0.01163111      0.003745503    9.1093825e-31   -1.6021766e-19    -9.156439e-20    6.4559663e-19             3805                1
     0.0014603497    9.1941765e-05    -0.0053481963    -0.0042407457    -0.0057155695    -0.0076635517    9.1093825e-31   -1.6021766e-19    -9.156439e-20    6.4559663e-19             4014                1
    -0.0036787554    6.7695641e-05     -0.014374424   -7.3658455e-05    -0.0055485647   -4.2438087e-06    9.1093825e-31   -1.6021766e-19    -9.156439e-20    6.4559663e-19             3746                1
   -0.00069079042    9.2676593e-05    -0.0081056189    -0.0032446934    -0.0038064474    0.00011982502    9.1093825e-31   -1.6021766e-19    -9.156439e-20    6.4559663e-19             4003                1
     0.0026988795    3.1259086e-05      0.012212837     0.0010062146     0.0072927675    0.00028005231    9.1093825e-31   -1.6021766e-19    -9.156439e-20    6.4559663e-19             3938                1
   -0.00010174682    7.0814203e-05     0.0043066153    -0.0029714501     0.0097920718   -7.1390882e-06    9.1093825e-31   -1.6021766e-19    -9.156439e-20    6.4559663e-19             3766                1
    -0.0006915594    7.4156465e-05    -0.0078850891    -0.0010351246    -0.0073072636    0.00015950044    9.1093825e-31   -1.6021766e-19    -9.156439e-20    6.4559663e-19             3958                1
     0.0047213268    3.4107334e-06     0.0072337822    -0.0013482893     0.0020227593    0.00051358197    9.1093825e-31   -1.6021766e-19    -9.156439e-20    6.4559663e-19             3998                1
     0.0011749765    4.2779051e-05      0.013583712     0.0042320872     0.0052592074     0.0059581674    9.1093825e-31   -1.6021766e-19    -9.156439e-20    6.4559663e-19             3823                1
      0.001601225    8.8925946e-05    -0.0051454585     0.0021797912    -0.0047135777     0.0013221435    9.1093825e-31   -1.6021766e-19    -9.156439e-20    6.4559663e-19             3997                1
    -0.0008063179    9.3749171e-05    -0.0029539159      0.001873553    -0.0011486666    -0.0019717056    9.1093825e-31   -1.6021766e-19    -9.156439e-20    6.4559663e-19             3942                1
    0.00080582651    6.0083239e-06     0.0097415447    0.00014420931     0.0035285687     0.0015835699    9.1093825e-31   -1.6021766e-19    -9.156439e-20    6.4559663e-19             4006                1
     0.0013095158           0.0001       0.01138042    0.00043611246      0.013583166    0.00099759828    9.1093825e-31   -1.6021766e-19    -9.156439e-20    6.4559663e-19             3837                1
     0.0017830747           0.0001     -0.012872079     0.0047361702      0.002882604     0.0028685953    9.1093825e-31   -1.6021766e-19    -9.156439e-20    6.4559663e-19             3501                1
    -0.0033523648    6.5762913e-05    -0.0098649049   -0.00042680252       -0.0102014   -0.00021101114    9.1093825e-31   -1.6021766e-19    -9.156439e-20    6.4559663e-19             3971                1
      0.001819432    9.6611395e-05    -0.0030543087     0.0089997295     0.0010248624    -0.0036049504    9.1093825e-31   -1.6021766e-19    -9.156439e-20    6.4559663e-19             3800                1
   -0.00092794921    7.0256579e-06     0.0058205016    0.00052376877    -0.0020921668    -0.0022106152    9.1093825e-31   -1.6021766e-19    -9.156439e-20    6.4559663e-19             3574                1
    -0.0025431649    8.8660599e-05    0.00076332421     0.0012119752     0.0098058432     0.0023388201    9.1093825e-31   -1.6021766e-19    -9.156439e-20    6.4559663e-19             3714                1
   -0.00040299344     5.653191e-05     -0.008292268    0.00021451093    -0.0069852974    -0.0010322381    9.1093825e-31   -1.6021766e-19    -9.156439e-20    6.4559663e-19             3845                1
   -0.00037189183    5.1918505e-05    -0.0082721636      0.004141632    -0.0075604334     0.0015068271    9.1093825e-31   -1.6021766e-19    -9.156439e-20    6.4559663e-19             3846                1
    -0.0027840594    7.5161617e-05    -0.0068297475    0.00019220954    -0.0048123556     0.0011571345    9.1093825e-31   -1.6021766e-19    -9.156439e-20    6.4559663e-19             3897                1
      0.001725485    7.6841476e-05    -0.0030101938    -0.0033572926    -0.0052676466    -0.0019395198    9.1093825e-31   -1.6021766e-19    -9.156439e-20    6.4559663e-19             3954                1
    -0.0016466429    4.6352561e-05    -0.0084019098     -0.003308112     -0.009790008   -0.00063919055    9.1093825e-31   -1.6021766e-19    -9.156439e-20    6.4559663e-19             3896                1
     0.0021676281    5.8664256e-05    -7.674253e-05    0.00066846056     0.0082142977     0.0025486043    9.1093825e-31   -1.6021766e-19    -9.156439e-20    6.4559663e-19             3784                1
     0.0011250783     1.000159e-05      0.013728739     0.0013651346     0.0045335139    0.00032484287    9.1093825e-31   -1.6021766e-19    -9.156439e-20    6.4559663e-19             3999                1
   -0.00095446524    2.3211107e-05    -0.0083497632     -0.000424025      -0.01050429     0.0022215769    9.1093825e-31   -1.6021766e-19    -9.156439e-20    6.4559663e-19             3830                1
    -0.0012570313    8.6954606e-05     0.0066380058    -0.0011843643      0.010299783     4.537743e-05    9.1093825e-31   -1.6021766e-19    -9.156439e-20    6.4559663e-19             3753                1
     0.0010503106    1.5692211e-05      0.013633492    0.00048702225     0.0073656589     0.0014543588    9.1093825e-31   -1.6021766e-19    -9.156439e-20    6.4559663e-19             4005                1
     0.0030082101    8.4569663e-05    -0.0045356061    -0.0011044983    -0.0046561868   -0.00068913074    9.1093825e-31   -1.6021766e-19    -9.156439e-20    6.4559663e-19             3977                1
     0.0014749655    9.3789546e-05     -0.008858108    0.00018411608    -0.0022818642     0.0038661209    9.1093825e-31   -1.6021766e-19    -9.156439e-20    6.4559663e-19             3808                1
   -0.00091717642     8.761244e-05    -0.0028690172     0.0039359233    -0.0024621389     0.0043841512    9.1093825e-31   -1.6021766e-19    -9.156439e-20    6.4559663e-19             3945                1
     0.0019245805    5.2572555e-06       0.01212253    -0.0015995225     0.0061423029    0.00060264015    9.1093825e-31   -1.6021766e-19    -9.156439e-20    6.4559663e-19             4039                1
   -0.00088156975    5.1761959e-05     0.0060544661     0.0023603535     0.0082175219     2.662567e-05    9.1093825e-31   -1.6021766e-19    -9.156439e-20    6.4559663e-19             3789                1
     0.0024213097     7.018524e-05     -0.009186618     0.0027682807    -0.0066199442   -8.6275126e-05    9.1093825e-31   -1.6021766e-19    -9.156439e-20    6.4559663e-19             3915                1
    -0.0013696493    9.0690759e-05    -0.0066617248     0.0062567843     0.0066098091    -0.0015116493    9.1093825e-31   -1.6021766e-19    -9.156439e-20    6.4559663e-19             3639                1
      0.001593762           0.0001      0.002522035    -0.0019425103      0.013898801    -0.0031594525    9.1093825e-31   -1.6021766e-19    -9.156439e-20    6.4559663e-19             3809                1
     0.0023791792    7.0196642e-05    -0.0076115183     0.0013215971    -0.0042050108    -0.0030247874    9.1093825e-31   -1.6021766e-19    -9.156439e-20    6.4559663e-19             3810                1
     0.0014473997    6.1243569e-05      0.011351698    -0.0021589361     0.0078901285     -0.002622047    9.1093825e-31   -1.6021766e-19    -9.156439e-20    6.4559663e-19             3811                1
   -4.9846076e-05    9.8455414e-05     0.0035234776   -6.4651955e-05   -0.00097532076    4.6703273e-05    9.1093825e-31   -1.6021766e-19    -9.156439e-20    6.4559663e-19             4024                1
   -0.00094238162    9.0133748e-05    -0.0059711109    -0.0080631925    -0.0015629889    -0.0035382034    9.1093825e-31   -1.6021766e-19    -9.156439e-20    6.4559663e-19             3826                1
     0.0015660352    7.3175594e-05     -0.013034108   -2.9227618e-05    -0.0059456648    -0.0030852745    9.1093825e-31   -1.6021766e-19    -9.156439e-20    6.4559663e-19             3827                1
     0.0018335669    6.9604539e-06      0.012192484     0.0018075978     0.0018105143    0.00050862139    9.1093825e-31   -1.6021766e-19    -9.156439e-20    6.4559663e-19             3828                1
     0.0014655476    3.6606583e-05     -0.013035377      0.001960299     -0.010607962    0.00090994965    9.1093825e-31   -1.6021766e-19    -9.156439e-20    6.4559663e-19             3839                1
     0.0034840161    1.2500419e-05      0.012778617     0.0013521048     0.0023171038      0.002969858    9.1093825e-31   -1.6021766e-19    -9.156439e-20    6.4559663e-19             3847                1
     0.0011813332    3.2971697e-05    -0.0068651377     0.0037123931      -0.01022706   -0.00089524314    9.1093825e-31   -1.6021766e-19    -9.156439e-20    6.4559663e-19             3865                1
     0.0023741839    5.7837235e-05    -0.0075470572    0.00057387888    -0.0069715981     0.0036363297    9.1093825e-31   -1.6021766e-19    -9.156439e-20    6.4559663e-19             3866                1
    0.00040905908    8.6932494e-05    -0.0037470323     0.0020018697     -0.001476007    0.00097986916    9.1093825e-31   -1.6021766e-19    -9.156439e-20    6.4559663e-19             3867                1
    0.00045272909    8.8877081e-05    -0.0037710294      0.008044797    -0.0012139537    -0.0023406507    9.1093825e-31   -1.6021766e-19    -9.156439e-20    6.4559663e-19             3868                1
    -0.0035127096    7.3409647e-05    -0.0099667767    -0.0015748885    -0.0053768461    -0.0016074277    9.1093825e-31   -1.6021766e-19    -9.156439e-20    6.4559663e-19             3869                1
    -0.0010386294    6.6566041e-05    -0.0058818371   -0.00060204451    -0.0058381991   -0.00048923708    9.1093825e-31   -1.6021766e-19    -9.156439e-20    6.4559663e-19             3891                1
    -0.0010408525    8.2130056e-05    -0.0058761975   -0.00094819098    -0.0034179029    0.00038603469    9.1093825e-31   -1.6021766e-19    -9.156439e-20    6.4559663e-19             3892                1
       0.00182127     3.518397e-05      0.012104747     0.0023943826      0.006597349     0.0011435212    9.1093825e-31   -1.6021766e-19    -9.156439e-20    6.4559663e-19             3893                1
    0.00030092523    6.8478992e-05    -0.0087870546     0.0077451528     -0.006647883   -0.00016912165    9.1093825e-31   -1.6021766e-19    -9.156439e-20    6.4559663e-19             3898                1
   -0.00066073792    4.9808616e-05    -0.0079438621    0.00041722166    -0.0093869511     0.0053275465    9.1093825e-31   -1.6021766e-19    -9.156439e-20    6.4559663e-19             3899                1
      0.001670948    2.8211212e-05      0.012146087    -0.0024503237     0.0058631017     0.0018638708    9.1093825e-31   -1.6021766e-19    -9.156439e-20    6.4559663e-19             3909                1
     0.0020567398    1.8367675e-05      0.010625332   -6.5082771e-05     0.0056963959    0.00020386775    9.1093825e-31   -1.6021766e-19    -9.156439e-20    6.4559663e-19             3959                1
   -0.00051087287    9.0890455e-05    -0.0082901828   -6.7052766e-05    -0.0039701439   -0.00023298051    9.1093825e-31   -1.6021766e-19    -9.156439e-20    6.4559663e-19             3984                1
     0.0024139418    9.6336007e-05    -0.0092581976     0.0041112555    -0.0037081384    -0.0035546536    9.1093825e-31   -1.6021766e-19    -9.156439e-20    6.4559663e-19             4025                1
    -0.0024763434    9.7765827e-05    -0.0020088519    -0.0045917174    -0.0020735792     0.0065729455    9.1093825e-31   -1.6021766e-19    -9.156439e-20    6.4559663e-19             4026                1
    -0.0024639531    9.3401606e-05    -0.0020119676      0.006786902    -0.0060802512     0.0037116108    9.1093825e-31   -1.6021766e-19    -9.156439e-20    6.4559663e-19             4027                1
   -6.9080583e-05     9.728942e-05     0.0038863355    0.00090398709    -0.0021799172    -0.0060250792    9.1093825e-31   -1.6021766e-19    -9.156439e-20    6.4559663e-19             4028                1
    0.00080608466    9.7655124e-05     0.0010236297    -0.0003290053    -0.0078672413    0.00057436788    9.1093825e-31   -1.6021766e-19    -9.156439e-20    6.4559663e-19             4047                1
   -0.00054821692    9.7975186e-05     -0.002610106     0.0029820846    -0.0068345959   -0.00011277782    9.1093825e-31   -1.6021766e-19    -9.156439e-20    6.4559663e-19             4048                1
     0.0033665509    5.8216546e-07      0.012678427     0.0017512278     0.0058805761     0.0014884545    9.1093825e-31   -1.6021766e-19    -9.156439e-20    6.4559663e-19             4051                1
