%  ASCII export : 
%
%  Momentum is normalized to the product of particle's mass and speed of light.
%  All other quantities are in SI units.
%
%            posX             posY             posZ             momX             momY             momZ             mass           charge     macro-charge             time       particleID         sourceID

    0.00043131481    2.0272202e-05      0.012825243   -0.00097917754    -0.0050112046     -0.003547769    9.1093825e-31   -1.6021766e-19    -9.156439e-20     2.866383e-19             1811                1
     0.0035517425    9.6183241e-05     -0.013930596     0.0014805382    -0.0017689872   -0.00017501391    9.1093825e-31   -1.6021766e-19    -9.156439e-20     2.866383e-19                3                0
    -0.0089804204    2.3871788e-05    -0.0088709323     0.0015408858   -0.00083218212   -0.00056511955    9.1093825e-31   -1.6021766e-19    -9.156439e-20     2.866383e-19                5                0
    -0.0025954605     4.016628e-05    8.4484564e-05   -0.00028355638     0.0027080053    -0.0005612711    9.1093825e-31   -1.6021766e-19    -9.156439e-20     2.866383e-19              348                0
    -0.0092812236    3.8876689e-05    -0.0044671223     0.0020756384    -0.0004821872    0.00085980078    9.1093825e-31   -1.6021766e-19    -9.156439e-20     2.866383e-19             1002                1
     0.0022254311    1.1745107e-05      0.013339211    4.5486278e-05     0.0027691436     0.0010445809    9.1093825e-31   -1.6021766e-19    -9.156439e-20     2.866383e-19             1901                1
    -0.0063339137     1.889297e-05     0.0040028645    6.5590131e-05     0.0012070764    2.9680006e-05    9.1093825e-31   -1.6021766e-19    -9.156439e-20     2.866383e-19              997                0
   -0.00066932739    6.7987901e-05     -0.012144854    0.00043179502     -0.001936053      -0.00118392    9.1093825e-31   -1.6021766e-19    -9.156439e-20     2.866383e-19               55                0
     0.0063657551    8.9849082e-06      0.014281263     -0.000557639    -0.0011472821    0.00091658399    9.1093825e-31   -1.6021766e-19    -9.156439e-20     2.866383e-19              171                0
     0.0031209399    5.5916567e-05      0.014205013   -1.8814892e-05     0.0054408954     0.0022826169    9.1093825e-31   -1.6021766e-19    -9.156439e-20     2.866383e-19             1840                1
     0.0044449405    3.1040021e-05     0.0052763736   -0.00057742797     0.0018119231   -0.00038393142    9.1093825e-31   -1.6021766e-19    -9.156439e-20     2.866383e-19              154                0
     0.0065321126    7.3829266e-05     -0.013386708     0.0014132751   -0.00099830725      0.001394849    9.1093825e-31   -1.6021766e-19    -9.156439e-20     2.866383e-19              488                0
    -0.0024257111    5.9425554e-05     -0.014839679    -0.0012072672    -0.0027855393    0.00063287053    9.1093825e-31   -1.6021766e-19    -9.156439e-20     2.866383e-19               27                0
    0.00038498349    4.7834026e-05    -0.0087922849    -0.0014851512    -0.0072276304   -0.00074213592    9.1093825e-31   -1.6021766e-19    -9.156439e-20     2.866383e-19             1845                1
    -0.0016360816    5.1144612e-05      0.010667904    -0.0038613589      0.010778172   -0.00027501382    9.1093825e-31   -1.6021766e-19    -9.156439e-20     2.866383e-19             1934                1
    -0.0014793811    7.9551275e-05    -0.0066947164   -0.00046769634    -0.0057751853    0.00027174898    9.1093825e-31   -1.6021766e-19    -9.156439e-20     2.866383e-19             1954                1
     0.0079102898    9.4549367e-05     0.0076884124    0.00046826605     0.0011721094    -0.0015605742    9.1093825e-31   -1.6021766e-19    -9.156439e-20     2.866383e-19              235                0
     0.0080300057    1.5299456e-05     0.0085999388    -0.0021764222   -0.00013589545   -0.00020152757    9.1093825e-31   -1.6021766e-19    -9.156439e-20     2.866383e-19              961                0
      0.008695377    2.1392641e-05    0.00016940437     0.0020824224    0.00018609014    0.00017314652    9.1093825e-31   -1.6021766e-19    -9.156439e-20     2.866383e-19              386                0
    9.8352197e-05    5.9720653e-05    -0.0012522807   -0.00097898941    -0.0090450197    -0.0034907467    9.1093825e-31   -1.6021766e-19    -9.156439e-20     2.866383e-19             1957                1
    -0.0051945806    1.0493582e-05     -0.014044875    -0.0021295273    -0.0024711385    -0.0013915186    9.1093825e-31   -1.6021766e-19    -9.156439e-20     2.866383e-19              293                0
   -3.0079311e-05    8.1055994e-05     0.0043735923    -0.0049220501    -0.0066818497     0.0012106646    9.1093825e-31   -1.6021766e-19    -9.156439e-20     2.866383e-19             1976                1
     -0.005253897    5.9254242e-05     0.0089583257     0.0014858496    0.00036992694   -0.00043932578    9.1093825e-31   -1.6021766e-19    -9.156439e-20     2.866383e-19              355                0
     0.0076832836     4.562661e-05     -0.011905466   -0.00083420641    -0.0007781366    0.00070928218    9.1093825e-31   -1.6021766e-19    -9.156439e-20     2.866383e-19              451                0
    -0.0067327558    4.3826249e-06       0.01153102     0.0022780935   -0.00040154086    -0.0018213639    9.1093825e-31   -1.6021766e-19    -9.156439e-20     2.866383e-19              716                0
    -0.0064186533     4.028784e-05    -0.0020429515    -0.0001139731     0.0014314043    0.00093380344    9.1093825e-31   -1.6021766e-19    -9.156439e-20     2.866383e-19               32                0
     0.0033343658    3.2156342e-18       0.01273615    -0.0038578245    -0.0060720663    0.00015181742    9.1093825e-31   -1.6021766e-19    -9.156439e-20     2.866383e-19             1799                1
     0.0082871513    3.2877513e-05    0.00064700958    -0.0016623082    0.00058390549   -0.00062173989    9.1093825e-31   -1.6021766e-19    -9.156439e-20     2.866383e-19              455                0
     0.0058719888    1.3280458e-05     0.0030106164   -0.00040471987     0.0012219871   -5.6253275e-06    9.1093825e-31   -1.6021766e-19    -9.156439e-20     2.866383e-19              475                0
    -0.0043365941    6.2854022e-05     -0.012301352    -0.0043857838    -0.0059246374    -0.0068038716    9.1093825e-31   -1.6021766e-19    -9.156439e-20     2.866383e-19             1836                1
     -0.003981709    3.5619396e-05     0.0051982496     0.0029340012     0.0066770678    -0.0011195682    9.1093825e-31   -1.6021766e-19    -9.156439e-20     2.866383e-19             1908                1
     0.0051610456    2.7001812e-05    -0.0021340668    0.00082916272     0.0012390454     0.0019319517    9.1093825e-31   -1.6021766e-19    -9.156439e-20     2.866383e-19              535                0
    -0.0043131649     1.537364e-05     -0.007329511    -0.0031446491    -0.0085735526     0.0016001923    9.1093825e-31   -1.6021766e-19    -9.156439e-20     2.866383e-19             1832                1
     0.0019801378    2.0162547e-06      0.010761236    -0.0028623745     0.0025609436    -0.0015563142    9.1093825e-31   -1.6021766e-19    -9.156439e-20     2.866383e-19             1991                1
     0.0017365704    3.0082327e-05     0.0068909954   -0.00062443072     0.0070748846     -0.002516818    9.1093825e-31   -1.6021766e-19    -9.156439e-20     2.866383e-19             1928                1
    -0.0055011176    9.1707234e-06     0.0063443766     0.0014714063      0.001215557     0.0014966071    9.1093825e-31   -1.6021766e-19    -9.156439e-20     2.866383e-19              902                0
     0.0033097346    1.2533014e-05    -0.0076086409    0.00069500064     -0.012098166    0.00012958552    9.1093825e-31   -1.6021766e-19    -9.156439e-20     2.866383e-19             1897                1
    -0.0050436738     9.046949e-05     -0.014886775   -0.00029606564    -0.0016200604    -0.0025980053    9.1093825e-31   -1.6021766e-19    -9.156439e-20     2.866383e-19              839                0
     0.0040635685    7.6789947e-05    -0.0069645159    -0.0033101933    -0.0074063917   -0.00083805464    9.1093825e-31   -1.6021766e-19    -9.156439e-20     2.866383e-19             1965                1
    -0.0066852001    2.5295663e-05     0.0039513083     0.0030934257     0.0012551267    -0.0015918213    9.1093825e-31   -1.6021766e-19    -9.156439e-20     2.866383e-19              695                0
     0.0070106382    2.8692028e-05     0.0080794441    0.00093072379     0.0026348364   -0.00055310706    9.1093825e-31   -1.6021766e-19    -9.156439e-20     2.866383e-19             1763                1
      0.005056547    9.3163464e-05     0.0072053922   -0.00021846859     0.0021449358     0.0036273545    9.1093825e-31   -1.6021766e-19    -9.156439e-20     2.866383e-19              847                0
     0.0065378523    5.3044998e-05    -0.0076309484     0.0022384936    0.00077581429     0.0016484787    9.1093825e-31   -1.6021766e-19    -9.156439e-20     2.866383e-19                4                0
     0.0040481086     4.795429e-05     -0.011765941     0.0032331003    -0.0072250399    -0.0038686125    9.1093825e-31   -1.6021766e-19    -9.156439e-20     2.866383e-19             1833                1
    -0.0044504344    5.7249443e-05      0.012076308    9.9653778e-05    0.00047393702   -0.00014761463    9.1093825e-31   -1.6021766e-19    -9.156439e-20     2.866383e-19             1316                1
    -0.0061339182    2.9747713e-05     -0.012014364    1.0242075e-05    -0.0012033667    -0.0013669456    9.1093825e-31   -1.6021766e-19    -9.156439e-20     2.866383e-19              385                0
    -0.0024521665    7.2113529e-05    -0.0021756249   -0.00097988988    -0.0039396035    -0.0031357275    9.1093825e-31   -1.6021766e-19    -9.156439e-20     2.866383e-19             1918                1
    -0.0013421876    5.5925746e-05    -0.0080422768     0.0013335074    -0.0059348326     0.0065977899    9.1093825e-31   -1.6021766e-19    -9.156439e-20     2.866383e-19             1838                1
    -0.0011814918    1.3533375e-05      0.004649383     0.0014551381     0.0021607717     0.0014643328    9.1093825e-31   -1.6021766e-19    -9.156439e-20     2.866383e-19              968                0
    -0.0051176585    7.0331596e-05     0.0061042043    -0.0010715213     0.0018777355     0.0012494925    9.1093825e-31   -1.6021766e-19    -9.156439e-20     2.866383e-19              895                0
     0.0025028854    8.1683074e-06      0.012146831     0.0019815688     0.0038955421     0.0051182988    9.1093825e-31   -1.6021766e-19    -9.156439e-20     2.866383e-19             1975                1
      0.006139494    2.2431228e-05     0.0048208046    -0.0011152412       0.00150545    0.00066411583    9.1093825e-31   -1.6021766e-19    -9.156439e-20     2.866383e-19              751                0
     0.0075069242    1.4355406e-05    -0.0091285482   -0.00070716097   -0.00039599623    0.00033162005    9.1093825e-31   -1.6021766e-19    -9.156439e-20     2.866383e-19               10                0
     0.0014995921     8.042586e-05    -0.0051217382     0.0022817217    -0.0069556008    0.00098722428    9.1093825e-31   -1.6021766e-19    -9.156439e-20     2.866383e-19             1967                1
     0.0032931687    3.6374095e-05     0.0092458958    0.00013568472     0.0080447244   -2.7352164e-05    9.1093825e-31   -1.6021766e-19    -9.156439e-20     2.866383e-19             1932                1
    -0.0073617324    7.6353477e-05    -0.0070223967    -0.0011584898    0.00022916785    -0.0026722944    9.1093825e-31   -1.6021766e-19    -9.156439e-20     2.866383e-19              532                0
     0.0016440321    5.1013689e-05     0.0036595515   -0.00080889306     0.0081594139     0.0013247388    9.1093825e-31   -1.6021766e-19    -9.156439e-20     2.866383e-19             1854                1
   -0.00073135574    6.4608706e-05    -0.0027347205      0.001027287    -0.0069654542     0.0006392955    9.1093825e-31   -1.6021766e-19    -9.156439e-20     2.866383e-19             1943                1
    -0.0028754408    6.5723965e-05    -0.0069714123     0.0013834776    -0.0051333001    -0.0019008648    9.1093825e-31   -1.6021766e-19    -9.156439e-20     2.866383e-19             1864                1
     0.0015104477    4.2122472e-05    -0.0051494031     0.0030249804     -0.010499238    -0.0041868393    9.1093825e-31   -1.6021766e-19    -9.156439e-20     2.866383e-19             1929                1
    -0.0026280591    4.4144788e-05     -0.013956119    -0.0014209488    -0.0085686389    -0.0012864546    9.1093825e-31   -1.6021766e-19    -9.156439e-20     2.866383e-19             1850                1
   -0.00092819374    4.0295388e-05      0.005782729     0.0081182718     0.0074891588   -0.00030127133    9.1093825e-31   -1.6021766e-19    -9.156439e-20     2.866383e-19             1866                1
     0.0018528382    9.6242111e-05    -0.0019355313     0.0012033534     0.0081015062    0.00056031888    9.1093825e-31   -1.6021766e-19    -9.156439e-20     2.866383e-19             1751                1
     0.0035870906     9.271771e-05     0.0012113405    0.00091586681     0.0037443941   -0.00025235603    9.1093825e-31   -1.6021766e-19    -9.156439e-20     2.866383e-19              201                0
     0.0050276369    9.3932991e-05    0.00018710212    0.00033969662      0.011142105     0.0021536506    9.1093825e-31   -1.6021766e-19    -9.156439e-20     2.866383e-19             1865                1
    -0.0027021626    6.8601963e-05     0.0065552029    -0.0017499115     0.0025723861     0.0019403674    9.1093825e-31   -1.6021766e-19    -9.156439e-20     2.866383e-19              288                0
      0.006165491    7.6802884e-05     -0.014206791     0.0010312954   -0.00066341605   -0.00096890476    9.1093825e-31   -1.6021766e-19    -9.156439e-20     2.866383e-19              365                0
    0.00042562681     8.046873e-05    -0.0074654738    -0.0021354028     0.0042898795    -0.0070796935    9.1093825e-31   -1.6021766e-19    -9.156439e-20     2.866383e-19             1801                1
    -0.0086393468    5.1463348e-06     -0.012915141   -0.00016833907   -0.00085105561    -0.0017664364    9.1093825e-31   -1.6021766e-19    -9.156439e-20     2.866383e-19              301                0
    -0.0006611693     6.172125e-05    -0.0083044833    -0.0020446114    -0.0066320081     0.0035234406    9.1093825e-31   -1.6021766e-19    -9.156439e-20     2.866383e-19             1889                1
    -0.0075314962    7.7805489e-05     0.0008868181     0.0014752533     0.0028237058    0.00068255735    9.1093825e-31   -1.6021766e-19    -9.156439e-20     2.866383e-19             1389                1
     0.0030842805    5.7458743e-05      0.014257684    -0.0032673145     0.0055568097     0.0069497745    9.1093825e-31   -1.6021766e-19    -9.156439e-20     2.866383e-19             1839                1
    -0.0013104044    8.1519567e-05    -0.0081208618   -7.6401026e-05    -0.0041649858   -5.0296578e-05    9.1093825e-31   -1.6021766e-19    -9.156439e-20     2.866383e-19             1875                1
    -0.0042893798    5.5918295e-05     0.0060424027      0.001597579     0.0017625495   -0.00078332878    9.1093825e-31   -1.6021766e-19    -9.156439e-20     2.866383e-19              628                0
     0.0065805363    3.4922468e-05     0.0057034227    0.00044203753    0.00050730613   -0.00062841922    9.1093825e-31   -1.6021766e-19    -9.156439e-20     2.866383e-19              420                0
   -0.00076144992    8.5681117e-05    -0.0028160494     0.0011449548    -0.0031075038    3.0963565e-05    9.1093825e-31   -1.6021766e-19    -9.156439e-20     2.866383e-19             1946                1
    0.00014662549    3.9075287e-05    -0.0059341062    -0.0067725945    -0.0082209539     0.0015595687    9.1093825e-31   -1.6021766e-19    -9.156439e-20     2.866383e-19             1887                1
    -0.0012381028     3.512577e-05     0.0067131505     -0.006425112     0.0084989425    -0.0025051974    9.1093825e-31   -1.6021766e-19    -9.156439e-20     2.866383e-19             1944                1
    0.00069441588    6.6901797e-05     0.0097550396      0.004902673      0.010421451    -0.0047426433    9.1093825e-31   -1.6021766e-19    -9.156439e-20     2.866383e-19             1890                1
    -0.0066889455    7.8128083e-05    -0.0032300493     0.0011295992     0.0018971795    0.00097750768    9.1093825e-31   -1.6021766e-19    -9.156439e-20     2.866383e-19              984                0
    -0.0036799563    9.8836754e-05    -0.0014989937     0.0041228207   -0.00012430594     0.0059558004    9.1093825e-31   -1.6021766e-19    -9.156439e-20     2.866383e-19             1938                1
    -0.0032699544    8.3333616e-05     0.0061724125    -0.0065727131      0.010197292     0.0025874972    9.1093825e-31   -1.6021766e-19    -9.156439e-20     2.866383e-19             1828                1
     0.0052742227    3.6407193e-05     0.0064400164     0.0010914307     0.0010521909   -0.00040203959    9.1093825e-31   -1.6021766e-19    -9.156439e-20     2.866383e-19              580                0
    -0.0030811599    8.7322675e-05    -0.0016768982     0.0011767281    -0.0059953458    2.8661398e-05    9.1093825e-31   -1.6021766e-19    -9.156439e-20     2.866383e-19             1980                1
     0.0084276972    4.2475021e-05      -0.01272638    -0.0022329646    3.9741237e-05     0.0022222388    9.1093825e-31   -1.6021766e-19    -9.156439e-20     2.866383e-19              586                0
    -0.0017113435    8.9224726e-05     0.0017941041    0.00064205262      0.011794153   -0.00046179834    9.1093825e-31   -1.6021766e-19    -9.156439e-20     2.866383e-19             1863                1
    -0.0050742193    6.1036415e-05    -0.0051750583     0.0010484017     0.0014687404   -0.00094643875    9.1093825e-31   -1.6021766e-19    -9.156439e-20     2.866383e-19              660                0
      0.008927268    8.0606769e-05     0.0048351823    -0.0007971939     0.0014112694     0.0014987488    9.1093825e-31   -1.6021766e-19    -9.156439e-20     2.866383e-19             1080                1
    -0.0077835065    3.2537508e-05      0.010956792    0.00062635628   -0.00017136693     0.0015231416    9.1093825e-31   -1.6021766e-19    -9.156439e-20     2.866383e-19              652                0
   -5.0980936e-05    6.4321357e-05      0.013833048    0.00036729645     0.0083004236    1.7008217e-05    9.1093825e-31   -1.6021766e-19    -9.156439e-20     2.866383e-19             1883                1
     0.0011124143    4.7997357e-05     0.0025700168     -0.010758265     0.0068459464      0.001549391    9.1093825e-31   -1.6021766e-19    -9.156439e-20     2.866383e-19             1764                1
    -0.0090219425    1.0753575e-05     0.0015211954    -0.0022071912    5.8873742e-05    0.00013318844    9.1093825e-31   -1.6021766e-19    -9.156439e-20     2.866383e-19              760                0
     0.0022837748    8.4098298e-05   -4.2905853e-05    0.00047595607    -0.0016069673     0.0014208843    9.1093825e-31   -1.6021766e-19    -9.156439e-20     2.866383e-19             1922                1
    -0.0055121602     6.338548e-05     -0.014248615     0.0012625322    -0.0079570143    0.00079187949    9.1093825e-31   -1.6021766e-19    -9.156439e-20     2.866383e-19             1945                1
     0.0012803405    3.9694041e-05       0.01140449    -0.0030100765     0.0073895161     0.0013705808    9.1093825e-31   -1.6021766e-19    -9.156439e-20     2.866383e-19             1913                1
     0.0058571207    9.3927498e-05    -0.0074756998   -0.00012705791     0.0010982378   -0.00093646027    9.1093825e-31   -1.6021766e-19    -9.156439e-20     2.866383e-19              840                0
     0.0030030082    5.7182657e-05     -0.005640097    -0.0017310083     0.0012476116    1.2005145e-05    9.1093825e-31   -1.6021766e-19    -9.156439e-20     2.866383e-19              860                0
   -0.00091490749    4.4873486e-05    -0.0063944156    -0.0016030564     0.0031830221   -0.00036416357    9.1093825e-31   -1.6021766e-19    -9.156439e-20     2.866383e-19             1859                1
    -0.0032386356    4.9793671e-05     -0.012482476   -0.00085372041    -0.0017943799    -0.0015407853    9.1093825e-31   -1.6021766e-19    -9.156439e-20     2.866383e-19              900                0
    -0.0065349261    3.2207528e-05    -0.0087583596    0.00092906802    7.0376576e-05    -0.0013282934    9.1093825e-31   -1.6021766e-19    -9.156439e-20     2.866383e-19              132                0
     0.0078572556    8.6591162e-06      -0.01414312     0.0011978878    -0.0039184848    0.00011574286    9.1093825e-31   -1.6021766e-19    -9.156439e-20     2.866383e-19             1627                1
    -0.0072917091    5.0927098e-05    -0.0026879283    0.00062848907     0.0016845088    0.00067901268    9.1093825e-31   -1.6021766e-19    -9.156439e-20     2.866383e-19             1012                1
    -0.0037215429    3.5643101e-05    0.00040445122    -0.0013239413     0.0024362546     0.0026032634    9.1093825e-31   -1.6021766e-19    -9.156439e-20     2.866383e-19              893                0
     0.0075644688    4.4854216e-05     -0.012971434     0.0023699824   -0.00057056383    -0.0017002852    9.1093825e-31   -1.6021766e-19    -9.156439e-20     2.866383e-19              311                0
    -0.0069592302    3.4055069e-05    -0.0077787768    -0.0012816128   -8.7041182e-05     0.0005526779    9.1093825e-31   -1.6021766e-19    -9.156439e-20     2.866383e-19              791                0
    -0.0034166644    1.2818827e-05    -0.0098979175    -0.0023828638     -0.012406869    0.00012496271    9.1093825e-31   -1.6021766e-19    -9.156439e-20     2.866383e-19             1893                1
     0.0028805714    3.2516749e-05    -0.0070225159     0.0040103546     -0.010432338    0.00065013475    9.1093825e-31   -1.6021766e-19    -9.156439e-20     2.866383e-19             1911                1
    0.00043122485    5.1526971e-05    -0.0087893149     0.0024969443    -0.0076967743   -0.00067950919    9.1093825e-31   -1.6021766e-19    -9.156439e-20     2.866383e-19             1873                1
    -0.0010597921    5.3075557e-05     0.0058883894    -0.0041647092     0.0088581759     0.0050603091    9.1093825e-31   -1.6021766e-19    -9.156439e-20     2.866383e-19             1869                1
    -0.0062057618    1.4830141e-05     0.0028807533    3.9115715e-05     0.0015933415   -0.00011835215    9.1093825e-31   -1.6021766e-19    -9.156439e-20     2.866383e-19              677                0
   -6.9703943e-05    7.7463461e-05     0.0036494574     0.0026936473      0.011452626     0.0027555658    9.1093825e-31   -1.6021766e-19    -9.156439e-20     2.866383e-19             1882                1
    -0.0084717795    6.5828834e-05     -0.004791778     0.0003313694    0.00078967784   -0.00011238451    9.1093825e-31   -1.6021766e-19    -9.156439e-20     2.866383e-19              210                0
     0.0076932563    9.4340154e-05    -0.0080026789    4.5205675e-06     0.0020461888    -0.0028930288    9.1093825e-31   -1.6021766e-19    -9.156439e-20     2.866383e-19             1401                1
     0.0079184026    5.1837218e-05     0.0084264511   -0.00031977487    0.00031419678     0.0012621026    9.1093825e-31   -1.6021766e-19    -9.156439e-20     2.866383e-19              254                0
     0.0058956817    6.0700073e-05     0.0044664913   -0.00063876039     0.0014814581   -0.00088072015    9.1093825e-31   -1.6021766e-19    -9.156439e-20     2.866383e-19              270                0
      0.009297329    8.7531538e-05      0.012577273     0.0010797223     0.0005879224   -0.00051268534    9.1093825e-31   -1.6021766e-19    -9.156439e-20     2.866383e-19              812                0
     0.0089088408     1.589473e-05     -0.013919747   -0.00069827784     -0.001123021    0.00016488064    9.1093825e-31   -1.6021766e-19    -9.156439e-20     2.866383e-19              310                0
     0.0078350771    6.1358301e-06     -0.011316982     0.0002040111    -0.0014216611    0.00046847231    9.1093825e-31   -1.6021766e-19    -9.156439e-20     2.866383e-19              407                0
   -0.00086265785    4.1997595e-05    -0.0059297495   -1.2329518e-06     -0.011407851    -0.0011085246    9.1093825e-31   -1.6021766e-19    -9.156439e-20     2.866383e-19             1936                1
    -0.0075419685      5.51884e-05      -0.01214619    -0.0011472532   -4.9241412e-06    -0.0012045255    9.1093825e-31   -1.6021766e-19    -9.156439e-20     2.866383e-19              673                0
      0.008925844     8.457579e-05     0.0060983915     -0.001445927     0.0010569521    0.00046919478    9.1093825e-31   -1.6021766e-19    -9.156439e-20     2.866383e-19              390                0
     0.0085246209    1.4832032e-05      0.010217599    0.00026310282   -0.00013286776   -9.2368384e-05    9.1093825e-31   -1.6021766e-19    -9.156439e-20     2.866383e-19              410                0
     -0.002160772    4.7427515e-05     0.0062461537    -0.0024484014     0.0092490185     0.0030820048    9.1093825e-31   -1.6021766e-19    -9.156439e-20     2.866383e-19             1920                1
     0.0019033436    8.4991407e-06      0.012022647    -0.0030962205     0.0040594391    -0.0030081423    9.1093825e-31   -1.6021766e-19    -9.156439e-20     2.866383e-19             1972                1
   -3.6137684e-05    9.8525066e-05       0.01456393   -5.6257097e-05     0.0011955256     0.0001323552    9.1093825e-31   -1.6021766e-19    -9.156439e-20     2.866383e-19             1500                1
     0.0044549508    3.2072905e-05     -0.013481098    0.00049439102    -0.0038085412    -6.444376e-05    9.1093825e-31   -1.6021766e-19    -9.156439e-20     2.866383e-19             1596                1
    -0.0087551195     9.062959e-05     0.0050313803    -0.0012675998     0.0011607457      0.001688148    9.1093825e-31   -1.6021766e-19    -9.156439e-20     2.866383e-19              510                0
    -0.0094303805    9.4176808e-05    -0.0066560619    0.00040103638    0.00017106948    0.00041477347    9.1093825e-31   -1.6021766e-19    -9.156439e-20     2.866383e-19              192                0
     0.0001184666    7.5835953e-05    -0.0012489281     0.0035362204    -0.0054268269    -0.0027381352    9.1093825e-31   -1.6021766e-19    -9.156439e-20     2.866383e-19             1956                1
     0.0090302136    6.0212433e-06     -0.012601174    -0.0025055746    -0.0010979506    -0.0020285223    9.1093825e-31   -1.6021766e-19    -9.156439e-20     2.866383e-19              747                0
     0.0047742762     9.059663e-05    -0.0034696867    0.00028188832    -0.0019649598    -0.0065615191    9.1093825e-31   -1.6021766e-19    -9.156439e-20     2.866383e-19             1930                1
     0.0034822233     2.956965e-05     0.0033003015     0.0011703403     0.0025124995     0.0021985366    9.1093825e-31   -1.6021766e-19    -9.156439e-20     2.866383e-19              991                0
    -0.0019358917    3.2340336e-05     0.0045601814    -0.0013128582     0.0021241631    -0.0013502126    9.1093825e-31   -1.6021766e-19    -9.156439e-20     2.866383e-19              630                0
    -0.0092075979    2.7559714e-05    -0.0019018896     0.0011800322    0.00021095533   -0.00095278985    9.1093825e-31   -1.6021766e-19    -9.156439e-20     2.866383e-19              212                0
     0.0084301401     2.113667e-05     0.0015887874     0.0002198654    0.00045322624   -0.00083002797    9.1093825e-31   -1.6021766e-19    -9.156439e-20     2.866383e-19              525                0
     0.0092245042    1.3112701e-05    -0.0091492049     0.0011355039   -5.1429692e-05    -0.0014044204    9.1093825e-31   -1.6021766e-19    -9.156439e-20     2.866383e-19              690                0
    -0.0016089717    3.1658707e-05       0.01066434    0.00085956324     0.0073864497   -0.00090022956    9.1093825e-31   -1.6021766e-19    -9.156439e-20     2.866383e-19             1935                1
   -0.00086054561    8.5673375e-05    -0.0027772558    -0.0039779549     -0.006151747    -0.0062975124    9.1093825e-31   -1.6021766e-19    -9.156439e-20     2.866383e-19             1978                1
    -0.0087362919    6.4051688e-05    -0.0012366307    0.00091421674    8.7457207e-05    0.00099258428    9.1093825e-31   -1.6021766e-19    -9.156439e-20     2.866383e-19              750                0
    -0.0012370961    9.3189825e-05      0.006644465   -5.0958938e-06      0.010859007     0.0012801001    9.1093825e-31   -1.6021766e-19    -9.156439e-20     2.866383e-19             1815                1
     0.0033925846    4.7205322e-05      0.012696011   -0.00058649282     0.0079497118   -0.00021927498    9.1093825e-31   -1.6021766e-19    -9.156439e-20     2.866383e-19             1916                1
     0.0033421938    2.8850902e-05     0.0078956243    -0.0017627525     0.0060046208     0.0019545679    9.1093825e-31   -1.6021766e-19    -9.156439e-20     2.866383e-19             1905                1
     -0.007483473    6.8664602e-05    -0.0013698154     0.0028636246     0.0015745024   -0.00085060799    9.1093825e-31   -1.6021766e-19    -9.156439e-20     2.866383e-19              257                0
    -0.0056357561    3.5225596e-05     0.0058113397    -0.0011035476     0.0015576462     0.0010289431    9.1093825e-31   -1.6021766e-19    -9.156439e-20     2.866383e-19              220                0
     0.0067168106    7.9060243e-05     0.0091678351    -0.0016377866     0.0012928139     0.0013764866    9.1093825e-31   -1.6021766e-19    -9.156439e-20     2.866383e-19              870                0
       0.00642257    4.0960593e-05    -0.0084798234    -0.0027448393    0.00029853263   -0.00053977798    9.1093825e-31   -1.6021766e-19    -9.156439e-20     2.866383e-19              931                0
    -0.0026558475    4.3720462e-05    -0.0080943815    0.00015774913    3.5251127e-05    0.00086895737    9.1093825e-31   -1.6021766e-19    -9.156439e-20     2.866383e-19              217                0
   -0.00079796975    5.0525483e-05    3.8674832e-05   -3.2360702e-05     0.0012790366   -0.00091956445    9.1093825e-31   -1.6021766e-19    -9.156439e-20     2.866383e-19             1766                1
     0.0014867386    5.1498715e-05    -0.0089529306    -0.0026706259    -0.0084249126    0.00036657794    9.1093825e-31   -1.6021766e-19    -9.156439e-20     2.866383e-19             1909                1
     0.0018177883    5.8982409e-05      0.010648249     0.0026374536     0.0087538846    -0.0026847259    9.1093825e-31   -1.6021766e-19    -9.156439e-20     2.866383e-19             1874                1
     0.0048394743    1.6829848e-05     0.0071753217    0.00022259205    0.00060833618     0.0030142146    9.1093825e-31   -1.6021766e-19    -9.156439e-20     2.866383e-19               18                0
     0.0059505892    1.9529212e-05    -0.0029303145    -0.0011260203      0.001657611    -0.0022766215    9.1093825e-31   -1.6021766e-19    -9.156439e-20     2.866383e-19              256                0
     0.0003839838    5.9615145e-06      0.012837547     0.0050579216     0.0037876521     0.0041843695    9.1093825e-31   -1.6021766e-19    -9.156439e-20     2.866383e-19             1984                1
    -0.0036414559    1.7544657e-05     -0.014335667    -0.0023592969     -0.002429815    0.00044128919    9.1093825e-31   -1.6021766e-19    -9.156439e-20     2.866383e-19              567                0
   -0.00055120565    6.7827285e-05     -0.002532217   -0.00017343025    -0.0057330132   -0.00099991227    9.1093825e-31   -1.6021766e-19    -9.156439e-20     2.866383e-19             1933                1
     0.0024233828    9.1551861e-05    -0.0091644609    -0.0050688446    -0.0032193949    -0.0012693903    9.1093825e-31   -1.6021766e-19    -9.156439e-20     2.866383e-19             1852                1
    -0.0035266606    4.6582187e-05     0.0025699406     0.0035501278     0.0070189224    -0.0082445834    9.1093825e-31   -1.6021766e-19    -9.156439e-20     2.866383e-19             1849                1
     0.0023244796    7.3321891e-05   -5.6992787e-05    0.00010062603     -0.006006991    0.00086805451    9.1093825e-31   -1.6021766e-19    -9.156439e-20     2.866383e-19             1959                1
     0.0092491545    5.3914067e-05    0.00091830187     0.0014080741    5.4837372e-05   -0.00017855594    9.1093825e-31   -1.6021766e-19    -9.156439e-20     2.866383e-19              637                0
   -0.00077665574     6.659895e-05    -0.0028199959     -0.001752447    -0.0067458171   -0.00072025304    9.1093825e-31   -1.6021766e-19    -9.156439e-20     2.866383e-19             1947                1
     0.0017086515    8.3773441e-05     -0.014422348    -0.0029944608    -0.0021283508     -0.000413489    9.1093825e-31   -1.6021766e-19    -9.156439e-20     2.866383e-19              983                0
     0.0047336789    6.4014319e-05     0.0021357313   -0.00072520447     0.0026049749     0.0011542244    9.1093825e-31   -1.6021766e-19    -9.156439e-20     2.866383e-19              229                0
    -0.0028708319    2.1369966e-05    -0.0057022446    0.00042390608    0.00095466897    -0.0028077972    9.1093825e-31   -1.6021766e-19    -9.156439e-20     2.866383e-19              507                0
    -0.0085782567    6.5061147e-05    -0.0014510393    0.00081507186    0.00019277503   -0.00040310793    9.1093825e-31   -1.6021766e-19    -9.156439e-20     2.866383e-19              894                0
   -2.6632641e-05     8.600406e-05     0.0043610805    -0.0035829255    -0.0047580986    -0.0036493177    9.1093825e-31   -1.6021766e-19    -9.156439e-20     2.866383e-19             1977                1
     0.0078694802    6.5238448e-05    -0.0031927165     0.0016490082    0.00039109142     0.0023100367    9.1093825e-31   -1.6021766e-19    -9.156439e-20     2.866383e-19              309                0
    -0.0089382008    5.1075545e-05      0.011232282   -0.00022588958    8.1339633e-05   -0.00060472783    9.1093825e-31   -1.6021766e-19    -9.156439e-20     2.866383e-19              329                0
     0.0076590981    7.3457581e-05     -0.014102221     -0.002894239    3.3259708e-05      0.001357373    9.1093825e-31   -1.6021766e-19    -9.156439e-20     2.866383e-19              349                0
     0.0090682469    5.9084534e-05     0.0079081021    -0.0010154403    0.00015400352     0.0016580529    9.1093825e-31   -1.6021766e-19    -9.156439e-20     2.866383e-19              369                0
    -0.0050056186    9.6972602e-05       -0.0107529    -0.0033515834    -0.0040050177    -0.0031899544    9.1093825e-31   -1.6021766e-19    -9.156439e-20     2.866383e-19             1993                1
    0.00028985043    9.0656693e-05      0.012515426    -0.0028990619     0.0020799541    -0.0073967525    9.1093825e-31   -1.6021766e-19    -9.156439e-20     2.866383e-19             1507                1
    -0.0022542875    3.7576414e-05     0.0071913493     0.0020448565     0.0021104976    0.00015852708    9.1093825e-31   -1.6021766e-19    -9.156439e-20     2.866383e-19              632                0
    0.00070958899    4.5247773e-05    -0.0040719802     0.0034348206    -0.0079946863   -9.9330668e-05    9.1093825e-31   -1.6021766e-19    -9.156439e-20     2.866383e-19             1914                1
      -0.00896639    9.8236946e-05    0.00046654261     0.0010506592    0.00071193115    0.00012354134    9.1093825e-31   -1.6021766e-19    -9.156439e-20     2.866383e-19              469                0
     0.0033114748    3.3150682e-05    -0.0074680499   -2.3034081e-05      -0.00942434   -4.1504863e-06    9.1093825e-31   -1.6021766e-19    -9.156439e-20     2.866383e-19             1891                1
     0.0013452548    3.5924695e-05      0.011334682    -0.0044397209     0.0092594307     0.0025488546    9.1093825e-31   -1.6021766e-19    -9.156439e-20     2.866383e-19             1953                1
     0.0073595294    3.5091623e-05     0.0008883113    -0.0015489701     0.0015207077   -0.00085122656    9.1093825e-31   -1.6021766e-19    -9.156439e-20     2.866383e-19              476                0
    -0.0049501942    4.1482504e-05       -0.0127145     0.0013572065    -0.0011344388      -0.00164565    9.1093825e-31   -1.6021766e-19    -9.156439e-20     2.866383e-19              549                0
    -0.0010747957    6.6160035e-05      0.010172273     0.0026290424     0.0002816304    0.00071557722    9.1093825e-31   -1.6021766e-19    -9.156439e-20     2.866383e-19              569                0
     0.0016534723    9.2674498e-05     0.0072029987    -0.0052775624     0.0045725848     0.0046308185    9.1093825e-31   -1.6021766e-19    -9.156439e-20     2.866383e-19             1467                1
    -0.0013315137    5.2944183e-06     -0.012561862     0.0020202503     -0.011907279    0.00020992641    9.1093825e-31   -1.6021766e-19    -9.156439e-20     2.866383e-19             1841                1
     0.0094991447    7.5423814e-05     -0.014543389   -9.5174277e-05    3.3219691e-05     0.0020946027    9.1093825e-31   -1.6021766e-19    -9.156439e-20     2.866383e-19              922                0
    -0.0011257302    4.4005006e-05     -0.012403197    -0.0023332003     -0.002128535   -0.00038009149    9.1093825e-31   -1.6021766e-19    -9.156439e-20     2.866383e-19              649                0
    -0.0078403037    5.0764687e-05     0.0038461946     0.0011881533    0.00078493747    0.00098694395    9.1093825e-31   -1.6021766e-19    -9.156439e-20     2.866383e-19              934                0
      0.002612609    7.2806914e-05     0.0004660874    0.00047431103      0.009002611    -0.0025268255    9.1093825e-31   -1.6021766e-19    -9.156439e-20     2.866383e-19             1847                1
      -0.00793212    9.1569054e-05     0.0023826919    7.5704389e-05     0.0015920483   -6.2843639e-05    9.1093825e-31   -1.6021766e-19    -9.156439e-20     2.866383e-19              709                0
    -0.0033924284    3.9792096e-05    -0.0099438997    0.00042940039     -0.009289124    -0.0052189045    9.1093825e-31   -1.6021766e-19    -9.156439e-20     2.866383e-19             1894                1
     0.0031310811    9.9177785e-05    -0.0043767663     0.0023121333     0.0070452727    -0.0013778224    9.1093825e-31   -1.6021766e-19    -9.156439e-20     2.866383e-19             1770                1
   -0.00034973191     4.452447e-05    0.00033519146    -0.0007486649     -0.009120482   -0.00068022753    9.1093825e-31   -1.6021766e-19    -9.156439e-20     2.866383e-19             1939                1
     0.0015895714    9.6568518e-05    -0.0030256517      0.001360752    -0.0058824252    0.00074014225    9.1093825e-31   -1.6021766e-19    -9.156439e-20     2.866383e-19             1998                1
     0.0053961701    4.0005521e-05     0.0019802218     0.0005599818     0.0019737547     0.0025734899    9.1093825e-31   -1.6021766e-19    -9.156439e-20     2.866383e-19               20                0
     0.0075559812    2.3843888e-05    -0.0099602165    0.00041526681    -0.0007704437   -0.00089839037    9.1093825e-31   -1.6021766e-19    -9.156439e-20     2.866383e-19              786                0
    -0.0088793207    8.8282715e-05    -0.0045910054   -0.00061341305    0.00058670103    0.00089885195    9.1093825e-31   -1.6021766e-19    -9.156439e-20     2.866383e-19              849                0
     0.0078924913    2.3023913e-05     0.0028264301    -0.0011044188    0.00017371005     1.740502e-05    9.1093825e-31   -1.6021766e-19    -9.156439e-20     2.866383e-19              869                0
     0.0086612608     6.621897e-05      0.004020554   -0.00071964227     0.0010466089    -0.0011704901    9.1093825e-31   -1.6021766e-19    -9.156439e-20     2.866383e-19               36                0
   -0.00052057608    9.1786795e-05     0.0094701936      0.002430517      0.010835537    0.00043742414    9.1093825e-31   -1.6021766e-19    -9.156439e-20     2.866383e-19             1837                1
    0.00038484891    1.9599207e-05      0.012806601    -0.0006112135     0.0032469241   -0.00086963183    9.1093825e-31   -1.6021766e-19    -9.156439e-20     2.866383e-19             1846                1
     0.0021829179    5.1732727e-06     -0.014758101    0.00033346599     0.0063688043    -5.251617e-05    9.1093825e-31   -1.6021766e-19    -9.156439e-20     2.866383e-19             1994                1
      0.006050779    6.1884144e-05      0.011869436   -0.00068562193   -0.00039559978     0.0020717839    9.1093825e-31   -1.6021766e-19    -9.156439e-20     2.866383e-19              280                0
     -0.004713356    4.6078731e-05    -0.0082541695    -0.0014404285   -0.00035133836     0.0017510003    9.1093825e-31   -1.6021766e-19    -9.156439e-20     2.866383e-19              591                0
    -0.0093600405    7.5490141e-05     0.0025665914    0.00081318477    0.00079879106    0.00012279351    9.1093825e-31   -1.6021766e-19    -9.156439e-20     2.866383e-19               44                0
     0.0048366566    8.1041457e-05    -0.0017530108    -0.0011744378     0.0076995501   -7.3608942e-05    9.1093825e-31   -1.6021766e-19    -9.156439e-20     2.866383e-19             1820                1
    -0.0040990831    5.0249033e-05    -0.0096570328   -4.6302695e-05    -0.0079047419    -0.0043316358    9.1093825e-31   -1.6021766e-19    -9.156439e-20     2.866383e-19             1895                1
     0.0028445499     3.557383e-05      0.009942634    0.00035249381    0.00050146703    -0.0002370795    9.1093825e-31   -1.6021766e-19    -9.156439e-20     2.866383e-19              177                0
     0.0013587286     6.878726e-05    -0.0088592488    0.00090867479     -0.005194088    -0.0019845313    9.1093825e-31   -1.6021766e-19    -9.156439e-20     2.866383e-19             1843                1
     0.0016212976    6.4592008e-05     0.0073906961    0.00024365573      0.010688983    -0.0046825306    9.1093825e-31   -1.6021766e-19    -9.156439e-20     2.866383e-19             1903                1
    -0.0062009254    3.1861658e-05    -0.0027130768     0.0053556226   -0.00096206402     0.0043147304    9.1093825e-31   -1.6021766e-19    -9.156439e-20     2.866383e-19             1629                1
    -0.0083573693    5.0199124e-05     0.0037313318     0.0009775965    0.00026948086    -0.0031899712    9.1093825e-31   -1.6021766e-19    -9.156439e-20     2.866383e-19              184                0
   -0.00045443373    8.0273487e-05    -0.0026190619    -0.0020027333    -0.0044161496    -0.0028605689    9.1093825e-31   -1.6021766e-19    -9.156439e-20     2.866383e-19             1952                1
    -0.0075702206    4.7429909e-05     -0.004880059    -0.0028507567    0.00016187209    0.00034536252    9.1093825e-31   -1.6021766e-19    -9.156439e-20     2.866383e-19              243                0
    -0.0014273992    5.5960234e-05      -0.01238191    -0.0039481726    -0.0080865687     0.0016296636    9.1093825e-31   -1.6021766e-19    -9.156439e-20     2.866383e-19             1892                1
    -0.0086376881    4.7888298e-05     0.0021112957    0.00044118709    0.00033509458   -0.00017250776    9.1093825e-31   -1.6021766e-19    -9.156439e-20     2.866383e-19              264                0
     0.0050842026    5.6684985e-05    0.00032296008    0.00021660418     0.0020690418     -0.001274539    9.1093825e-31   -1.6021766e-19    -9.156439e-20     2.866383e-19              284                0
     -0.005591887    9.6962876e-06      0.005595013     0.0008347893     0.0011931658   -0.00045462136    9.1093825e-31   -1.6021766e-19    -9.156439e-20     2.866383e-19              906                0
     -0.003866965    2.4992776e-05      0.011589982    -0.0078630913     0.0042310422     0.0038139061    9.1093825e-31   -1.6021766e-19    -9.156439e-20     2.866383e-19             1857                1
     0.0029747544    4.7734287e-05   -0.00088273326   -0.00024731393      0.006545248     0.0014889293    9.1093825e-31   -1.6021766e-19    -9.156439e-20     2.866383e-19             1896                1
     0.0045902226    3.4400648e-05     0.0040930482   -0.00030665353     0.0059119281     0.0023591262    9.1093825e-31   -1.6021766e-19    -9.156439e-20     2.866383e-19             1876                1
   -0.00098739867    4.4241791e-05    -0.0021103779   -6.7583504e-05     0.0028651215     0.0001918549    9.1093825e-31   -1.6021766e-19    -9.156439e-20     2.866383e-19              384                0
      0.001341023    3.3184737e-05      0.011418701     0.0051630647     0.0065077012     0.0032832501    9.1093825e-31   -1.6021766e-19    -9.156439e-20     2.866383e-19             1912                1
     0.0011432519    6.6965891e-05    -0.0092716599     0.0056342846    -0.0060767541    0.00016547687    9.1093825e-31   -1.6021766e-19    -9.156439e-20     2.866383e-19             1867                1
    -0.0092215938    6.3042186e-05   -0.00046609607     2.219927e-05    0.00025777298     0.0006707345    9.1093825e-31   -1.6021766e-19    -9.156439e-20     2.866383e-19              444                0
      -0.00594177    1.6490822e-05    -0.0019360916     0.0002240093     0.0018060968    -0.0010522016    9.1093825e-31   -1.6021766e-19    -9.156439e-20     2.866383e-19              464                0
     0.0010903152    6.1176812e-05    -0.0092730578     5.467286e-06    -0.0066932733    1.7949162e-05    9.1093825e-31   -1.6021766e-19    -9.156439e-20     2.866383e-19             1868                1
      0.005499253    2.7029069e-05     0.0092266267     0.0015605799     0.0010184315     0.0017078693    9.1093825e-31   -1.6021766e-19    -9.156439e-20     2.866383e-19             1322                1
     0.0024171702    6.0173279e-05      0.010137466   -0.00011042874     0.0023307684    0.00072078349    9.1093825e-31   -1.6021766e-19    -9.156439e-20     2.866383e-19             1621                1
     0.0033505971    2.7234177e-05   -0.00096789515    0.00041146058     0.0022179871     0.0010095646    9.1093825e-31   -1.6021766e-19    -9.156439e-20     2.866383e-19              666                0
     0.0084457519    3.1634903e-05    -0.0038906143   -0.00066139048    0.00070990692    0.00088345684    9.1093825e-31   -1.6021766e-19    -9.156439e-20     2.866383e-19              564                0
    -0.0039800312    5.6807858e-05     0.0093961535    0.00096823572     0.0058374228    1.8055967e-05    9.1093825e-31   -1.6021766e-19    -9.156439e-20     2.866383e-19             1803                1
    -0.0072795297    1.9464069e-07      0.011905062    -0.0013825526    -0.0011780434   -0.00018860149    9.1093825e-31   -1.6021766e-19    -9.156439e-20     2.866383e-19              604                0
    -0.0015658122    6.8439272e-06     -0.011189291     0.0043482566     0.0034721005    -0.0023110746    9.1093825e-31   -1.6021766e-19    -9.156439e-20     2.866383e-19             1987                1
    -0.0030144793    8.2337014e-05     -0.010445519    0.00024854121    -0.0055024666    0.00025497659    9.1093825e-31   -1.6021766e-19    -9.156439e-20     2.866383e-19             1958                1
    -0.0068426798    5.8365549e-05     0.0008250234    0.00023982124     0.0018431661   -8.7573499e-05    9.1093825e-31   -1.6021766e-19    -9.156439e-20     2.866383e-19              664                0
    -0.0077186939    3.5630699e-05     -0.014905536    0.00079931377    -0.0015572316    0.00073564064    9.1093825e-31   -1.6021766e-19    -9.156439e-20     2.866383e-19              684                0
      0.003402431    3.4866887e-05     0.0047870721    -0.0002230282     0.0025140478    -0.0018760889    9.1093825e-31   -1.6021766e-19    -9.156439e-20     2.866383e-19              704                0
    -0.0026410262    8.3726161e-05     -0.014310649    -0.0014575389    -0.0021019962    0.00011378413    9.1093825e-31   -1.6021766e-19    -9.156439e-20     2.866383e-19              494                0
     -0.006640817    4.6375859e-05     0.0093674893     0.0010548522    0.00082638249     0.0016269337    9.1093825e-31   -1.6021766e-19    -9.156439e-20     2.866383e-19              871                0
     0.0090554683     5.925001e-06     0.0027916427    -0.0017169339   -0.00035120928    -0.0011412189    9.1093825e-31   -1.6021766e-19    -9.156439e-20     2.866383e-19              831                0
    -0.0066985791    8.8395667e-05     -0.010949532     0.0009997962   -0.00064176699      0.000999121    9.1093825e-31   -1.6021766e-19    -9.156439e-20     2.866383e-19              125                0
    -0.0051194024    4.6377256e-05      0.013360852    0.00097119436   -0.00064197532    0.00043379096    9.1093825e-31   -1.6021766e-19    -9.156439e-20     2.866383e-19              804                0
     0.0040077972     4.405182e-05     -0.012650815    0.00034354499    -0.0020518352    -0.0025100445    9.1093825e-31   -1.6021766e-19    -9.156439e-20     2.866383e-19              266                0
    8.5358573e-05    8.0414284e-05     -0.011975361    0.00032233036    -0.0011460829     0.0031135823    9.1093825e-31   -1.6021766e-19    -9.156439e-20     2.866383e-19              483                0
      -0.00524128    1.9005131e-05      0.013743147     0.0011075034     0.0045486898     0.0024719529    9.1093825e-31   -1.6021766e-19    -9.156439e-20     2.866383e-19             1950                1
    -0.0028009473    8.3887062e-05    -0.0089593204     0.0011636751    0.00036965639     0.0011440292    9.1093825e-31   -1.6021766e-19    -9.156439e-20     2.866383e-19              360                0
     0.0048205247    9.1209338e-05     0.0069805793    -0.0032480638     0.0043332935    -0.0010461737    9.1093825e-31   -1.6021766e-19    -9.156439e-20     2.866383e-19             1613                1
     0.0033093973     2.021818e-05    -0.0014451151    -0.0010977308     0.0020943165   -0.00047528956    9.1093825e-31   -1.6021766e-19    -9.156439e-20     2.866383e-19              711                0
     0.0010024806     6.181129e-05     0.0060126549     0.0025141879     0.0099297753   -0.00025645748    9.1093825e-31   -1.6021766e-19    -9.156439e-20     2.866383e-19             1878                1
    0.00053932477    6.1987608e-05     -0.011874773    3.3257973e-05    -0.0012368984    0.00022985454    9.1093825e-31   -1.6021766e-19    -9.156439e-20     2.866383e-19              958                0
     0.0020675326    3.6212346e-05      0.014635558   -0.00089755497     0.0047973925    8.7036206e-05    9.1093825e-31   -1.6021766e-19    -9.156439e-20     2.866383e-19             1885                1
    -0.0067924778    5.8391037e-05       0.01222486    0.00034712109   -0.00017540804    0.00066824997    9.1093825e-31   -1.6021766e-19    -9.156439e-20     2.866383e-19              988                0
     0.0075386125    1.5462212e-05     0.0087094186    -0.0013839516   -0.00019794893   -0.00062348164    9.1093825e-31   -1.6021766e-19    -9.156439e-20     2.866383e-19              867                0
     0.0019679538    5.4351582e-05     -0.012595563    0.00047066278     -0.007263035    0.00074398122    9.1093825e-31   -1.6021766e-19    -9.156439e-20     2.866383e-19             1826                1
     0.0018132811    8.5000007e-05      0.010664535   -1.0346783e-05     0.0096475566    1.0416018e-05    9.1093825e-31   -1.6021766e-19    -9.156439e-20     2.866383e-19             1830                1
    0.00032583688    9.3785027e-05    -0.0038162791     0.0038768502    -0.0028581345    -0.0025593482    9.1093825e-31   -1.6021766e-19    -9.156439e-20     2.866383e-19             1974                1
     0.0041760071     4.306699e-05     -0.014873848     0.0010003982    -0.0078112194     0.0010768165    9.1093825e-31   -1.6021766e-19    -9.156439e-20     2.866383e-19             1831                1
     0.0015525988     3.327792e-05      0.011464962     0.0038764023     0.0087899975   -0.00067754288    9.1093825e-31   -1.6021766e-19    -9.156439e-20     2.866383e-19             1955                1
    -0.0052535892    1.1579969e-05     0.0068196645     0.0023880422    0.00074770034     0.0021932051    9.1093825e-31   -1.6021766e-19    -9.156439e-20     2.866383e-19              982                0
    -0.0054515023    1.0958234e-05     -0.014757458     0.0017557641    -0.0023254303   -0.00097284873    9.1093825e-31   -1.6021766e-19    -9.156439e-20     2.866383e-19              152                0
     0.0069898614    2.7331342e-05    0.00099104049    -0.0024425746    4.9417715e-05     0.0038752772    9.1093825e-31   -1.6021766e-19    -9.156439e-20     2.866383e-19             1374                1
    -0.0025966235    3.3016662e-05     0.0061260499     0.0013258152     0.0018280435    0.00040513952    9.1093825e-31   -1.6021766e-19    -9.156439e-20     2.866383e-19              485                0
    -0.0024745723    5.9680478e-05    -0.0021527971    -0.0042118188    -0.0057303561    0.00015825262    9.1093825e-31   -1.6021766e-19    -9.156439e-20     2.866383e-19             1919                1
     0.0023144544    5.9785223e-05      0.013331371     0.0055308198     0.0094094658    -0.0013320299    9.1093825e-31   -1.6021766e-19    -9.156439e-20     2.866383e-19             1915                1
     0.0058774869    5.2204614e-05    -0.0049314406    -0.0013042947   -0.00060545822     -0.002187958    9.1093825e-31   -1.6021766e-19    -9.156439e-20     2.866383e-19             1641                1
     0.0042574699    5.3860884e-05    -0.0086283265     0.0066314149    -0.0083923908    -0.0013844079    9.1093825e-31   -1.6021766e-19    -9.156439e-20     2.866383e-19             1921                1
     0.0055258204    3.6998834e-05      0.011536345    -0.0028355021     0.0097618215     0.0031766503    9.1093825e-31   -1.6021766e-19    -9.156439e-20     2.866383e-19             1961                1
   -0.00063952716    2.2771696e-05    -0.0082203709    0.00013376282    -0.0081313001     0.0013483973    9.1093825e-31   -1.6021766e-19    -9.156439e-20     2.866383e-19             1821                1
    0.00014865985      8.19747e-05     -0.001154715    -0.0010854951    -0.0049865572    -0.0018225318    9.1093825e-31   -1.6021766e-19    -9.156439e-20     2.866383e-19             1963                1
    -0.0070945751    8.8960252e-05     0.0070499047     0.0013264882     0.0013325077   -0.00086090097    9.1093825e-31   -1.6021766e-19    -9.156439e-20     2.866383e-19              322                0
     0.0018482533    4.7933285e-05      0.012023676    0.00037281742      0.009267184    -0.0021471612    9.1093825e-31   -1.6021766e-19    -9.156439e-20     2.866383e-19             1925                1
   -0.00063720578    2.8680173e-05    -0.0083150882    0.00070667075     -0.010429271     0.0023122062    9.1093825e-31   -1.6021766e-19    -9.156439e-20     2.866383e-19             1888                1
    0.00045358745    8.6456806e-05    0.00023587039    0.00046707064    -0.0017937502      0.001568138    9.1093825e-31   -1.6021766e-19    -9.156439e-20     2.866383e-19             1940                1
     0.0011645476    5.1444753e-05    -0.0067018676    0.00034533039    -0.0067973565     0.0020420891    9.1093825e-31   -1.6021766e-19    -9.156439e-20     2.866383e-19             1871                1
    -0.0029357609    6.2895226e-05     -0.014434092   -5.2261231e-07    -0.0025006449    -0.0013810365    9.1093825e-31   -1.6021766e-19    -9.156439e-20     2.866383e-19              422                0
     0.0040456126    8.8674406e-06     -0.011670641       0.00549364     0.0041837837     0.0018618742    9.1093825e-31   -1.6021766e-19    -9.156439e-20     2.866383e-19             1983                1
    -0.0012407507    2.2790258e-05     -0.014201885     0.0009442608    -0.0096867941    0.00063127838    9.1093825e-31   -1.6021766e-19    -9.156439e-20     2.866383e-19             1812                1
     0.0018922689    5.4784909e-06     -0.012608391    -0.0057970094     -0.011321906   -0.00030817057    9.1093825e-31   -1.6021766e-19    -9.156439e-20     2.866383e-19             1827                1
     -0.004199734      4.67793e-05        0.0103174    -0.0028605154    0.00042659204     0.0010071999    9.1093825e-31   -1.6021766e-19    -9.156439e-20     2.866383e-19              687                0
    -0.0029851915    4.5032528e-05     -0.010408824     0.0052697319    -0.0083084209     0.0029741493    9.1093825e-31   -1.6021766e-19    -9.156439e-20     2.866383e-19             1862                1
    -0.0004006206     8.089211e-05    -0.0077145472    0.00013018076    -0.0027231318     0.0015895589    9.1093825e-31   -1.6021766e-19    -9.156439e-20     2.866383e-19             1808                1
    1.1816094e-05    4.9658385e-05     0.0038397403    0.00098280993     0.0081913341   -0.00053981075    9.1093825e-31   -1.6021766e-19    -9.156439e-20     2.866383e-19             1855                1
     0.0053519341    5.3330521e-05     0.0033225389    0.00020825911     0.0018762487   -0.00070426759    9.1093825e-31   -1.6021766e-19    -9.156439e-20     2.866383e-19              581                0
    -0.0015691766     2.878355e-05        0.0106745    0.00038526632     0.0074014016     0.0018697337    9.1093825e-31   -1.6021766e-19    -9.156439e-20     2.866383e-19             1951                1
    -0.0026464113    4.3355813e-05    0.00076569279     0.0052317637     0.0061460719     -0.004591051    9.1093825e-31   -1.6021766e-19    -9.156439e-20     2.866383e-19             1768                1
     0.0013965631    5.4781969e-05     0.0017204802   -0.00010565295     0.0035440794    -0.0016323586    9.1093825e-31   -1.6021766e-19    -9.156439e-20     2.866383e-19              641                0
    -0.0001149216    8.0646634e-05     0.0035491877     0.0056070914      0.010129774    0.00077155145    9.1093825e-31   -1.6021766e-19    -9.156439e-20     2.866383e-19             1818                1
     0.0009029574    3.9860945e-05     0.0078154001    -0.0011522713     0.0076663159     0.0051370403    9.1093825e-31   -1.6021766e-19    -9.156439e-20     2.866383e-19             1900                1
     0.0053908709    1.1079174e-05     -0.011614784    0.00076451019    -0.0014602069     0.0026446017    9.1093825e-31   -1.6021766e-19    -9.156439e-20     2.866383e-19              954                0
     -0.006909403    2.8934706e-05     -0.014223314    -0.0017971296    -0.0015788758   -0.00014426457    9.1093825e-31   -1.6021766e-19    -9.156439e-20     2.866383e-19              394                0
   -0.00074702367     5.096605e-06    -0.0079881307     0.0014983965     -0.012548111     0.0042113238    9.1093825e-31   -1.6021766e-19    -9.156439e-20     2.866383e-19             1879                1
    -0.0022373286    8.9006564e-05     0.0028401725     0.0029418853     0.0094634006     -0.005023574    9.1093825e-31   -1.6021766e-19    -9.156439e-20     2.866383e-19             1794                1
    -0.0011288485    9.8553995e-05     0.0055278717     0.0040533016      0.010267821    -0.0058818376    9.1093825e-31   -1.6021766e-19    -9.156439e-20     2.866383e-19             1798                1
     0.0041789617    6.4209868e-05    -0.0086906366    -0.0025318968    -0.0070250547    -0.0026054014    9.1093825e-31   -1.6021766e-19    -9.156439e-20     2.866383e-19             1923                1
     0.0093732458    7.0812122e-05    -0.0042698849    0.00046547817    1.2117922e-05     0.0016113836    9.1093825e-31   -1.6021766e-19    -9.156439e-20     2.866383e-19              821                0
     0.0074783312    8.1144375e-05     0.0080135744    0.00013240862     0.0012238008    0.00043268743    9.1093825e-31   -1.6021766e-19    -9.156439e-20     2.866383e-19              131                0
     0.0013606382    9.7249984e-05    -0.0033588107     0.0039215302     0.0074007385    6.0140999e-05    9.1093825e-31   -1.6021766e-19    -9.156439e-20     2.866383e-19             1724                1
     0.0033734955    3.1176754e-05      0.012691136     0.0025426678     0.0067393128   -0.00014502231    9.1093825e-31   -1.6021766e-19    -9.156439e-20     2.866383e-19             1937                1
   -0.00080100342    9.1171176e-05    -0.0084087616   -0.00081391813    -0.0042741187     0.0011190601    9.1093825e-31   -1.6021766e-19    -9.156439e-20     2.866383e-19             1973                1
     0.0012145861    1.6039463e-05      0.013622459     0.0030639826     0.0048721554    -0.0045417808    9.1093825e-31   -1.6021766e-19    -9.156439e-20     2.866383e-19             1960                1
    -0.0092034768    2.2323822e-05       0.01219683    0.00080047303   -0.00073433254   -0.00012301041    9.1093825e-31   -1.6021766e-19    -9.156439e-20     2.866383e-19              938                0
     0.0014961978    9.1787762e-05     0.0025676033     0.0060104649    -0.0040882216    -0.0024180873    9.1093825e-31   -1.6021766e-19    -9.156439e-20     2.866383e-19             1985                1
    -0.0010055943    7.0965296e-05     0.0060610501     0.0041575842      0.010509732     0.0019727191    9.1093825e-31   -1.6021766e-19    -9.156439e-20     2.866383e-19             1858                1
     0.0055035227    5.3594963e-06      0.010676619    3.3672262e-05    -0.0011104017    -5.331049e-05    9.1093825e-31   -1.6021766e-19    -9.156439e-20     2.866383e-19             1001                1
    -0.0076745832    1.1710465e-05     0.0091918251     0.0030141904    -0.0014379843   -0.00070185395    9.1093825e-31   -1.6021766e-19    -9.156439e-20     2.866383e-19             1337                1
     -0.008399494    7.4802397e-06     0.0085015008    0.00073265209    8.1202976e-05   -0.00013112408    9.1093825e-31   -1.6021766e-19    -9.156439e-20     2.866383e-19               58                0
    -0.0010270533     4.725195e-05     0.0060756477    -0.0021086128     0.0097089177    -0.0023800835    9.1093825e-31   -1.6021766e-19    -9.156439e-20     2.866383e-19             1926                1
    -0.0011920966    9.4028634e-05     0.0065974817    0.00057273108    -0.0018694699     0.0020869321    9.1093825e-31   -1.6021766e-19    -9.156439e-20     2.866383e-19             1979                1
     0.0041577648     6.144894e-05     0.0011534776     -0.001572868     0.0023625104    -0.0015086525    9.1093825e-31   -1.6021766e-19    -9.156439e-20     2.866383e-19              118                0
     0.0062796958    9.3176415e-05     -0.011457655     0.0020712903   -0.00039308399    0.00039762325    9.1093825e-31   -1.6021766e-19    -9.156439e-20     2.866383e-19               51                0
    -0.0094473613    2.5989295e-05    -0.0036502797     0.0005259203    0.00046502333    0.00042819494    9.1093825e-31   -1.6021766e-19    -9.156439e-20     2.866383e-19              158                0
     0.0010181477     8.447346e-05     0.0060180449   -0.00066040602    -0.0047002435    -0.0011936403    9.1093825e-31   -1.6021766e-19    -9.156439e-20     2.866383e-19             1969                1
    -0.0007107596    5.7935213e-05    -0.0083412537     0.0011551813    -0.0069802566    -0.0044939257    9.1093825e-31   -1.6021766e-19    -9.156439e-20     2.866383e-19             1886                1
    -0.0067742174    3.5275014e-05     0.0026123174    0.00035106763    -0.0013260643    0.00012296259    9.1093825e-31   -1.6021766e-19    -9.156439e-20     2.866383e-19             1745                1
       0.00157047    2.4067967e-06      -0.01289839     0.0023567434     0.0032828937    -0.0043782331    9.1093825e-31   -1.6021766e-19    -9.156439e-20     2.866383e-19             1997                1
     0.0068938527    5.2647421e-05     -0.013591009   -0.00048292504   -0.00069103087    0.00094184442    9.1093825e-31   -1.6021766e-19    -9.156439e-20     2.866383e-19              213                0
   -0.00076288858    4.9296374e-05    -0.0080300495    -0.0002445615    -0.0077107218   -0.00039850813    9.1093825e-31   -1.6021766e-19    -9.156439e-20     2.866383e-19             1880                1
     0.0025510944    6.4180247e-05      0.012240479   -0.00071778503     0.0013155139    0.00010858792    9.1093825e-31   -1.6021766e-19    -9.156439e-20     2.866383e-19             1468                1
     -0.006124144    9.1606533e-05    -0.0030357384      0.002146984     0.0019707817   -0.00071805064    9.1093825e-31   -1.6021766e-19    -9.156439e-20     2.866383e-19              318                0
    -0.0090907859    8.2968807e-05    -0.0043565934    -0.0027730153    0.00061004556    0.00050324103    9.1093825e-31   -1.6021766e-19    -9.156439e-20     2.866383e-19              723                0
     0.0033141982    3.4790539e-06      0.014381201   -0.00014086979     0.0030109354   -6.7808593e-05    9.1093825e-31   -1.6021766e-19    -9.156439e-20     2.866383e-19             1988                1
     0.0017545702    9.2434879e-05     0.0028532343    -0.0011343686     0.0038777695     0.0010068482    9.1093825e-31   -1.6021766e-19    -9.156439e-20     2.866383e-19              774                0
     0.0045870696    3.6037266e-06     0.0041664415   -8.6796397e-05     0.0011627417     0.0041155699    9.1093825e-31   -1.6021766e-19    -9.156439e-20     2.866383e-19              562                0
    -0.0012456768    7.0951028e-05     0.0062019215      0.002244262     0.0025655099    -0.0016033197    9.1093825e-31   -1.6021766e-19    -9.156439e-20     2.866383e-19              876                0
   -3.1173251e-05    5.8248737e-05      0.013807822     0.0025659748     0.0076369992    -0.0027835781    9.1093825e-31   -1.6021766e-19    -9.156439e-20     2.866383e-19             1884                1
    -0.0040840534    6.9161935e-05     -0.012654314   -0.00087262527    -0.0060099903     0.0018509822    9.1093825e-31   -1.6021766e-19    -9.156439e-20     2.866383e-19             1898                1
    -0.0089657307      7.41761e-06      0.013768051     0.0013395249   -0.00037337377   -0.00050239963    9.1093825e-31   -1.6021766e-19    -9.156439e-20     2.866383e-19              503                0
     0.0017968236    2.6247139e-05      0.012068646   -0.00094979064     0.0063770739     0.0018627195    9.1093825e-31   -1.6021766e-19    -9.156439e-20     2.866383e-19             1942                1
    -0.0089086741    7.1240298e-05    -0.0011975178    0.00077623239    0.00089499512    -0.0017874726    9.1093825e-31   -1.6021766e-19    -9.156439e-20     2.866383e-19              518                0
    -0.0014912842    1.7321983e-05     -0.011335943   -0.00060053536     -0.010569503   -0.00040109691    9.1093825e-31   -1.6021766e-19    -9.156439e-20     2.866383e-19             1842                1
     0.0033092452    5.4049451e-05     0.0079589095   -0.00074734329     0.0013775004   -0.00054269831    9.1093825e-31   -1.6021766e-19    -9.156439e-20     2.866383e-19              903                0
    -0.0085292161     3.176359e-05      0.010135027     0.0010022288    0.00025575593    0.00071632216    9.1093825e-31   -1.6021766e-19    -9.156439e-20     2.866383e-19              578                0
    -0.0024885572    8.0947546e-05     -0.002142369   -0.00058111944    -0.0093974983    -0.0005581312    9.1093825e-31   -1.6021766e-19    -9.156439e-20     2.866383e-19             1981                1
     0.0081905508    2.7600014e-05     0.0096012997     0.0017259663    0.00018662433    0.00014747247    9.1093825e-31   -1.6021766e-19    -9.156439e-20     2.866383e-19              618                0
    -0.0011787431    4.5934044e-05    -0.0041469922    0.00025819143    -0.0076108342    0.00047579233    9.1093825e-31   -1.6021766e-19    -9.156439e-20     2.866383e-19             1910                1
    -0.0073992102    1.6314403e-05    -0.0089617996     0.0022108662   -0.00017160387    -0.0001759912    9.1093825e-31   -1.6021766e-19    -9.156439e-20     2.866383e-19              725                0
     0.0045270105    7.6839766e-05    -0.0019957463   -2.8787947e-05    -0.0085482113    -1.569129e-05    9.1093825e-31   -1.6021766e-19    -9.156439e-20     2.866383e-19             1970                1
   -0.00091880799    5.1253424e-05    -0.0084072361    -0.0015338196    -0.0082941968    -0.0029516164    9.1093825e-31   -1.6021766e-19    -9.156439e-20     2.866383e-19             1906                1
    0.00041792498    9.3333343e-05    0.00019559976    -0.0020978616      0.008484127    -0.0013360949    9.1093825e-31   -1.6021766e-19    -9.156439e-20     2.866383e-19             1726                1
   -0.00097593362    8.1574377e-05    -0.0058592008    -0.0001843538    -0.0067131361    -0.0053112716    9.1093825e-31   -1.6021766e-19    -9.156439e-20     2.866383e-19             1966                1
     0.0011719892    5.9334099e-05    -0.0066679697    0.00043022659     0.0035503218    -0.0028967443    9.1093825e-31   -1.6021766e-19    -9.156439e-20     2.866383e-19             1814                1
    -0.0037845469     9.146527e-05      0.011556452    0.00046968428       0.01096007    0.00043507753    9.1093825e-31   -1.6021766e-19    -9.156439e-20     2.866383e-19             1856                1
    0.00078836275    8.6504697e-05      0.001116519    8.4838961e-05     0.0086111398    7.5037337e-05    9.1093825e-31   -1.6021766e-19    -9.156439e-20     2.866383e-19             1757                1
     0.0011080736    5.5732227e-05     0.0028226406    -0.0018873462      0.008789097    0.00024183413    9.1093825e-31   -1.6021766e-19    -9.156439e-20     2.866383e-19             1881                1
    -0.0066610579    3.1850501e-05      0.005044173   -0.00043764175     0.0011094203     0.0010691623    9.1093825e-31   -1.6021766e-19    -9.156439e-20     2.866383e-19              573                0
     0.0066296919    7.6497745e-05     -0.011515972   -0.00014942906   -0.00015120316    0.00042308299    9.1093825e-31   -1.6021766e-19    -9.156439e-20     2.866383e-19              274                0
    -0.0056395386    8.2656741e-05     0.0079021789   -0.00081996183    0.00099858548   -0.00073192915    9.1093825e-31   -1.6021766e-19    -9.156439e-20     2.866383e-19              878                0
     0.0014768803    6.2093481e-05    -0.0089229308     0.0018938225     -0.009112861    -0.0011010622    9.1093825e-31   -1.6021766e-19    -9.156439e-20     2.866383e-19             1948                1
    -0.0016206136    3.3460514e-05     -0.011184406    -0.0043346873    -0.0096685123      0.001661915    9.1093825e-31   -1.6021766e-19    -9.156439e-20     2.866383e-19             1853                1
     0.0013072372    8.3162908e-05     0.0025061832    -0.0001046149    -0.0053652972    -0.0048155067    9.1093825e-31   -1.6021766e-19    -9.156439e-20     2.866383e-19             1968                1
     0.0018873812    4.6665642e-05      0.010550237    0.00035911356     0.0092610419    0.00023944354    9.1093825e-31   -1.6021766e-19    -9.156439e-20     2.866383e-19             1924                1
     0.0033659844    7.4727774e-05      0.012696352     0.0013584852     0.0085807825    -0.0020449162    9.1093825e-31   -1.6021766e-19    -9.156439e-20     2.866383e-19             1851                1
    -0.0062885792    2.9149649e-05     0.0054746862   -0.00081963296     0.0011788048    -0.0027879421    9.1093825e-31   -1.6021766e-19    -9.156439e-20     2.866383e-19              985                0
     0.0019839751     4.672479e-06      0.010758827     0.0014443975     0.0055427742    -0.0042594811    9.1093825e-31   -1.6021766e-19    -9.156439e-20     2.866383e-19             1992                1
     0.0076561025    7.2131334e-05     0.0006435439   -0.00056474376     0.0010099438     0.0012069093    9.1093825e-31   -1.6021766e-19    -9.156439e-20     2.866383e-19              614                0
   -0.00018714086    8.7585053e-05    -0.0075596091   -0.00064473326    -0.0075969477    0.00013992116    9.1093825e-31   -1.6021766e-19    -9.156439e-20     2.866383e-19             1986                1
    -0.0024257354    9.6597301e-05    -0.0021689322     0.0015960272    -0.0032688777     0.0018140607    9.1093825e-31   -1.6021766e-19    -9.156439e-20     2.866383e-19             1989                1
    9.4730734e-05    6.1237741e-05     -0.013354048   -7.9439807e-05    -0.0025165123    0.00029372206    9.1093825e-31   -1.6021766e-19    -9.156439e-20     2.866383e-19               79                0
   -0.00086597714    6.1744257e-05    -0.0083854301     0.0021608823    -0.0064335102    -0.0047793491    9.1093825e-31   -1.6021766e-19    -9.156439e-20     2.866383e-19             1877                1
    -0.0060416651    8.8788162e-05     0.0028951243      0.000857112     0.0018567939    -0.0011011892    9.1093825e-31   -1.6021766e-19    -9.156439e-20     2.866383e-19              990                0
     0.0081788357    1.2097013e-06     -0.013393726    -0.0001543234    0.00047284621    0.00082562596    9.1093825e-31   -1.6021766e-19    -9.156439e-20     2.866383e-19             1982                1
    2.8760935e-05    7.5539836e-05    -0.0011626192     0.0026288019    -0.0092778075     0.0011605844    9.1093825e-31   -1.6021766e-19    -9.156439e-20     2.866383e-19             1971                1
     0.0030741917    6.3494495e-05    -0.0023914746    -0.0032284365     0.0062695015     0.0041472847    9.1093825e-31   -1.6021766e-19    -9.156439e-20     2.866383e-19             1810                1
    -0.0042862426    1.6571723e-05       -0.0122205   -3.6259575e-05     -0.009915432    0.00018414919    9.1093825e-31   -1.6021766e-19    -9.156439e-20     2.866383e-19             1835                1
       0.00767363    7.6917757e-05     0.0052034473    -0.0010277126    0.00091330759     0.0030266491    9.1093825e-31   -1.6021766e-19    -9.156439e-20     2.866383e-19              219                0
    -0.0015205296    4.2666994e-05    -0.0086724861      0.004841581    -0.0091628479     0.0018448979    9.1093825e-31   -1.6021766e-19    -9.156439e-20     2.866383e-19             1899                1
    -0.0010125962    5.5297627e-05     0.0060380874   -0.00038096815     0.0071442369    0.00091964833    9.1093825e-31   -1.6021766e-19    -9.156439e-20     2.866383e-19             1789                1
   -0.00067118468    7.9283564e-05    -0.0082608303    -0.0023852948    -0.0036544807    -0.0018758036    9.1093825e-31   -1.6021766e-19    -9.156439e-20     2.866383e-19             1822                1
    -0.0027282678    7.8166449e-05     0.0069933329      -0.00180549      0.002316402   -0.00051394786    9.1093825e-31   -1.6021766e-19    -9.156439e-20     2.866383e-19              299                0
    -0.0082038669    8.6763379e-05     -0.008425029    8.9582849e-05    -0.0017370544    -0.0021885042    9.1093825e-31   -1.6021766e-19    -9.156439e-20     2.866383e-19             1848                1
   -0.00093773898     3.866891e-05    -0.0057738442    -0.0021923925     -0.012309714     -0.003108568    9.1093825e-31   -1.6021766e-19    -9.156439e-20     2.866383e-19             1941                1
    -0.0091278264    4.4085245e-05     0.0022435044    -0.0022332403    0.00077746325    -0.0018361285    9.1093825e-31   -1.6021766e-19    -9.156439e-20     2.866383e-19              978                0
    -0.0031198238    1.2793301e-05     0.0023385466    -0.0010536694     0.0028595822     0.0022470118    9.1093825e-31   -1.6021766e-19    -9.156439e-20     2.866383e-19              512                0
     0.0081028324    2.2297134e-05      0.014911392    -0.0006963808   -0.00092509587     0.0010857417    9.1093825e-31   -1.6021766e-19    -9.156439e-20     2.866383e-19              986                0
     -0.009049979    5.6199067e-05     0.0023613048   -0.00065819791   -3.5438687e-05     0.0014006124    9.1093825e-31   -1.6021766e-19    -9.156439e-20     2.866383e-19              874                0
    -0.0060311952    7.9493388e-05    -0.0093220891     0.0014385829    -0.0038544133    0.00030719492    9.1093825e-31   -1.6021766e-19    -9.156439e-20     2.866383e-19             1902                1
   -0.00089198985    5.8142334e-05     0.0068795453    -0.0016491757     0.0094307484     0.0014042357    9.1093825e-31   -1.6021766e-19    -9.156439e-20     2.866383e-19             1872                1
     -0.002991471    2.6538609e-18     -0.010445466     0.0046547498     -0.013110421   -0.00083944242    9.1093825e-31   -1.6021766e-19    -9.156439e-20     2.866383e-19             1861                1
     0.0075978544    5.3673211e-06    -0.0052203024    0.00018737477   -7.9827434e-05   -0.00083236612    9.1093825e-31   -1.6021766e-19    -9.156439e-20     2.866383e-19              374                0
     0.0089249825    5.5013411e-06      0.013184221     0.0016506653     0.0015136322    -0.0014216355    9.1093825e-31   -1.6021766e-19    -9.156439e-20     2.866383e-19             1962                1
    -0.0029178779    2.2303315e-05    0.00019154859    -0.0029413239     0.0029350526    -0.0029511952    9.1093825e-31   -1.6021766e-19    -9.156439e-20     2.866383e-19              303                0
     0.0047696088    6.3619722e-05    -0.0034463673   -0.00050879328    -0.0065014074    -0.0026344042    9.1093825e-31   -1.6021766e-19    -9.156439e-20     2.866383e-19             1931                1
     0.0011929491    8.8432731e-05     0.0027993848     0.0042554894      0.010536702   -0.00035564523    9.1093825e-31   -1.6021766e-19    -9.156439e-20     2.866383e-19             1817                1
     0.0024080605     7.698925e-05    -0.0092786839    0.00057571521    -0.0053913891    0.00055215776    9.1093825e-31   -1.6021766e-19    -9.156439e-20     2.866383e-19             1917                1
     0.0011916079    3.9260194e-05      0.013623166    0.00071147265     0.0088521503   -0.00066867517    9.1093825e-31   -1.6021766e-19    -9.156439e-20     2.866383e-19             1949                1
     0.0094794994    2.0379905e-06    -0.0010455211    0.00052803993   -0.00066185626     0.0010616791    9.1093825e-31   -1.6021766e-19    -9.156439e-20     2.866383e-19              328                0
   -0.00065195549    8.1852791e-05    -0.0077495398     0.0016636414    -0.0061930199     0.0020357773    9.1093825e-31   -1.6021766e-19    -9.156439e-20     2.866383e-19             1964                1
   -0.00019889043    7.8660865e-05     0.0035207975    -0.0022845534     0.0089344988    -0.0018521541    9.1093825e-31   -1.6021766e-19    -9.156439e-20     2.866383e-19             1786                1
    -0.0018145113     6.329616e-05      0.003968264    -0.0013891942     0.0029966254    9.4491894e-05    9.1093825e-31   -1.6021766e-19    -9.156439e-20     2.866383e-19              699                0
    -0.0082877222    4.4731441e-05      0.014612502    7.3216455e-05   -0.00012280229     0.0012157671    9.1093825e-31   -1.6021766e-19    -9.156439e-20     2.866383e-19              719                0
     0.0073017799    7.4546726e-05     0.0059047556   -0.00063150638    0.00082956016     0.0019552661    9.1093825e-31   -1.6021766e-19    -9.156439e-20     2.866383e-19              828                0
     0.0011531945    3.2657375e-05    -0.0095596993   -0.00041709654      -0.01080267   -0.00020048018    9.1093825e-31   -1.6021766e-19    -9.156439e-20     2.866383e-19             1904                1
     -0.001019482    5.1653369e-05     0.0058477195    0.00012150346     0.0087140566    0.00073548086    9.1093825e-31   -1.6021766e-19    -9.156439e-20     2.866383e-19             1870                1
     -0.001313823    5.5446788e-05     -0.014158826    0.00036663466    -0.0083334222    -0.0020259342    9.1093825e-31   -1.6021766e-19    -9.156439e-20     2.866383e-19             1907                1
    -0.0010644365    9.3240669e-05     0.0056619844     0.0061406065    -0.0073537575     -0.004508249    9.1093825e-31   -1.6021766e-19    -9.156439e-20     2.866383e-19             1990                1
     0.0015578964    4.0301124e-06     -0.012923165     0.0015769032     0.0056262384    -0.0010025535    9.1093825e-31   -1.6021766e-19    -9.156439e-20     2.866383e-19             1995                1
     0.0015567398    5.3236899e-06     -0.012921165   -9.2046568e-05      0.007493312     0.0018831213    9.1093825e-31   -1.6021766e-19    -9.156439e-20     2.866383e-19             1996                1
      0.002553646    9.8873963e-05    -0.0077720424     -0.002514241    -0.0057226662    -0.0016448693    9.1093825e-31   -1.6021766e-19    -9.156439e-20     2.866383e-19             1999                1
