%  ASCII export : 
%
%  Momentum is normalized to the product of particle's mass and speed of light.
%  All other quantities are in SI units.
%
%            posX             posY             posZ             momX             momY             momZ             mass           charge     macro-charge             time       particleID         sourceID

    -0.0012369782    6.2583727e-06     0.0066278526   -7.9815596e-05     -0.011973945    0.00034582487    9.1093825e-31   -1.6021766e-19    -9.156439e-20    2.4106677e-19             1657                1
     0.0035315459    7.4585776e-05     -0.013928215     0.0014736835     0.0024093636     -0.000174085    9.1093825e-31   -1.6021766e-19    -9.156439e-20    2.4106677e-19                3                0
    -0.0090014534    3.2042753e-05    -0.0088632107     0.0015382062   -0.00084587833   -0.00056511449    9.1093825e-31   -1.6021766e-19    -9.156439e-20    2.4106677e-19                5                0
    -0.0025916193    4.2419204e-05    9.2163966e-05    -0.0002785454    -0.0035671615   -0.00055938039    9.1093825e-31   -1.6021766e-19    -9.156439e-20    2.4106677e-19              348                0
    -0.0093095647    4.6423629e-05     -0.004478869     0.0020743618   -0.00098615047    0.00086005661    9.1093825e-31   -1.6021766e-19    -9.156439e-20    2.4106677e-19             1002                1
     0.0033602188    2.6557949e-05     0.0078643672   -0.00070174999    -0.0035789476     0.0028059578    9.1093825e-31   -1.6021766e-19    -9.156439e-20    2.4106677e-19             1435                1
    -0.0063348385    3.0403166e-05     0.0040024566    7.2120973e-05    -0.0018272847    3.0340969e-05    9.1093825e-31   -1.6021766e-19    -9.156439e-20    2.4106677e-19              997                0
   -0.00067523343    4.5154826e-05     -0.012128687    0.00043318357     0.0014790195    -0.0011844672    9.1093825e-31   -1.6021766e-19    -9.156439e-20    2.4106677e-19               55                0
     0.0063734222    2.3999317e-05      0.014268738   -0.00056315842      0.000782074    0.00091633847    9.1093825e-31   -1.6021766e-19    -9.156439e-20    2.4106677e-19              171                0
     0.0025968389    9.5130608e-06     0.0004897152     0.0037164481    -0.0035796538     0.0012103843    9.1093825e-31   -1.6021766e-19    -9.156439e-20    2.4106677e-19              822                0
     0.0044528609    4.7284666e-05     0.0052816169   -0.00058443967    -0.0020608893   -0.00038358945    9.1093825e-31   -1.6021766e-19    -9.156439e-20    2.4106677e-19              154                0
     0.0065128319    6.1897183e-05     -0.013405766     0.0014072952     0.0011836777     0.0013949837    9.1093825e-31   -1.6021766e-19    -9.156439e-20    2.4106677e-19              488                0
     0.0070420727    9.9850753e-05      0.013636189     0.0026887634     0.0018707904     0.0001925901    9.1093825e-31   -1.6021766e-19    -9.156439e-20    2.4106677e-19              405                0
    0.00040244506    2.6790918e-05      0.012833992    -0.0038595456    -0.0082442118    -0.0063149766    9.1093825e-31   -1.6021766e-19    -9.156439e-20    2.4106677e-19             1663                1
   -0.00077301811    2.6169191e-05    -0.0027128323     0.0043664891     0.0061225877    -0.0030694951    9.1093825e-31   -1.6021766e-19    -9.156439e-20    2.4106677e-19             1774                1
     0.0082541956    1.1786534e-05    -0.0007208868    4.2919517e-05    -0.0018358681    -0.0015460108    9.1093825e-31   -1.6021766e-19    -9.156439e-20    2.4106677e-19              193                0
     0.0079038953    9.1225607e-05     0.0077097388    0.00046807111    0.00035331093    -0.0015610117    9.1093825e-31   -1.6021766e-19    -9.156439e-20    2.4106677e-19              235                0
      0.008059768    2.7721697e-05     0.0086026872    -0.0021814739   -0.00066337059   -0.00020137335    9.1093825e-31   -1.6021766e-19    -9.156439e-20    2.4106677e-19              961                0
     0.0086669335    2.4810635e-05    0.00016703818     0.0020807087   -0.00076838955    0.00017333881    9.1093825e-31   -1.6021766e-19    -9.156439e-20    2.4106677e-19              386                0
    -0.0030551688    3.0894993e-05     -0.010443603     0.0042754109     0.0057605719   -0.00033213067    9.1093825e-31   -1.6021766e-19    -9.156439e-20    2.4106677e-19             1682                1
    -0.0051655141    8.0280806e-06     -0.014025843    -0.0021248183    0.00087973924    -0.0013933865    9.1093825e-31   -1.6021766e-19    -9.156439e-20    2.4106677e-19              293                0
    -0.0039348449    6.9447473e-05     -0.013172202   -0.00037752057     0.0025928081    -0.0020525702    9.1093825e-31   -1.6021766e-19    -9.156439e-20    2.4106677e-19              645                0
    -0.0052742395    8.1019898e-05     0.0089643123     0.0014933099   -0.00078943203   -0.00043914909    9.1093825e-31   -1.6021766e-19    -9.156439e-20    2.4106677e-19              355                0
     0.0076946947    4.1742453e-05     -0.011915155    -0.0008368268    0.00018180109    0.00070908287    9.1093825e-31   -1.6021766e-19    -9.156439e-20    2.4106677e-19              451                0
    -0.0067639244    1.9919562e-05      0.011555896     0.0022842127    7.1559574e-05    -0.0018214098    9.1093825e-31   -1.6021766e-19    -9.156439e-20    2.4106677e-19              716                0
    -0.0064171432    3.4761775e-05    -0.0020557058    -0.0001083195    -0.0016207367    0.00093400473    9.1093825e-31   -1.6021766e-19    -9.156439e-20    2.4106677e-19               32                0
     0.0033869171    9.3035153e-05      0.012734033    -0.0038763788    -0.0040724217     0.0001447695    9.1093825e-31   -1.6021766e-19    -9.156439e-20    2.4106677e-19             1799                1
     0.0083098784    3.4262099e-05    0.00065550423    -0.0016649956   -0.00081528106   -0.00062162435    9.1093825e-31   -1.6021766e-19    -9.156439e-20    2.4106677e-19              455                0
     0.0058775479    2.7448621e-05     0.0030106867   -0.00041194656    -0.0024597473   -4.0317341e-06    9.1093825e-31   -1.6021766e-19    -9.156439e-20    2.4106677e-19              475                0
    -0.0034920457    9.3398077e-05    -0.0064271661    -0.0015656103     0.0022020349   -0.00019342705    9.1093825e-31   -1.6021766e-19    -9.156439e-20    2.4106677e-19             1466                1
    -0.0011886092    2.5753036e-05    -0.0041367086      0.001344902       0.01055171     -0.002394062    9.1093825e-31   -1.6021766e-19    -9.156439e-20    2.4106677e-19             1796                1
     0.0051497547    2.8420771e-05    -0.0021604639    0.00082379032    -0.0028297182      0.001934209    9.1093825e-31   -1.6021766e-19    -9.156439e-20    2.4106677e-19              535                0
    -0.0013552951    6.9707428e-05    -0.0081224041   -0.00081528031      0.011903076      0.002428703    9.1093825e-31   -1.6021766e-19    -9.156439e-20    2.4106677e-19             1736                1
    -0.0049420916    2.6422804e-05     -0.010765932    -0.0047324398     0.0048659011     0.0012092468    9.1093825e-31   -1.6021766e-19    -9.156439e-20    2.4106677e-19             1690                1
    -0.0015829875    6.9318252e-05      0.010701034    -0.0039365049    -0.0064863851    -0.0040240013    9.1093825e-31   -1.6021766e-19    -9.156439e-20    2.4106677e-19             1739                1
    -0.0055212523    2.5266068e-05     0.0063239248     0.0014783796    -0.0014804506     0.0014968634    9.1093825e-31   -1.6021766e-19    -9.156439e-20    2.4106677e-19              902                0
     0.0001096311    6.9506914e-06     0.0033128958     0.0024718051    -0.0041030808    -0.0010185784    9.1093825e-31   -1.6021766e-19    -9.156439e-20    2.4106677e-19              173                0
    8.6582055e-05     1.431402e-05    -0.0011966274    -0.0059263557     0.0044769342     0.0028085795    9.1093825e-31   -1.6021766e-19    -9.156439e-20    2.4106677e-19             1787                1
    -0.0050702295    8.2940627e-05    -0.0018244573    0.00082098501   -0.00057344127    -0.0020141234    9.1093825e-31   -1.6021766e-19    -9.156439e-20    2.4106677e-19             1206                1
    -0.0067274892    3.3288103e-05     0.0039730566     0.0030991179    -0.0014708405    -0.0015916026    9.1093825e-31   -1.6021766e-19    -9.156439e-20    2.4106677e-19              695                0
     0.0069979057    1.1365951e-05      0.008087025    0.00093443017     0.0015386235   -0.00055470486    9.1093825e-31   -1.6021766e-19    -9.156439e-20    2.4106677e-19             1763                1
     0.0050595528    9.7737771e-05     0.0071558519   -0.00022233131   -0.00029112078     0.0036257813    9.1093825e-31   -1.6021766e-19    -9.156439e-20    2.4106677e-19              847                0
     0.0065073282    3.2921816e-05     -0.007653479     0.0022309404    0.00010390009     0.0016482603    9.1093825e-31   -1.6021766e-19    -9.156439e-20    2.4106677e-19                4                0
     0.0031213223    2.4594838e-05      0.014180032   -9.8308614e-05    -0.0097471494   -0.00033162514    9.1093825e-31   -1.6021766e-19    -9.156439e-20    2.4106677e-19             1707                1
    -0.0044518206    6.4249914e-05      0.012078321    0.00010289351     0.0017019284   -0.00014668016    9.1093825e-31   -1.6021766e-19    -9.156439e-20    2.4106677e-19             1316                1
    -0.0061340835    2.0193036e-05     -0.011995687    1.5141939e-05    0.00055012584    -0.0013673466    9.1093825e-31   -1.6021766e-19    -9.156439e-20    2.4106677e-19              385                0
    -0.0021432573    6.6299574e-05     0.0062036207   -0.00011137479    -0.0089135151     0.0031610352    9.1093825e-31   -1.6021766e-19    -9.156439e-20    2.4106677e-19             1772                1
    -0.0053150603    1.0968913e-05     0.0049250619    -0.0010790933    -0.0031587095   -0.00049157068    9.1093825e-31   -1.6021766e-19    -9.156439e-20    2.4106677e-19              248                0
    -0.0012013844    3.9048624e-05     0.0046293624     0.0014581084    -0.0034265248     0.0014667971    9.1093825e-31   -1.6021766e-19    -9.156439e-20    2.4106677e-19              968                0
    -0.0051030484    8.0520993e-05     0.0060871411    -0.0010657441    -0.0011813932      0.001248743    9.1093825e-31   -1.6021766e-19    -9.156439e-20    2.4106677e-19              895                0
    -2.722327e-05    8.2673214e-06     0.0043808604    0.00088708109     0.0073495554   -0.00094556255    9.1093825e-31   -1.6021766e-19    -9.156439e-20    2.4106677e-19             1804                1
     0.0061547589    3.1331507e-05     0.0048117349    -0.0011212422    -0.0014269751    0.00066403917    9.1093825e-31   -1.6021766e-19    -9.156439e-20    2.4106677e-19              751                0
     0.0075166021    9.3692579e-06    -0.0091330791    -0.0007096756   -0.00031782943    0.00033160168    9.1093825e-31   -1.6021766e-19    -9.156439e-20    2.4106677e-19               10                0
    -0.0059373057    7.7009754e-06      0.001831767    4.0870898e-05    -0.0030238994     0.0019871942    9.1093825e-31   -1.6021766e-19    -9.156439e-20    2.4106677e-19              832                0
   -0.00085613481    3.0703879e-05    -0.0058484185    -0.0008225143     0.0058771153    -0.0094912788    9.1093825e-31   -1.6021766e-19    -9.156439e-20    2.4106677e-19             1743                1
    -0.0073459363    6.8049187e-05    -0.0069858902    -0.0011546111   -0.00050997606    -0.0026722257    9.1093825e-31   -1.6021766e-19    -9.156439e-20    2.4106677e-19              532                0
    -0.0037868433     3.837037e-05      0.011555032   -0.00061398715    -0.0092834868   -0.00076365744    9.1093825e-31   -1.6021766e-19    -9.156439e-20    2.4106677e-19             1713                1
    -0.0045741787    5.5519133e-05       0.00365311     1.569244e-05      -0.00683528   -0.00055248302    9.1093825e-31   -1.6021766e-19    -9.156439e-20    2.4106677e-19             1681                1
     0.0011050022     5.287036e-05    -0.0092585394     -0.003487506     0.0096008666    -0.0034631265    9.1093825e-31   -1.6021766e-19    -9.156439e-20    2.4106677e-19             1730                1
     0.0047713378    2.5952771e-05    -0.0034314464    0.00016561586     0.0076677757    8.3423904e-05    9.1093825e-31   -1.6021766e-19    -9.156439e-20    2.4106677e-19             1784                1
      0.003352494     3.139671e-05      0.012726043   -0.00017669942    -0.0084139165    -0.0026103882    9.1093825e-31   -1.6021766e-19    -9.156439e-20    2.4106677e-19             1684                1
    -0.0012865016    1.5431351e-05     0.0027787792    -0.0016793348    -0.0037999456   -0.00062700873    9.1093825e-31   -1.6021766e-19    -9.156439e-20    2.4106677e-19               96                0
     0.0018810439    7.7706791e-05      0.012036206     0.0028027338    -0.0042188228   -0.00051803677    9.1093825e-31   -1.6021766e-19    -9.156439e-20    2.4106677e-19             1692                1
     0.0035746286    8.1977567e-05     0.0012148326    0.00090975087    -0.0019911849   -0.00025588754    9.1093825e-31   -1.6021766e-19    -9.156439e-20    2.4106677e-19              201                0
    -0.0010298085    4.1840798e-05     0.0058351746     0.0021590169     -0.009058889     0.0013501345    9.1093825e-31   -1.6021766e-19    -9.156439e-20    2.4106677e-19             1670                1
     -0.002678276    8.0983744e-05       0.00652871    -0.0017458019    -0.0012303265     0.0019385675    9.1093825e-31   -1.6021766e-19    -9.156439e-20    2.4106677e-19              288                0
     0.0061514336    5.6807839e-05     -0.014193567     0.0010232665     0.0020773939   -0.00096755236    9.1093825e-31   -1.6021766e-19    -9.156439e-20    2.4106677e-19              365                0
    0.00045481653    3.5839209e-06    -0.0073688249    -0.0021375983     0.0026327614    -0.0070836535    9.1093825e-31   -1.6021766e-19    -9.156439e-20    2.4106677e-19             1801                1
    -0.0086370483     9.123376e-06     -0.012891006    -0.0001685287   -0.00024495969     -0.001766669    9.1093825e-31   -1.6021766e-19    -9.156439e-20    2.4106677e-19              301                0
    -0.0050624809     2.444078e-05     0.0089277849    -0.0021695271    -0.0012926474   -2.1484601e-07    9.1093825e-31   -1.6021766e-19    -9.156439e-20    2.4106677e-19              662                0
    -0.0075517134    5.4533608e-05    0.00087751413     0.0014793483    0.00058458571     0.0006798979    9.1093825e-31   -1.6021766e-19    -9.156439e-20    2.4106677e-19             1389                1
    -0.0075370278    6.7405517e-06     0.0018769592   -0.00075140654    -0.0021826318     -0.001800891    9.1093825e-31   -1.6021766e-19    -9.156439e-20    2.4106677e-19               12                0
     0.0013268549    5.6072578e-05      0.011373542    -0.0039395406    -0.0069610276     0.0033819641    9.1093825e-31   -1.6021766e-19    -9.156439e-20    2.4106677e-19             1695                1
     -0.004311237    7.2870775e-05     0.0060531031     0.0016043121    -0.0017558465    -0.0007833314    9.1093825e-31   -1.6021766e-19    -9.156439e-20    2.4106677e-19              628                0
     0.0065745283     5.363868e-05      0.005711996    0.00043439551    -0.0017934239   -0.00062739023    9.1093825e-31   -1.6021766e-19    -9.156439e-20    2.4106677e-19              420                0
     0.0014661162    3.1636388e-05    -0.0089200856    0.00011626186     0.0056456132    0.00032611258    9.1093825e-31   -1.6021766e-19    -9.156439e-20    2.4106677e-19             1677                1
   -0.00064801431    5.4705451e-05    -0.0083019873     0.0009597966     0.0074797198    -0.0068247118    9.1093825e-31   -1.6021766e-19    -9.156439e-20    2.4106677e-19             1668                1
   -0.00078396476    2.5581785e-05    -0.0027401256     0.0019627167      0.006000468    -0.0090632765    9.1093825e-31   -1.6021766e-19    -9.156439e-20    2.4106677e-19             1773                1
    -0.0013141742     4.644892e-05     -0.014170947   -0.00044910662     0.0088376887     0.0049875532    9.1093825e-31   -1.6021766e-19    -9.156439e-20    2.4106677e-19             1728                1
    -0.0067044487     6.076241e-05    -0.0032433986     0.0011368727   -0.00059135497    0.00097638287    9.1093825e-31   -1.6021766e-19    -9.156439e-20    2.4106677e-19              984                0
    0.00045682691      4.51989e-05    0.00022556756   -0.00072217995      0.004878303    0.00019015101    9.1093825e-31   -1.6021766e-19    -9.156439e-20    2.4106677e-19             1727                1
    -0.0016087665    8.0702564e-05     -0.011186129     0.0051185838      0.010440401    -0.0024649082    9.1093825e-31   -1.6021766e-19    -9.156439e-20    2.4106677e-19             1658                1
     0.0052593462    5.6229394e-05     0.0064454982     0.0010837519    -0.0017231385   -0.00040139304    9.1093825e-31   -1.6021766e-19    -9.156439e-20    2.4106677e-19              580                0
    -0.0024412207    1.1840625e-05    -0.0021658679    -0.0040054214      0.004251515      0.002125972    9.1093825e-31   -1.6021766e-19    -9.156439e-20    2.4106677e-19             1790                1
     0.0084582204    3.2696847e-05     -0.012756742    -0.0022369321    0.00075087399     0.0022224418    9.1093825e-31   -1.6021766e-19    -9.156439e-20    2.4106677e-19              586                0
     0.0015535109    5.8214908e-05      -0.01293335   -0.00037166759     0.0095608542   -0.00055401598    9.1093825e-31   -1.6021766e-19    -9.156439e-20    2.4106677e-19             1698                1
    -0.0050886064    4.2163072e-05    -0.0051621329     0.0010555901    -0.0011633675   -0.00094671489    9.1093825e-31   -1.6021766e-19    -9.156439e-20    2.4106677e-19              660                0
     0.0089381626    6.7361398e-05     0.0048147109   -0.00079535373    0.00081271899     0.0014982827    9.1093825e-31   -1.6021766e-19    -9.156439e-20    2.4106677e-19             1080                1
    -0.0077920938    4.2661472e-05       0.01093598     0.0006306133   -5.5745164e-05     0.0015231345    9.1093825e-31   -1.6021766e-19    -9.156439e-20    2.4106677e-19              652                0
     0.0020864368    5.3986147e-05      0.014634931    -0.0023004927    -0.0096857343   -3.9325812e-05    9.1093825e-31   -1.6021766e-19    -9.156439e-20    2.4106677e-19             1760                1
     0.0012594054    7.0356655e-06     0.0025490059       -0.0107598    0.00030374751     0.0015329644    9.1093825e-31   -1.6021766e-19    -9.156439e-20    2.4106677e-19             1764                1
    -0.0089917919    1.5353191e-05     0.0015193749    -0.0022055451   -0.00069130783    0.00013335202    9.1093825e-31   -1.6021766e-19    -9.156439e-20    2.4106677e-19              760                0
     0.0018498721    6.1606537e-05      0.012038902   -0.00054789847     -0.005948748   -0.00022616584    9.1093825e-31   -1.6021766e-19    -9.156439e-20    2.4106677e-19             1691                1
    -0.0045218007    6.4834443e-05     0.0065466668    -0.0013998911    -0.0071331533   -0.00073735771    9.1093825e-31   -1.6021766e-19    -9.156439e-20    2.4106677e-19             1746                1
     0.0024112926    4.1689033e-05    -0.0092559578    -0.0011103646     0.0069001275    -0.0040478469    9.1093825e-31   -1.6021766e-19    -9.156439e-20    2.4106677e-19             1694                1
     0.0058589252    6.8367175e-05    -0.0074629192   -0.00013597976    0.00018837958   -0.00093686604    9.1093825e-31   -1.6021766e-19    -9.156439e-20    2.4106677e-19              840                0
      0.003026701    3.7975911e-05    -0.0056402716    -0.0017361181    -0.0018218081     1.262372e-05    9.1093825e-31   -1.6021766e-19    -9.156439e-20    2.4106677e-19              860                0
    -0.0039098854    8.7456865e-06    -0.0020512543   -5.4490552e-06    -0.0031063168   -0.00049832446    9.1093825e-31   -1.6021766e-19    -9.156439e-20    2.4106677e-19              880                0
    -0.0032269994    3.0379515e-05     -0.012461429   -0.00084810669     0.0014455295    -0.0015411803    9.1093825e-31   -1.6021766e-19    -9.156439e-20    2.4106677e-19              900                0
    -0.0065476582    1.7488735e-05    -0.0087402193    0.00093485863   -1.8904819e-05    -0.0013282902    9.1093825e-31   -1.6021766e-19    -9.156439e-20    2.4106677e-19              132                0
     0.0018092201    2.4181723e-05      0.010649965     0.0020613275     -0.011283368     0.0072818464    9.1093825e-31   -1.6021766e-19    -9.156439e-20    2.4106677e-19             1709                1
    -0.0073003569    3.6331017e-05    -0.0026971996    0.00063462387   -0.00041724951    0.00067808025    9.1093825e-31   -1.6021766e-19    -9.156439e-20    2.4106677e-19             1012                1
     -0.003703495    3.8981801e-05    0.00036889457    -0.0013176488    -0.0032287796     0.0026048308    9.1093825e-31   -1.6021766e-19    -9.156439e-20    2.4106677e-19              893                0
     0.0075321114    3.5820183e-05     -0.012948207     0.0023654762    0.00077740295    -0.0017001948    9.1093825e-31   -1.6021766e-19    -9.156439e-20    2.4106677e-19              311                0
    -0.0069417479     2.650275e-05    -0.0077863298    -0.0012780539   -0.00060610601    0.00055280118    9.1093825e-31   -1.6021766e-19    -9.156439e-20    2.4106677e-19              791                0
    -0.0041039744    5.0977214e-05    -0.0096475221      0.001049594     0.0082763704     0.0053878464    9.1093825e-31   -1.6021766e-19    -9.156439e-20    2.4106677e-19             1712                1
    -0.0030267562    1.8779006e-05     0.0050947289   -0.00023895636    -0.0026196502     -0.001220184    9.1093825e-31   -1.6021766e-19    -9.156439e-20    2.4106677e-19              110                0
      0.002308062    2.4830102e-05   -5.6079243e-05     0.0017090287     0.0057162852   -0.00050455873    9.1093825e-31   -1.6021766e-19    -9.156439e-20    2.4106677e-19             1779                1
      0.001156523    6.4269741e-05     -0.006730773     0.0011010275     0.0065128012      0.002279765    9.1093825e-31   -1.6021766e-19    -9.156439e-20    2.4106677e-19             1649                1
    -0.0062063285    2.1284926e-05      0.002882374    4.5297889e-05    -0.0018159766   -0.00011808552    9.1093825e-31   -1.6021766e-19    -9.156439e-20    2.4106677e-19              677                0
    0.00063146924    5.5205652e-05     0.0097684497     0.0041756979    -0.0094409827     0.0055473642    9.1093825e-31   -1.6021766e-19    -9.156439e-20    2.4106677e-19             1752                1
    -0.0084763439    5.5943914e-05    -0.0047902428    0.00033531321     4.938912e-05   -0.00011260005    9.1093825e-31   -1.6021766e-19    -9.156439e-20    2.4106677e-19              210                0
    -0.0010354501    2.0610121e-05     -0.005896844     0.0057782112     0.0042606955     0.0052218135    9.1093825e-31   -1.6021766e-19    -9.156439e-20    2.4106677e-19             1738                1
       0.00792279    5.9223908e-05     0.0084092077   -0.00032322123   -0.00030775959      0.001262102    9.1093825e-31   -1.6021766e-19    -9.156439e-20    2.4106677e-19              254                0
     0.0059044389    7.1961833e-05     0.0044785244   -0.00064545206     -0.001769732   -0.00088039064    9.1093825e-31   -1.6021766e-19    -9.156439e-20    2.4106677e-19              270                0
      0.009282562    8.1042373e-05      0.012584278     0.0010815704    0.00082058681   -0.00051256974    9.1093825e-31   -1.6021766e-19    -9.156439e-20    2.4106677e-19              812                0
     0.0089183804    2.5296189e-05     -0.013921998   -0.00069682085   -0.00058321364     0.0001645586    9.1093825e-31   -1.6021766e-19    -9.156439e-20    2.4106677e-19              310                0
      0.007832285    1.2934525e-05     -0.011323375    0.00020510207   -0.00069935463    0.00046793788    9.1093825e-31   -1.6021766e-19    -9.156439e-20    2.4106677e-19              407                0
    -0.0037324056    3.8616428e-05    -0.0015407571     0.0036480238     0.0056805601     0.0010105378    9.1093825e-31   -1.6021766e-19    -9.156439e-20    2.4106677e-19             1747                1
    -0.0075263246    3.9185987e-05     -0.012129742    -0.0011408245     0.0011100993    -0.0012041016    9.1093825e-31   -1.6021766e-19    -9.156439e-20    2.4106677e-19              673                0
     0.0089455964    7.5949312e-05     0.0060919849    -0.0014443812     0.0005651745    0.00046891492    9.1093825e-31   -1.6021766e-19    -9.156439e-20    2.4106677e-19              390                0
     0.0085210456    2.2065604e-05      0.010218859    0.00026007989   -0.00019969379    -9.236129e-05    9.1093825e-31   -1.6021766e-19    -9.156439e-20    2.4106677e-19              410                0
     0.0022933856    3.3973854e-05   -5.3393647e-05    -0.0018216354      0.007913691     0.0001409438    9.1093825e-31   -1.6021766e-19    -9.156439e-20    2.4106677e-19             1778                1
    -0.0013702307     7.587143e-05     -0.012546388     0.0068799602     0.0097399587    -0.0075953561    9.1093825e-31   -1.6021766e-19    -9.156439e-20    2.4106677e-19             1648                1
   -3.5369063e-05    7.8281373e-05      0.014562105   -5.6253539e-05     0.0053591304    0.00014195139    9.1093825e-31   -1.6021766e-19    -9.156439e-20    2.4106677e-19             1500                1
     0.0044482131    4.4045177e-05      -0.01348016    0.00049276819   -0.00035597035   -6.9458627e-05    9.1093825e-31   -1.6021766e-19    -9.156439e-20    2.4106677e-19             1596                1
    -0.0087378062    8.1873884e-05     0.0050083208    -0.0012683832    0.00046586985     0.0016877524    9.1093825e-31   -1.6021766e-19    -9.156439e-20    2.4106677e-19              510                0
    -0.0094358735    9.0600537e-05    -0.0066617285    0.00040268101   -9.8722427e-05    0.00041476704    9.1093825e-31   -1.6021766e-19    -9.156439e-20    2.4106677e-19              192                0
    -0.0042086053    3.4193843e-05    -0.0097978469     0.0011302014     0.0053756381   -0.00079184858    9.1093825e-31   -1.6021766e-19    -9.156439e-20    2.4106677e-19             1664                1
     0.0090644369    1.5491976e-05     -0.012573457    -0.0025033697   -0.00068941608    -0.0020287805    9.1093825e-31   -1.6021766e-19    -9.156439e-20    2.4106677e-19              747                0
     0.0033113917    7.2515497e-05     0.0092495494    -0.0024463981    -0.0075985203   -0.00045175356    9.1093825e-31   -1.6021766e-19    -9.156439e-20    2.4106677e-19             1775                1
     0.0034662662     4.155195e-05     0.0032702738      0.001163932    -0.0028758312     0.0021992123    9.1093825e-31   -1.6021766e-19    -9.156439e-20    2.4106677e-19              991                0
    -0.0019179751     5.654405e-05     0.0045786151    -0.0013082729    -0.0033162744    -0.0013479654    9.1093825e-31   -1.6021766e-19    -9.156439e-20    2.4106677e-19              630                0
    -0.0092237275    2.7954089e-05    -0.0018888726     0.0011812418   -0.00047623142   -0.00095272553    9.1093825e-31   -1.6021766e-19    -9.156439e-20    2.4106677e-19              212                0
     0.0084271487    2.3996576e-05     0.0016001272    0.00021735593   -0.00078412873   -0.00082988519    9.1093825e-31   -1.6021766e-19    -9.156439e-20    2.4106677e-19              525                0
     0.0092090005    1.0321161e-05    -0.0091300178     0.0011342076   -1.8827495e-05    -0.0014044222    9.1093825e-31   -1.6021766e-19    -9.156439e-20    2.4106677e-19              690                0
    -0.0011680443    6.4337648e-05      0.006685399    -0.0043250304      -0.00687003     0.0049875444    9.1093825e-31   -1.6021766e-19    -9.156439e-20    2.4106677e-19             1674                1
    -0.0014689137    7.1728464e-05    -0.0066847522   -0.00091476255    0.00012008232    -0.0012325082    9.1093825e-31   -1.6021766e-19    -9.156439e-20    2.4106677e-19             1170                1
    -0.0087487847    6.7329463e-05    -0.0012501921    0.00091540918   -0.00075674616    0.00099278346    9.1093825e-31   -1.6021766e-19    -9.156439e-20    2.4106677e-19              750                0
    -0.0016426028     5.314073e-06     0.0084036058     0.0011918204      -0.00266576     -0.001644075    9.1093825e-31   -1.6021766e-19    -9.156439e-20    2.4106677e-19             1655                1
    -0.0089222323    1.6965419e-05      0.010365723     0.0017806747    -0.0023810512   -0.00055978872    9.1093825e-31   -1.6021766e-19    -9.156439e-20    2.4106677e-19             1370                1
    -0.0040061651    5.2526422e-05     0.0052210703    0.00021943459    -0.0087555591    -0.0024425935    9.1093825e-31   -1.6021766e-19    -9.156439e-20    2.4106677e-19             1741                1
    -0.0075226454    5.8260615e-05    -0.0013581882     0.0028686523   -0.00055961945    -0.0008513577    9.1093825e-31   -1.6021766e-19    -9.156439e-20    2.4106677e-19              257                0
    -0.0056207092    4.6656187e-05     0.0057972847    -0.0010973105    -0.0013437687     0.0010287227    9.1093825e-31   -1.6021766e-19    -9.156439e-20    2.4106677e-19              220                0
      0.006739194    7.9274541e-05     0.0091490364    -0.0016391184    0.00059074728     0.0013760234    9.1093825e-31   -1.6021766e-19    -9.156439e-20    2.4106677e-19              870                0
     0.0064601162    2.3744922e-05    -0.0084724566    -0.0027514354    5.7892506e-05    -0.0005397952    9.1093825e-31   -1.6021766e-19    -9.156439e-20    2.4106677e-19              931                0
     -0.001097883    6.6338512e-06     0.0056947689    -0.0053620199     -0.012768483    0.00060103025    9.1093825e-31   -1.6021766e-19    -9.156439e-20    2.4106677e-19             1676                1
     0.0041671442    9.3343901e-05     -0.014881716    -0.0013358296     0.0030112939    -0.0022163983    9.1093825e-31   -1.6021766e-19    -9.156439e-20    2.4106677e-19              833                0
    -0.0076565947    1.0740618e-05     0.0045423051   -0.00040808797    -0.0017148685      0.001364579    9.1093825e-31   -1.6021766e-19    -9.156439e-20    2.4106677e-19              633                0
    -0.0011976435    2.0447187e-05     0.0066080419   -0.00077352102      0.011610894     0.0013560354    9.1093825e-31   -1.6021766e-19    -9.156439e-20    2.4106677e-19             1802                1
     0.0048364745    4.3755368e-05      0.007134119    0.00021374905    -0.0019374458     0.0030153915    9.1093825e-31   -1.6021766e-19    -9.156439e-20    2.4106677e-19               18                0
     0.0059660305    8.7935132e-06    -0.0028992079    -0.0011324857    -0.0015011183    -0.0022767901    9.1093825e-31   -1.6021766e-19    -9.156439e-20    2.4106677e-19              256                0
    -0.0017203373    3.8114718e-05     0.0017889716    0.00068960682    -0.0094509181     0.0023366113    9.1093825e-31   -1.6021766e-19    -9.156439e-20    2.4106677e-19             1710                1
    -0.0036092519     4.993185e-06     -0.014341685    -0.0023534365     0.0019574577    0.00044055132    9.1093825e-31   -1.6021766e-19    -9.156439e-20    2.4106677e-19              567                0
     0.0033618959    6.4720924e-05      0.012697524   -0.00038747207    -0.0058766855   -0.00071675453    9.1093825e-31   -1.6021766e-19    -9.156439e-20    2.4106677e-19             1715                1
    -0.0015982232    6.4438049e-05     -0.011190844     0.0060690166     0.0089758215    -0.0028932327    9.1093825e-31   -1.6021766e-19    -9.156439e-20    2.4106677e-19             1659                1
    -0.0026268933    6.2704523e-05     -0.013947094     0.0042571216      0.011086823      0.001402581    9.1093825e-31   -1.6021766e-19    -9.156439e-20    2.4106677e-19             1733                1
     -0.009044758    9.3532726e-05      0.012490416    -0.0017078879      0.001016125    2.0063424e-05    9.1093825e-31   -1.6021766e-19    -9.156439e-20    2.4106677e-19              865                0
     0.0092299208    5.8272271e-05    0.00092074048     0.0014065771   -0.00069611554    -0.0001783894    9.1093825e-31   -1.6021766e-19    -9.156439e-20    2.4106677e-19              637                0
     0.0011968581    7.0095586e-05      0.013635368    -0.0010541538    -0.0052803145     -0.001045096    9.1093825e-31   -1.6021766e-19    -9.156439e-20    2.4106677e-19             1723                1
    -0.0030535648    6.0072765e-05     -0.010438214     0.0044424459     0.0087667843    0.00022862625    9.1093825e-31   -1.6021766e-19    -9.156439e-20    2.4106677e-19             1683                1
     0.0047436291    6.5528613e-05     0.0021199803   -0.00073187292    -0.0022091523     0.0011535614    9.1093825e-31   -1.6021766e-19    -9.156439e-20    2.4106677e-19              229                0
    -0.0028766606    5.7098787e-06    -0.0056638955    0.00042829974    -0.0021220227    -0.0028065485    9.1093825e-31   -1.6021766e-19    -9.156439e-20    2.4106677e-19              507                0
     -0.008589399    6.7560184e-05    -0.0014455327    0.00081660808   -0.00080903224   -0.00040289079    9.1093825e-31   -1.6021766e-19    -9.156439e-20    2.4106677e-19              894                0
    -0.0027606224    5.7559196e-06    -0.0088981148    0.00068487762    -0.0035666183    -0.0015779268    9.1093825e-31   -1.6021766e-19    -9.156439e-20    2.4106677e-19             1482                1
     0.0078469701    6.5061038e-05    -0.0032242767     0.0016464719    -0.0011123342     0.0023104113    9.1093825e-31   -1.6021766e-19    -9.156439e-20    2.4106677e-19              309                0
    -0.0089351209    5.2715797e-05      0.011240544   -0.00022500368    0.00015965685   -0.00060472137    9.1093825e-31   -1.6021766e-19    -9.156439e-20    2.4106677e-19              329                0
     0.0076986621    5.6383789e-05     -0.014120774    -0.0029007073     0.0015786418      0.001358259    9.1093825e-31   -1.6021766e-19    -9.156439e-20    2.4106677e-19              349                0
     0.0090821274     6.205486e-05     0.0078854496    -0.0010169084   -0.00015565346     0.0016580542    9.1093825e-31   -1.6021766e-19    -9.156439e-20    2.4106677e-19              369                0
    -0.0028807404    8.5779342e-05    -0.0069514988     -0.001924759     0.0020563109   -0.00044724855    9.1093825e-31   -1.6021766e-19    -9.156439e-20    2.4106677e-19             1453                1
    0.00032945554    7.6442317e-05      0.012616484    -0.0028990023     0.0042556524    -0.0073919683    9.1093825e-31   -1.6021766e-19    -9.156439e-20    2.4106677e-19             1507                1
    -0.0022822439     5.571168e-05     0.0071891863     0.0020488445     -0.001253848    0.00015753086    9.1093825e-31   -1.6021766e-19    -9.156439e-20    2.4106677e-19              632                0
     0.0055376887    1.5329746e-05     0.0035400796    -0.0014178003    -0.0024291766   -0.00024278162    9.1093825e-31   -1.6021766e-19    -9.156439e-20    2.4106677e-19              251                0
    -0.0089807613    9.3452712e-05    0.00046485628     0.0010522351    -4.214919e-05    0.00012336647    9.1093825e-31   -1.6021766e-19    -9.156439e-20    2.4106677e-19              469                0
      0.006374863    1.6792816e-07    -0.0093928166     0.0023245504     -0.001090014   -0.00018000325    9.1093825e-31   -1.6021766e-19    -9.156439e-20    2.4106677e-19             1004                1
     0.0015476922    7.0890273e-05      0.011481849    -0.0014092792    -0.0051336191    -0.0015313538    9.1093825e-31   -1.6021766e-19    -9.156439e-20    2.4106677e-19             1689                1
     0.0073807277    3.0852734e-05    0.00089994777    -0.0015534067   -0.00089584541   -0.00085174863    9.1093825e-31   -1.6021766e-19    -9.156439e-20    2.4106677e-19              476                0
    -0.0049687708    2.1575599e-05     -0.012692027     0.0013646465     0.0015797899     -0.001645219    9.1093825e-31   -1.6021766e-19    -9.156439e-20    2.4106677e-19              549                0
    -0.0011107286    9.5096773e-05       0.01016247     0.0026313814   -0.00017355212    0.00071556104    9.1093825e-31   -1.6021766e-19    -9.156439e-20    2.4106677e-19              569                0
     0.0017255761     7.870236e-05     0.0071398173    -0.0052778521     0.0010781023     0.0046239342    9.1093825e-31   -1.6021766e-19    -9.156439e-20    2.4106677e-19             1467                1
     0.0013527096    7.6262819e-05    -0.0088368254    -0.0017425254     0.0089946194   -6.9881178e-05    9.1093825e-31   -1.6021766e-19    -9.156439e-20    2.4106677e-19             1654                1
     0.0095004532    6.8942463e-05     -0.014572007   -9.7652672e-05    0.00062542851     0.0020946241    9.1093825e-31   -1.6021766e-19    -9.156439e-20    2.4106677e-19              922                0
    -0.0010938651    2.3032853e-05     -0.012398005    -0.0023309989     0.0015190316   -0.00038086734    9.1093825e-31   -1.6021766e-19    -9.156439e-20    2.4106677e-19              649                0
    -0.0078565544    5.5295994e-05     0.0038327114     0.0011918535   -0.00089233555    0.00098701008    9.1093825e-31   -1.6021766e-19    -9.156439e-20    2.4106677e-19              934                0
    -0.0035622916    3.2440745e-05     0.0026535131   -0.00052850379     -0.010299699    0.00096958235    9.1093825e-31   -1.6021766e-19    -9.156439e-20    2.4106677e-19             1714                1
    -0.0079331826     8.362018e-05     0.0023835592    7.8272948e-05    -0.0001559095   -6.3722189e-05    9.1093825e-31   -1.6021766e-19    -9.156439e-20    2.4106677e-19              709                0
     0.0029798266    2.8890126e-05   -0.00089681934   -0.00057548413    -0.0067602973    0.00028719965    9.1093825e-31   -1.6021766e-19    -9.156439e-20    2.4106677e-19             1549                1
     0.0030996439    1.0676094e-05    -0.0043579182     0.0022971339      0.003006483    -0.0013919935    9.1093825e-31   -1.6021766e-19    -9.156439e-20    2.4106677e-19             1770                1
   -0.00088463485    2.9930623e-05    -0.0057718842    -0.0050561042      0.005735103     0.0018778004    9.1093825e-31   -1.6021766e-19    -9.156439e-20    2.4106677e-19             1744                1
      0.001655044    1.4477749e-05     0.0036444869   -0.00079892157    -0.0037338559    0.00053445558    9.1093825e-31   -1.6021766e-19    -9.156439e-20    2.4106677e-19              754                0
     0.0053885579    4.5810055e-05     0.0019450694    0.00055315922    -0.0023498551     0.0025740527    9.1093825e-31   -1.6021766e-19    -9.156439e-20    2.4106677e-19               20                0
   -0.00075881626    1.8731804e-05    -0.0083438344    -0.0036639906     0.0047167265    -0.0062337015    9.1093825e-31   -1.6021766e-19    -9.156439e-20    2.4106677e-19             1734                1
    -0.0088709677    8.0999955e-05    -0.0046032853   -0.00061061594     0.0001039427    0.00089873478    9.1093825e-31   -1.6021766e-19    -9.156439e-20    2.4106677e-19              849                0
     0.0079075918    3.5028679e-05     0.0028261868    -0.0011089569    -0.0015684977    1.8259467e-05    9.1093825e-31   -1.6021766e-19    -9.156439e-20    2.4106677e-19              869                0
      0.008671103    5.9805483e-05     0.0040365485    -0.0007200379    0.00019670591      -0.00117086    9.1093825e-31   -1.6021766e-19    -9.156439e-20    2.4106677e-19               36                0
     0.0077609583    3.4828374e-06     0.0017066208     0.0013011682    -0.0015698667     0.0016553407    9.1093825e-31   -1.6021766e-19    -9.156439e-20    2.4106677e-19              977                0
    -0.0058596609    3.3227178e-07   -0.00025540125     0.0002043469    -0.0030124327   -0.00033127808    9.1093825e-31   -1.6021766e-19    -9.156439e-20    2.4106677e-19              622                0
     0.0048500472    6.3828174e-06    -0.0017522067     0.0025550411    -0.0086926045    0.00029836825    9.1093825e-31   -1.6021766e-19    -9.156439e-20    2.4106677e-19             1643                1
     0.0060601933    7.8069163e-05      0.011841125    -0.0006918388    0.00036672066     0.0020717795    9.1093825e-31   -1.6021766e-19    -9.156439e-20    2.4106677e-19              280                0
    -0.0046937107     3.294248e-05     -0.008278098    -0.0014357448   -0.00086823362     0.0017512146    9.1093825e-31   -1.6021766e-19    -9.156439e-20    2.4106677e-19              591                0
    -0.0093711633    7.0402006e-05     0.0025649157    0.00081406249    7.5915836e-05    0.00012257199    9.1093825e-31   -1.6021766e-19    -9.156439e-20    2.4106677e-19               44                0
   -0.00011056957    5.0105255e-06    -0.0072490182    -0.0033691695    -0.0056040767   -0.00019578927    9.1093825e-31   -1.6021766e-19    -9.156439e-20    2.4106677e-19             1632                1
     0.0032925932    5.1879182e-05    -0.0075790132     0.0021768415     0.0076422873    -0.0059520132    9.1093825e-31   -1.6021766e-19    -9.156439e-20    2.4106677e-19             1703                1
     0.0028397664    5.9985468e-05     0.0099458545    0.00034740678   -0.00013542136   -0.00023716428    9.1093825e-31   -1.6021766e-19    -9.156439e-20    2.4106677e-19              177                0
     0.0011367066    5.8821529e-06     0.0028031205     0.0011845594     -0.010456286     0.0021216476    9.1093825e-31   -1.6021766e-19    -9.156439e-20    2.4106677e-19             1623                1
     0.0011791949     4.971106e-05    -0.0095865661    -0.0041569783     0.0074343453     0.0052464874    9.1093825e-31   -1.6021766e-19    -9.156439e-20    2.4106677e-19             1665                1
    -0.0062740673    5.6981946e-05    -0.0027720407     0.0053558787    -0.0039573093     0.0043199109    9.1093825e-31   -1.6021766e-19    -9.156439e-20    2.4106677e-19             1629                1
    -0.0083707366    5.7160662e-05     0.0037749112    0.00098085729   -0.00090894534    -0.0031897058    9.1093825e-31   -1.6021766e-19    -9.156439e-20    2.4106677e-19              184                0
      0.001385608    7.8056328e-05      0.011337751    -0.0021999113    -0.0060387584    -0.0016746895    9.1093825e-31   -1.6021766e-19    -9.156439e-20    2.4106677e-19             1762                1
    -0.0042734584    7.9019221e-05    -0.0073476476    -0.0015599269     0.0097360164   -0.00016217738    9.1093825e-31   -1.6021766e-19    -9.156439e-20    2.4106677e-19             1688                1
    -0.0060422793    7.9629943e-05    -0.0093242861     -0.000130327      0.002742976   -5.8351499e-05    9.1093825e-31   -1.6021766e-19    -9.156439e-20    2.4106677e-19             1436                1
     -0.008643724     5.094791e-05     0.0021136522    0.00044332157   -0.00065580406   -0.00017239648    9.1093825e-31   -1.6021766e-19    -9.156439e-20    2.4106677e-19              264                0
     0.0050812876    5.8128724e-05    0.00034038036    0.00020992622    -0.0025535449    -0.0012737568    9.1093825e-31   -1.6021766e-19    -9.156439e-20    2.4106677e-19              284                0
    -0.0056033242    2.6538955e-05      0.005601217    0.00084219349     -0.001818825   -0.00045395794    9.1093825e-31   -1.6021766e-19    -9.156439e-20    2.4106677e-19              906                0
   -0.00089974474    1.4110701e-05    -0.0063790036    0.00014193021    -0.0052333698    -0.0031532045    9.1093825e-31   -1.6021766e-19    -9.156439e-20    2.4106677e-19             1581                1
    -0.0040680319    8.4500643e-05      -0.01267168     -0.001669132     0.0021245494      0.000354908    9.1093825e-31   -1.6021766e-19    -9.156439e-20    2.4106677e-19              344                0
     0.0009902399    4.5209297e-05     0.0059957979    -0.0023908108    -0.0093146833     0.0043332879    9.1093825e-31   -1.6021766e-19    -9.156439e-20    2.4106677e-19             1701                1
   -0.00098649284    3.2786302e-05    -0.0021129863   -6.5477921e-05    -0.0032322051    0.00019263737    9.1093825e-31   -1.6021766e-19    -9.156439e-20    2.4106677e-19              384                0
     0.0017709208    6.9025707e-05     0.0068942546    -0.0040966938    -0.0081927031     0.0016349647    9.1093825e-31   -1.6021766e-19    -9.156439e-20    2.4106677e-19             1767                1
    -0.0013251411    5.1235907e-05    -0.0081277899      0.003474138     0.0092781261     0.0016588256    9.1093825e-31   -1.6021766e-19    -9.156439e-20    2.4106677e-19             1737                1
    -0.0092219049    6.3842228e-05    -0.0004752597     2.356699e-05   -0.00048077694    0.00067079189    9.1093825e-31   -1.6021766e-19    -9.156439e-20    2.4106677e-19              444                0
    -0.0059448858    8.2334682e-06    -0.0019217102    0.00023046241    -0.0016875897    -0.0010523445    9.1093825e-31   -1.6021766e-19    -9.156439e-20    2.4106677e-19              464                0
      0.004576934    3.9098388e-05     0.0040839273     0.0036342845     -0.008588952    -0.0028297214    9.1093825e-31   -1.6021766e-19    -9.156439e-20    2.4106677e-19             1686                1
     0.0054779593    3.7643847e-05     0.0092032924     0.0015561109    8.3904866e-05      0.001707503    9.1093825e-31   -1.6021766e-19    -9.156439e-20    2.4106677e-19             1322                1
     0.0024186843    5.9276688e-05      0.010127639   -0.00011124998     0.0018677973    0.00072010298    9.1093825e-31   -1.6021766e-19    -9.156439e-20    2.4106677e-19             1621                1
     0.0033450145    2.7827458e-05   -0.00098168361    0.00040584168    -0.0034262161       0.00101195    9.1093825e-31   -1.6021766e-19    -9.156439e-20    2.4106677e-19              666                0
     0.0084548183    2.4264345e-05    -0.0039026835   -0.00066465006   -0.00017308659    0.00088329182    9.1093825e-31   -1.6021766e-19    -9.156439e-20    2.4106677e-19              564                0
    -0.0039932048    7.7644354e-06     0.0093960036    0.00095903163     0.0047915955    1.4158788e-05    9.1093825e-31   -1.6021766e-19    -9.156439e-20    2.4106677e-19             1803                1
    -0.0072607081    2.3432522e-05       0.01190763    -0.0013738255   -0.00064392411   -0.00018895006    9.1093825e-31   -1.6021766e-19    -9.156439e-20    2.4106677e-19              604                0
    -0.0067136213    8.6120846e-05     0.0020218776   -6.1559949e-05    2.6946304e-06    2.6680922e-05    9.1093825e-31   -1.6021766e-19    -9.156439e-20    2.4106677e-19             1113                1
     0.0012033394    7.4334333e-05      0.013642538   -0.00019254646    -0.0047146706   -9.2692448e-05    9.1093825e-31   -1.6021766e-19    -9.156439e-20    2.4106677e-19             1722                1
     -0.006845999    5.3363441e-05     0.0008262301    0.00024510664    -0.0011338657   -8.8308974e-05    9.1093825e-31   -1.6021766e-19    -9.156439e-20    2.4106677e-19              664                0
    -0.0077296314    4.0432798e-05     -0.014915577    0.00080121163    0.00012221484    0.00073478784    9.1093825e-31   -1.6021766e-19    -9.156439e-20    2.4106677e-19              684                0
     0.0034055067    4.7734531e-05     0.0048127142   -0.00022891865    -0.0021923438    -0.0018766177    9.1093825e-31   -1.6021766e-19    -9.156439e-20    2.4106677e-19              704                0
     -0.002621138    6.2012208e-05      -0.01431221    -0.0014519609     0.0027167641    0.00011481909    9.1093825e-31   -1.6021766e-19    -9.156439e-20    2.4106677e-19              494                0
    -0.0066552483    5.2893171e-05     0.0093452623     0.0010581481    0.00020322042     0.0016267118    9.1093825e-31   -1.6021766e-19    -9.156439e-20    2.4106677e-19              871                0
     0.0090789264    1.6594076e-05     0.0028072312    -0.0017194934    -0.0010610996     -0.001140865    9.1093825e-31   -1.6021766e-19    -9.156439e-20    2.4106677e-19              831                0
    -0.0067122644    7.7406912e-05     -0.010963185     0.0010047036     0.0003677666    0.00099902763    9.1093825e-31   -1.6021766e-19    -9.156439e-20    2.4106677e-19              125                0
    -0.0051327171    5.9740159e-05      0.013354919    0.00097673933     0.0013506341    0.00043428969    9.1093825e-31   -1.6021766e-19    -9.156439e-20    2.4106677e-19              804                0
     0.0040031304    3.1197858e-05     -0.012616516    0.00033819384     0.0010468648    -0.0025111286    9.1093825e-31   -1.6021766e-19    -9.156439e-20    2.4106677e-19              266                0
    0.00044462562    9.9809593e-05      0.012873314   -0.00036443173     0.0058269855   -0.00018423756    9.1093825e-31   -1.6021766e-19    -9.156439e-20    2.4106677e-19             1588                1
    -0.0004621328    1.7702441e-05    -0.0025786874     0.0019985489     0.0065182499    -0.0030582957    9.1093825e-31   -1.6021766e-19    -9.156439e-20    2.4106677e-19             1793                1
    -0.0028168876    5.1428233e-05    -0.0089749806     0.0011699611    0.00042072075     0.0011440505    9.1093825e-31   -1.6021766e-19    -9.156439e-20    2.4106677e-19              360                0
     0.0048648966    6.7677276e-05     0.0069949413    -0.0032458988      0.001687729    -0.0010517283    9.1093825e-31   -1.6021766e-19    -9.156439e-20    2.4106677e-19             1613                1
      0.003324433    1.9759946e-05    -0.0014386193     -0.001103153    -0.0034177117   -0.00047273128    9.1093825e-31   -1.6021766e-19    -9.156439e-20    2.4106677e-19              711                0
     0.0011237048    3.7597445e-05     0.0028090966    0.00030288065    -0.0083071059     0.0025206227    9.1093825e-31   -1.6021766e-19    -9.156439e-20    2.4106677e-19             1624                1
     0.0005388771    3.0732179e-05     -0.011877942     3.191888e-05     0.0019258336     0.0002306158    9.1093825e-31   -1.6021766e-19    -9.156439e-20    2.4106677e-19              958                0
     0.0033114399    4.9707876e-05    -0.0074833715    3.3346409e-05     0.0083058663     0.0030504118    9.1093825e-31   -1.6021766e-19    -9.156439e-20    2.4106677e-19             1725                1
    -0.0067972546     6.817856e-05      0.012215727    0.00035151959    0.00061524118    0.00066837267    9.1093825e-31   -1.6021766e-19    -9.156439e-20    2.4106677e-19              988                0
     0.0075575556    3.1957796e-05     0.0087179281    -0.0013904796   -0.00085911667   -0.00062323228    9.1093825e-31   -1.6021766e-19    -9.156439e-20    2.4106677e-19              867                0
     0.0075965282    2.4399251e-06     0.0058996514     0.0012889924    -0.0013609399   -0.00017529109    9.1093825e-31   -1.6021766e-19    -9.156439e-20    2.4106677e-19               15                0
     0.0046670502    1.0803557e-05     0.0021109548   -0.00022999848    -0.0032002646   -0.00016265441    9.1093825e-31   -1.6021766e-19    -9.156439e-20    2.4106677e-19               25                0
    -0.0013047586    9.4116294e-05      0.010641898    7.8859593e-05    -0.0057884394    -0.0004498144    9.1093825e-31   -1.6021766e-19    -9.156439e-20    2.4106677e-19             1805                1
     0.0024733639    6.6623812e-05    -0.0091519859    0.00050407375     0.0087174149    0.00014061354    9.1093825e-31   -1.6021766e-19    -9.156439e-20    2.4106677e-19             1666                1
    0.00010509454    1.9314046e-05    -0.0012139666   -0.00025969808     0.0060100667    -0.0024988235    9.1093825e-31   -1.6021766e-19    -9.156439e-20    2.4106677e-19             1788                1
    -0.0052862526    3.4848352e-05     0.0067896843     0.0023964075    -0.0018187396     0.0021941834    9.1093825e-31   -1.6021766e-19    -9.156439e-20    2.4106677e-19              982                0
    -0.0054755197    7.9265346e-06      -0.01474415     0.0017610646     0.0011612803   -0.00097431557    9.1093825e-31   -1.6021766e-19    -9.156439e-20    2.4106677e-19              152                0
      0.007023239     4.595592e-05    0.00093808351    -0.0024477283    -0.0027483692     0.0038779301    9.1093825e-31   -1.6021766e-19    -9.156439e-20    2.4106677e-19             1374                1
    -0.0026147617    5.7096746e-05     0.0061205029     0.0013313729    -0.0023382495    0.00040588327    9.1093825e-31   -1.6021766e-19    -9.156439e-20    2.4106677e-19              485                0
      0.004208744    3.9392628e-05    -0.0086174728    0.00049458712     0.0071319165   -0.00020696974    9.1093825e-31   -1.6021766e-19    -9.156439e-20    2.4106677e-19             1731                1
     0.0033825594    5.6974808e-05      0.012700085     0.0022207089    -0.0068538026   -0.00039251373    9.1093825e-31   -1.6021766e-19    -9.156439e-20    2.4106677e-19             1716                1
     0.0058953031    6.2754341e-05     -0.004901554    -0.0013048014    -0.0029524262    -0.0021850439    9.1093825e-31   -1.6021766e-19    -9.156439e-20    2.4106677e-19             1641                1
     0.0041831392    4.2599291e-05      -0.00868461     0.0017979564     0.0064275833     0.0016078943    9.1093825e-31   -1.6021766e-19    -9.156439e-20    2.4106677e-19             1693                1
     0.0089352038    1.1759471e-05      0.013205374    -0.0017343882   -0.00086508587    -0.0016054604    9.1093825e-31   -1.6021766e-19    -9.156439e-20    2.4106677e-19              262                0
      0.002173759    8.3321647e-05     -0.014769903    -0.0052117216       0.01169571     0.0042007444    9.1093825e-31   -1.6021766e-19    -9.156439e-20    2.4106677e-19             1687                1
     0.0014931479    2.0247593e-05    -0.0051259836   -7.6429329e-05     0.0041920538     9.258846e-05    9.1093825e-31   -1.6021766e-19    -9.156439e-20    2.4106677e-19             1749                1
    -0.0071127121    9.0609959e-05     0.0070616729     0.0013290632   -0.00012287183   -0.00086151098    9.1093825e-31   -1.6021766e-19    -9.156439e-20    2.4106677e-19              322                0
     0.0014928172    3.3506916e-05    -0.0051252828   -0.00012859993     0.0062523815    0.00020299784    9.1093825e-31   -1.6021766e-19    -9.156439e-20    2.4106677e-19             1748                1
     -0.001387732    4.9931234e-05     -0.012391022    -0.0011379198      0.008953766   -0.00097690674    9.1093825e-31   -1.6021766e-19    -9.156439e-20    2.4106677e-19             1711                1
     0.0059127975    2.0859328e-05     0.0090920022     0.0014103239    -0.0014583336    0.00081383664    9.1093825e-31   -1.6021766e-19    -9.156439e-20    2.4106677e-19               77                0
    -0.0057234759    9.3140734e-05     -0.007527567     0.0016732073    0.00051924802   -0.00084464526    9.1093825e-31   -1.6021766e-19    -9.156439e-20    2.4106677e-19              117                0
    -0.0029357795    4.7888087e-05     -0.014415216    4.8821703e-06     0.0022549469    -0.0013815685    9.1093825e-31   -1.6021766e-19    -9.156439e-20    2.4106677e-19              422                0
     0.0011286258    2.7642996e-05      -0.01327687    -0.0013472677     0.0060700239    -0.0011386035    9.1093825e-31   -1.6021766e-19    -9.156439e-20    2.4106677e-19             1660                1
     -0.004053846    4.1631466e-07      0.014672804   -0.00097350864    -0.0018985084    -0.0050705415    9.1093825e-31   -1.6021766e-19    -9.156439e-20    2.4106677e-19             1463                1
    -0.0031903759    1.7887587e-05     0.0061381799   -0.00052075082      -0.01069929     0.0021427542    9.1093825e-31   -1.6021766e-19    -9.156439e-20    2.4106677e-19             1661                1
    -0.0041606906    6.5847511e-05      0.010303628    -0.0028548473    0.00019329441     0.0010071368    9.1093825e-31   -1.6021766e-19    -9.156439e-20    2.4106677e-19              687                0
     0.0010272812    1.8100787e-06     0.0059578512   -0.00066965958     0.0091133211     0.0058538048    9.1093825e-31   -1.6021766e-19    -9.156439e-20    2.4106677e-19             1809                1
   -0.00040239759     9.748654e-05    -0.0077362414    0.00012998404    -0.0040402124     0.0015926872    9.1093825e-31   -1.6021766e-19    -9.156439e-20    2.4106677e-19             1808                1
    -0.0010459046    3.5684468e-05     0.0060396497   -0.00022837489    -0.0088602807    0.00055212487    9.1093825e-31   -1.6021766e-19    -9.156439e-20    2.4106677e-19             1644                1
     0.0053491229    6.2917177e-05     0.0033321648    0.00020130262      -0.00220163   -0.00070380769    9.1093825e-31   -1.6021766e-19    -9.156439e-20    2.4106677e-19              581                0
     -0.003966304    3.4553617e-05     -0.013356665     0.0022023704     0.0070234397    -0.0012080055    9.1093825e-31   -1.6021766e-19    -9.156439e-20    2.4106677e-19             1742                1
    -0.0027179492    2.0388425e-06    0.00082852563      0.005237048    -0.0001550509    -0.0046041389    9.1093825e-31   -1.6021766e-19    -9.156439e-20    2.4106677e-19             1768                1
      0.001398026    5.6123354e-05     0.0017428141   -0.00010865829    -0.0031622704    -0.0016332478    9.1093825e-31   -1.6021766e-19    -9.156439e-20    2.4106677e-19              641                0
     0.0015666056    9.2089322e-05     -0.012893134     0.0003229258      0.011273171   -0.00033504461    9.1093825e-31   -1.6021766e-19    -9.156439e-20    2.4106677e-19             1650                1
     0.0013110538    2.9304823e-05     0.0025346326   -0.00032615048     0.0048056487    -0.0013743511    9.1093825e-31   -1.6021766e-19    -9.156439e-20    2.4106677e-19             1765                1
     0.0014692089    1.3009515e-05     0.0025536339     -0.001706594     -0.010208638    -0.0010768304    9.1093825e-31   -1.6021766e-19    -9.156439e-20    2.4106677e-19             1637                1
     -0.006884872    2.7288344e-05     -0.014221336    -0.0017933742    0.00061941892   -0.00014500835    9.1093825e-31   -1.6021766e-19    -9.156439e-20    2.4106677e-19              394                0
   -0.00011856289    4.2350133e-05     0.0036121469     0.0052940301    -0.0089457715     0.0027234636    9.1093825e-31   -1.6021766e-19    -9.156439e-20    2.4106677e-19             1675                1
    -0.0022775661    1.0289139e-05     0.0029090473     0.0029427169     0.0033598461    -0.0050508543    9.1093825e-31   -1.6021766e-19    -9.156439e-20    2.4106677e-19             1794                1
    -0.0011842223    1.2400201e-05     0.0056085205     0.0040507363      0.005341826     -0.005908601    9.1093825e-31   -1.6021766e-19    -9.156439e-20    2.4106677e-19             1798                1
     0.0018833017    6.2781663e-05      0.010575835    0.00024073853     -0.006503989    -0.0037608307    9.1093825e-31   -1.6021766e-19    -9.156439e-20    2.4106677e-19             1699                1
     0.0093668913    7.1685252e-05       -0.0042919    0.00046489033   -0.00049613812     0.0016114694    9.1093825e-31   -1.6021766e-19    -9.156439e-20    2.4106677e-19              821                0
     0.0074765282    7.9883452e-05     0.0080076698    0.00013142353    0.00029835381    0.00043219395    9.1093825e-31   -1.6021766e-19    -9.156439e-20    2.4106677e-19              131                0
     0.0013071297    1.3589594e-05    -0.0033595688     0.0039153313     0.0020850457    4.2577682e-05    9.1093825e-31   -1.6021766e-19    -9.156439e-20    2.4106677e-19             1724                1
   -0.00032170158    3.1320251e-05    0.00034521046    -0.0029876758     0.0067724152   -0.00078975403    9.1093825e-31   -1.6021766e-19    -9.156439e-20    2.4106677e-19             1777                1
     0.0003971066    8.7536144e-05      0.012811055     -0.001928806    -0.0041293288     0.0015721465    9.1093825e-31   -1.6021766e-19    -9.156439e-20    2.4106677e-19             1776                1
     0.0055405516    8.6828193e-05      0.011529722   -0.00032082782    -0.0074165277   -0.00070139772    9.1093825e-31   -1.6021766e-19    -9.156439e-20    2.4106677e-19             1800                1
    -0.0092144487    3.4191853e-05      0.012198511    0.00080501294   -0.00053600944   -0.00012309557    9.1093825e-31   -1.6021766e-19    -9.156439e-20    2.4106677e-19              938                0
    -0.0001630115    1.2262423e-05    -0.0075960904    -0.0019473054     0.0044073509     0.0030582666    9.1093825e-31   -1.6021766e-19    -9.156439e-20    2.4106677e-19             1782                1
   -0.00020431899    1.9375875e-05    -0.0035157416    -0.0019411856    -0.0063246484      0.001946224    9.1093825e-31   -1.6021766e-19    -9.156439e-20    2.4106677e-19             1517                1
     0.0055031367     3.871819e-05      0.010677323    2.2888007e-05     -0.001044366   -5.3358111e-05    9.1093825e-31   -1.6021766e-19    -9.156439e-20    2.4106677e-19             1001                1
    -0.0077158301    4.3269942e-05     0.0092013972     0.0030257655    -0.0018950411   -0.00070129457    9.1093825e-31   -1.6021766e-19    -9.156439e-20    2.4106677e-19             1337                1
    -0.0084095206    1.4524982e-05     0.0085032908    0.00073574024   -0.00034050952   -0.00013108453    9.1093825e-31   -1.6021766e-19    -9.156439e-20    2.4106677e-19               58                0
     0.0029920712    4.6217338e-05     0.0017257687    -0.0015212316    -0.0072533009    0.00092954386    9.1093825e-31   -1.6021766e-19    -9.156439e-20    2.4106677e-19             1640                1
    -0.0030729617    6.7341389e-05    -0.0016555473   -0.00093660876   -0.00030648574    -0.0018697885    9.1093825e-31   -1.6021766e-19    -9.156439e-20    2.4106677e-19             1502                1
     0.0041792928     6.674567e-05     0.0011740974    -0.0015795759    -0.0029892174    -0.0015074719    9.1093825e-31   -1.6021766e-19    -9.156439e-20    2.4106677e-19              118                0
     0.0062514348    7.4803917e-05     -0.011463097     0.0020641105     0.0010194147    0.00039792346    9.1093825e-31   -1.6021766e-19    -9.156439e-20    2.4106677e-19               51                0
     -0.009454567    2.1315016e-05    -0.0036561294    0.00052799523   -0.00010197308    0.00042812372    9.1093825e-31   -1.6021766e-19    -9.156439e-20    2.4106677e-19              158                0
    0.00025074161    5.1887037e-06    -0.0037824546      0.005926542     0.0050070011    -0.0024892231    9.1093825e-31   -1.6021766e-19    -9.156439e-20    2.4106677e-19             1806                1
    0.00018565865    5.1907853e-05    -0.0059573213     0.0042805253     0.0080845365     0.0019655044    9.1093825e-31   -1.6021766e-19    -9.156439e-20    2.4106677e-19             1719                1
    -0.0067790151    7.6926284e-05     0.0026105961    0.00035992541    -0.0042420649    0.00012866952    9.1093825e-31   -1.6021766e-19    -9.156439e-20    2.4106677e-19             1745                1
      0.001574231     2.409359e-06    -0.0030362424     0.0011175838     0.0036006323    0.00076488761    9.1093825e-31   -1.6021766e-19    -9.156439e-20    2.4106677e-19             1807                1
     0.0069004772    3.9232418e-05     -0.013603882   -0.00048915739     0.0013091847    0.00094227679    9.1093825e-31   -1.6021766e-19    -9.156439e-20    2.4106677e-19              213                0
     0.0040132371    7.5828553e-05     -0.011722222    -0.0012553326      0.011082875    0.00058041327    9.1093825e-31   -1.6021766e-19    -9.156439e-20    2.4106677e-19             1704                1
      0.002560907    6.1570478e-05      0.012238997   -0.00071865629      0.002993437    0.00011110763    9.1093825e-31   -1.6021766e-19    -9.156439e-20    2.4106677e-19             1468                1
    -0.0061535449    7.5604941e-05    -0.0030259225     0.0021542674    -0.0010127075   -0.00071903749    9.1093825e-31   -1.6021766e-19    -9.156439e-20    2.4106677e-19              318                0
    -0.0090529285     7.550844e-05    -0.0043634684    -0.0027701983    0.00011460899    0.00050311029    9.1093825e-31   -1.6021766e-19    -9.156439e-20    2.4106677e-19              723                0
    -0.0024155732    1.1464365e-05    -0.0021532285   -0.00095282309     0.0034757608    -0.0014309735    9.1093825e-31   -1.6021766e-19    -9.156439e-20    2.4106677e-19             1785                1
     0.0017700902    9.1307396e-05     0.0028395262    -0.0011377587    -0.0024070411     0.0010036175    9.1093825e-31   -1.6021766e-19    -9.156439e-20    2.4106677e-19              774                0
     0.0045882873    2.8191391e-05     0.0041101943   -9.5297139e-05    -0.0031685911     0.0041186218    9.1093825e-31   -1.6021766e-19    -9.156439e-20    2.4106677e-19              562                0
    -0.0012763495     8.845394e-05     0.0062238346     0.0022467335    -0.0018387646    -0.0016044367    9.1093825e-31   -1.6021766e-19    -9.156439e-20    2.4106677e-19              876                0
   -0.00072565721    4.9587641e-05    -0.0083005019    0.00098866201     0.0090304082   -0.00014795491    9.1093825e-31   -1.6021766e-19    -9.156439e-20    2.4106677e-19             1735                1
    0.00089518388    5.4002219e-05     0.0077666957     0.0032853032    -0.0088975113     0.0011433678    9.1093825e-31   -1.6021766e-19    -9.156439e-20    2.4106677e-19             1729                1
    -0.0030872081    2.6647752e-18     -0.010464169     0.0002810109    -0.0033614484    0.00087415049    9.1093825e-31   -1.6021766e-19    -9.156439e-20    2.4106677e-19             1552                1
    -0.0055288668    4.3414791e-05     -0.014238833     0.0012151466     0.0066897352    -0.0016943478    9.1093825e-31   -1.6021766e-19    -9.156439e-20    2.4106677e-19             1696                1
     -0.008919308    6.2825333e-05    -0.0011730958    0.00077855081    0.00018001613    -0.0017877404    9.1093825e-31   -1.6021766e-19    -9.156439e-20    2.4106677e-19              518                0
     0.0039201467    9.5794196e-05    -0.0016313535    -0.0025995849     0.0012998296    0.00065964926    9.1093825e-31   -1.6021766e-19    -9.156439e-20    2.4106677e-19             1525                1
     0.0033194844    7.5160955e-05     0.0079663144   -0.00075298181    -0.0010406871   -0.00054297899    9.1093825e-31   -1.6021766e-19    -9.156439e-20    2.4106677e-19              903                0
    -0.0085429158    3.3738794e-05       0.01012524     0.0010033649    0.00017354455    0.00071631052    9.1093825e-31   -1.6021766e-19    -9.156439e-20    2.4106677e-19              578                0
     0.0081523536    4.1060744e-06      -0.01340018        0.0023095    -0.0003360273    0.00041530782    9.1093825e-31   -1.6021766e-19    -9.156439e-20    2.4106677e-19              598                0
     0.0081669865    3.3278029e-05     0.0095992833     0.0017233491   -5.4433662e-05    0.00014745834    9.1093825e-31   -1.6021766e-19    -9.156439e-20    2.4106677e-19              618                0
     0.0028494725    3.7657504e-05    -0.0070256856     7.857936e-05     0.0082912315   -0.00029672042    9.1093825e-31   -1.6021766e-19    -9.156439e-20    2.4106677e-19             1759                1
    -0.0074294396     8.203996e-06    -0.0089593977     0.0022144679   -0.00015502649   -0.00017598722    9.1093825e-31   -1.6021766e-19    -9.156439e-20    2.4106677e-19              725                0
     0.0024833747    8.7379478e-05      0.012125758     0.0012994499    -0.0051742052    0.00066521345    9.1093825e-31   -1.6021766e-19    -9.156439e-20    2.4106677e-19             1792                1
     0.0014921877    4.7843387e-05    -0.0089439256     0.0027757527     0.0073060417    -0.0021035578    9.1093825e-31   -1.6021766e-19    -9.156439e-20    2.4106677e-19             1678                1
    0.00044660101    2.0963123e-05    0.00021403465    -0.0020989722     0.0016157946    -0.0013603528    9.1093825e-31   -1.6021766e-19    -9.156439e-20    2.4106677e-19             1726                1
    -0.0092279725    8.9718123e-05     0.0017907746   -0.00052936608    0.00071669795     0.0032430757    9.1093825e-31   -1.6021766e-19    -9.156439e-20    2.4106677e-19              738                0
     0.0011670203     2.247167e-06    -0.0066294484    -0.0018482211    -0.0060971631   -0.00035272999    9.1093825e-31   -1.6021766e-19    -9.156439e-20    2.4106677e-19             1622                1
    -0.0038175695    1.2516626e-05     0.0050136074    2.7111526e-05    -0.0026607953    0.00099766359    9.1093825e-31   -1.6021766e-19    -9.156439e-20    2.4106677e-19              636                0
     0.0007872287     1.668683e-05     0.0011156956    8.3245985e-05     0.0017597042    5.0150556e-05    9.1093825e-31   -1.6021766e-19    -9.156439e-20    2.4106677e-19             1757                1
    0.00069011888    4.0114948e-05    -0.0040720408   -0.00097017206     0.0073638801    0.00011798585    9.1093825e-31   -1.6021766e-19    -9.156439e-20    2.4106677e-19             1755                1
    -0.0066551049    4.2062438e-05     0.0050295652   -0.00043179243    -0.0013573988     0.0010693743    9.1093825e-31   -1.6021766e-19    -9.156439e-20    2.4106677e-19              573                0
     0.0066317716    5.7026857e-05     -0.011521764   -0.00015698303     0.0011482832    0.00042353838    9.1093825e-31   -1.6021766e-19    -9.156439e-20    2.4106677e-19              274                0
    -0.0056283674    9.7194003e-05     0.0079121748   -0.00081395084   -0.00073242869   -0.00073209358    9.1093825e-31   -1.6021766e-19    -9.156439e-20    2.4106677e-19              878                0
    -0.0052295704    7.3195479e-05      0.013699787    -0.0020101706     -0.006516593     0.0035860026    9.1093825e-31   -1.6021766e-19    -9.156439e-20    2.4106677e-19             1771                1
   -1.6274994e-06    1.4748692e-05     0.0038483646     0.0010055944    -0.0037973879   -0.00086061534    9.1093825e-31   -1.6021766e-19    -9.156439e-20    2.4106677e-19              608                0
      0.004504079    2.5884323e-05    -0.0020041231     0.0021279594     0.0042821728    0.00076792971    9.1093825e-31   -1.6021766e-19    -9.156439e-20    2.4106677e-19             1756                1
    -0.0010096229    5.8381436e-05     0.0060741571   -0.00055393984    -0.0072031538     0.0022695605    9.1093825e-31   -1.6021766e-19    -9.156439e-20    2.4106677e-19             1652                1
      0.005879424    4.8928346e-06    -0.0038734186     0.0032154266    -0.0020947116   -0.00025612055    9.1093825e-31   -1.6021766e-19    -9.156439e-20    2.4106677e-19              807                0
    -0.0062774094    4.1076884e-05     0.0055127735   -0.00081335299    -0.0014017251    -0.0027877437    9.1093825e-31   -1.6021766e-19    -9.156439e-20    2.4106677e-19              985                0
     0.0081403702    9.5664633e-05   -3.5703597e-05   -0.00048888207       0.00286191    0.00050829543    9.1093825e-31   -1.6021766e-19    -9.156439e-20    2.4106677e-19             1487                1
     0.0076638446    7.2366187e-05    0.00062705734   -0.00056869688    -0.0010998743     0.0012069769    9.1093825e-31   -1.6021766e-19    -9.156439e-20    2.4106677e-19              614                0
     0.0027221793    1.2562065e-05    -0.0039565628    -0.0001991841    -0.0069663189     0.0028157455    9.1093825e-31   -1.6021766e-19    -9.156439e-20    2.4106677e-19             1620                1
     0.0019230059    8.2703744e-05       0.01067254     0.0046979953    -0.0042336849     0.0070895595    9.1093825e-31   -1.6021766e-19    -9.156439e-20    2.4106677e-19             1700                1
    9.5816999e-05    4.1795331e-05     -0.013358056   -7.9643731e-05      0.002043949    0.00029296524    9.1093825e-31   -1.6021766e-19    -9.156439e-20    2.4106677e-19               79                0
   -0.00075991481     5.149161e-05    -0.0080691278   -0.00016417218     0.0091409395     0.0095586451    9.1093825e-31   -1.6021766e-19    -9.156439e-20    2.4106677e-19             1732                1
    -0.0060534095    9.2879331e-05     0.0029101768    0.00086319708    -0.0016915373    -0.0011013894    9.1093825e-31   -1.6021766e-19    -9.156439e-20    2.4106677e-19              990                0
    -0.0071656811    1.4517565e-06    -0.0037152327    -0.0005975496    -0.0012007001   -0.00069054792    9.1093825e-31   -1.6021766e-19    -9.156439e-20    2.4106677e-19              717                0
     0.0033131537    9.0991198e-05      0.014380586    9.5523363e-05    -0.0041971761    4.3313885e-05    9.1093825e-31   -1.6021766e-19    -9.156439e-20    2.4106677e-19             1797                1
     0.0031184105    2.0316894e-07    -0.0024480652    -0.0032386095     0.0010429029     0.0041338881    9.1093825e-31   -1.6021766e-19    -9.156439e-20    2.4106677e-19             1810                1
    -0.0014845405    7.2015835e-05     -0.011331345    2.4023791e-05      0.011302494    5.7379919e-05    9.1093825e-31   -1.6021766e-19    -9.156439e-20    2.4106677e-19             1706                1
     0.0076876883    8.1059232e-05     0.0051620989    -0.0010312281   -0.00067430129      0.003026518    9.1093825e-31   -1.6021766e-19    -9.156439e-20    2.4106677e-19              219                0
     0.0016191102    4.5984223e-05     0.0074203797    3.1499676e-05    -0.0073051797     0.0016505235    9.1093825e-31   -1.6021766e-19    -9.156439e-20    2.4106677e-19             1634                1
    -0.0010073931    1.0973336e-05     0.0060257004   -0.00038170992     0.0025601431    0.00090413843    9.1093825e-31   -1.6021766e-19    -9.156439e-20    2.4106677e-19             1789                1
    0.00015665147    1.0070976e-05    -0.0011407966    0.00093956286    -0.0087948488    -0.0049940436    9.1093825e-31   -1.6021766e-19    -9.156439e-20    2.4106677e-19             1612                1
    -0.0027036229    9.2727649e-05     0.0070003644    -0.0018012559     -0.001111115   -0.00051539042    9.1093825e-31   -1.6021766e-19    -9.156439e-20    2.4106677e-19              299                0
     0.0077628726    5.6816498e-06     0.0037223238   -0.00090920727    -0.0017814612    0.00034686743    9.1093825e-31   -1.6021766e-19    -9.156439e-20    2.4106677e-19              731                0
     0.0018351652    6.7628607e-05       0.01203948    -0.0040613068    -0.0056341309     0.0023180861    9.1093825e-31   -1.6021766e-19    -9.156439e-20    2.4106677e-19             1705                1
    -0.0090973303    3.9165334e-05     0.0022685914    -0.0022322196    4.0260475e-05    -0.0018363403    9.1093825e-31   -1.6021766e-19    -9.156439e-20    2.4106677e-19              978                0
    -0.0042926185    7.7889817e-05     -0.012220668     0.0032906879      0.010133936   -0.00086287042    9.1093825e-31   -1.6021766e-19    -9.156439e-20    2.4106677e-19             1672                1
     0.0081123821    3.3304343e-05      0.014896559   -0.00070014852    0.00010902544     0.0010855458    9.1093825e-31   -1.6021766e-19    -9.156439e-20    2.4106677e-19              986                0
    -0.0090409908    6.2430205e-05     0.0023421682   -0.00065624167    -0.0007676094     0.0014008173    9.1093825e-31   -1.6021766e-19    -9.156439e-20    2.4106677e-19              874                0
   -0.00088932377     4.870995e-05    -0.0083767194    -0.0030953872      0.007230531    -0.0012309671    9.1093825e-31   -1.6021766e-19    -9.156439e-20    2.4106677e-19             1679                1
   -0.00087751984    5.7007175e-05    -0.0083486224    -0.0018908002     0.0080657406     0.0016371097    9.1093825e-31   -1.6021766e-19    -9.156439e-20    2.4106677e-19             1680                1
     0.0050190235    3.2966986e-05    0.00018057672     0.0013532304    -0.0085494667    -0.0034036073    9.1093825e-31   -1.6021766e-19    -9.156439e-20    2.4106677e-19             1697                1
     0.0075953035     6.876804e-06    -0.0052089319    0.00018602033    -0.0012987166   -0.00083177641    9.1093825e-31   -1.6021766e-19    -9.156439e-20    2.4106677e-19              374                0
   -0.00066908961    2.0527237e-05    -0.0078036757     0.0011116025     0.0051088086     0.0046822708    9.1093825e-31   -1.6021766e-19    -9.156439e-20    2.4106677e-19             1750                1
    -0.0034456821    4.3046589e-06    -0.0050050202   -0.00014917339    -0.0027795075    2.8629691e-05    9.1093825e-31   -1.6021766e-19    -9.156439e-20    2.4106677e-19              746                0
   -0.00055115204    2.7034937e-05     -0.002544411    0.00012390601     0.0068534976     0.0023140104    9.1093825e-31   -1.6021766e-19    -9.156439e-20    2.4106677e-19             1780                1
   -0.00064332579    8.8347537e-05    -0.0082384115     0.0021534972      0.011318705     0.0012154751    9.1093825e-31   -1.6021766e-19    -9.156439e-20    2.4106677e-19             1685                1
    -0.0024342684    2.6207606e-05    -0.0021665874    -0.0016631297     0.0090886652     0.0018847389    9.1093825e-31   -1.6021766e-19    -9.156439e-20    2.4106677e-19             1791                1
    -0.0015624352    7.2428833e-05      0.010700298    -0.0010125866    -0.0060450505    -0.0041293474    9.1093825e-31   -1.6021766e-19    -9.156439e-20    2.4106677e-19             1740                1
     0.0094722658     1.494001e-05    -0.0010600283    0.00052808592    -0.0013768642     0.0010621893    9.1093825e-31   -1.6021766e-19    -9.156439e-20    2.4106677e-19              328                0
     0.0040769381    2.2755727e-05    -0.0069389492   -0.00016342752     0.0052487501    -0.0022675223    9.1093825e-31   -1.6021766e-19    -9.156439e-20    2.4106677e-19             1758                1
   -0.00016768281    1.2107173e-05     0.0035463434    -0.0022844728     0.0026364329     -0.001877557    9.1093825e-31   -1.6021766e-19    -9.156439e-20    2.4106677e-19             1786                1
     -0.001795551    7.5536271e-05     0.0039669909    -0.0013854791    -0.0027882084     9.406609e-05    9.1093825e-31   -1.6021766e-19    -9.156439e-20    2.4106677e-19              699                0
    -0.0082887346    4.5535024e-05      0.014595892    7.4709926e-05    0.00072791078     0.0012159608    9.1093825e-31   -1.6021766e-19    -9.156439e-20    2.4106677e-19              719                0
     0.0073104287    8.2715393e-05     0.0058780424   -0.00063617236   -0.00087936968     0.0019552978    9.1093825e-31   -1.6021766e-19    -9.156439e-20    2.4106677e-19              828                0
     0.0040237564    1.4889532e-05     0.0028132491   -0.00072642678    -0.0028333366   -0.00081684301    9.1093825e-31   -1.6021766e-19    -9.156439e-20    2.4106677e-19              885                0
   -0.00087742048     3.965629e-05     0.0068699662    0.00018174027    -0.0081922514   -0.00078075822    9.1093825e-31   -1.6021766e-19    -9.156439e-20    2.4106677e-19             1639                1
     0.0022525704     6.799199e-05       0.01335693     0.0033538004    -0.0087617384    -0.0025347259    9.1093825e-31   -1.6021766e-19    -9.156439e-20    2.4106677e-19             1781                1
    -0.0024092405    4.5872606e-05     -0.014848307    -0.0012025911     0.0024465481    0.00063139148    9.1093825e-31   -1.6021766e-19    -9.156439e-20    2.4106677e-19               27                0
    -0.0050396617    7.4833886e-05     -0.014851282   -0.00028864617     0.0022143386    -0.0025978489    9.1093825e-31   -1.6021766e-19    -9.156439e-20    2.4106677e-19              839                0
     0.0018364842    1.3614163e-05    -0.0019430701     0.0011961089     0.0021203374    0.00053905905    9.1093825e-31   -1.6021766e-19    -9.156439e-20    2.4106677e-19             1751                1
     0.0075503164    2.2278467e-05    -0.0099479407     0.0004138441   -0.00040056769   -0.00089854153    9.1093825e-31   -1.6021766e-19    -9.156439e-20    2.4106677e-19              786                0
    -0.0010186532    4.0841445e-05     0.0057957452     0.0032321953    -0.0091604386    -0.0024428295    9.1093825e-31   -1.6021766e-19    -9.156439e-20    2.4106677e-19             1671                1
     0.0068525798    8.6259686e-05     -0.014392138     0.0018000436     0.0022883378     0.0034324212    9.1093825e-31   -1.6021766e-19    -9.156439e-20    2.4106677e-19              918                0
     0.0076932893     5.954707e-05    -0.0079631656   -8.2035767e-06     0.0017372217     -0.002893439    9.1093825e-31   -1.6021766e-19    -9.156439e-20    2.4106677e-19             1401                1
     0.0053804517    1.1868542e-06     -0.011650911    0.00075974438    0.00039553799     0.0026439056    9.1093825e-31   -1.6021766e-19    -9.156439e-20    2.4106677e-19              954                0
   -0.00018765037     6.393263e-06       0.00354167   -0.00099780608     -0.011631011    -0.0042097117    9.1093825e-31   -1.6021766e-19    -9.156439e-20    2.4106677e-19             1653                1
    -0.0033963886    4.9837348e-05    -0.0098995063    6.2716368e-05     0.0086742369    0.00012393115    9.1093825e-31   -1.6021766e-19    -9.156439e-20    2.4106677e-19             1721                1
      0.004908816    8.7975195e-06    0.00026024831   -0.00086271722    -0.0025585804    0.00037823612    9.1093825e-31   -1.6021766e-19    -9.156439e-20    2.4106677e-19               63                0
     0.0024757604    2.1942406e-05    -0.0091421949    0.00073532824     0.0044559203     0.0010665401    9.1093825e-31   -1.6021766e-19    -9.156439e-20    2.4106677e-19             1667                1
    0.00040736329    4.8796282e-05    -0.0087835435    0.00019655013     0.0099597443    0.00011946128    9.1093825e-31   -1.6021766e-19    -9.156439e-20    2.4106677e-19             1753                1
     0.0017929192    4.5803587e-05      0.010643885    0.00012506728    -0.0087164026     0.0065550688    9.1093825e-31   -1.6021766e-19    -9.156439e-20    2.4106677e-19             1708                1
     0.0017495792     5.961092e-05      -0.01441671    -0.0029985318      0.003017663   -0.00041207555    9.1093825e-31   -1.6021766e-19    -9.156439e-20    2.4106677e-19              983                0
     0.0026086185    1.2531531e-05    -0.0077046463    -0.0040716534     0.0039060172    -0.0050155367    9.1093825e-31   -1.6021766e-19    -9.156439e-20    2.4106677e-19             1761                1
     0.0078408876    4.7145768e-05     -0.014144667     0.0012045548    -0.0025064861    0.00011257164    9.1093825e-31   -1.6021766e-19    -9.156439e-20    2.4106677e-19             1627                1
   -0.00054927653    2.5992567e-05     0.0094740428    0.00027539956     -0.011934276    -0.0042696251    9.1093825e-31   -1.6021766e-19    -9.156439e-20    2.4106677e-19             1717                1
   -0.00080482237    1.0832818e-05    -0.0027085589    -0.0041355179     0.0044132788    -0.0048045791    9.1093825e-31   -1.6021766e-19    -9.156439e-20    2.4106677e-19             1795                1
    -0.0075312909    4.6573088e-05     -0.004884779    -0.0028485265    -0.0011863867    0.00034584093    9.1093825e-31   -1.6021766e-19    -9.156439e-20    2.4106677e-19              243                0
   -7.1501418e-05    5.5818025e-05        0.0138358     0.0037708685     -0.010439569   -0.00063891656    9.1093825e-31   -1.6021766e-19    -9.156439e-20    2.4106677e-19             1769                1
    -0.0031054616    1.9692585e-05     0.0023078651    -0.0010478337     -0.003000411     0.0022472928    9.1093825e-31   -1.6021766e-19    -9.156439e-20    2.4106677e-19              512                0
    -0.0028777327    2.1009195e-05    0.00023188604    -0.0029358072    -0.0031902532     -0.002950659    9.1093825e-31   -1.6021766e-19    -9.156439e-20    2.4106677e-19              303                0
   -0.00079753331    7.5366072e-05    5.1202052e-05   -3.0777581e-05    -0.0055196555   -0.00090944988    9.1093825e-31   -1.6021766e-19    -9.156439e-20    2.4106677e-19             1766                1
     -0.001540873    4.6570323e-05    -0.0087022148     -0.003758603     0.0082317218     0.0027257618    9.1093825e-31   -1.6021766e-19    -9.156439e-20    2.4106677e-19             1720                1
    -0.0012534593    9.8351047e-05     -0.014210026   -6.3400235e-05      0.011480302   -0.00063017348    9.1093825e-31   -1.6021766e-19    -9.156439e-20    2.4106677e-19             1642                1
    -0.0026580354     2.159034e-05    -0.0081062699    0.00016218076   -0.00079004129     0.0008691735    9.1093825e-31   -1.6021766e-19    -9.156439e-20    2.4106677e-19              217                0
    0.00040267402    6.3796368e-05    -0.0087841749   -0.00056758366      0.012404145     1.996247e-05    9.1093825e-31   -1.6021766e-19    -9.156439e-20    2.4106677e-19             1754                1
     0.0022164541    6.4391985e-05      0.013322635     0.0015986543     -0.010025504     0.0014739915    9.1093825e-31   -1.6021766e-19    -9.156439e-20    2.4106677e-19             1783                1
    -0.0082050692     9.566448e-05     -0.008407468     9.367428e-05     0.0012527811     0.0020293705    9.1093825e-31   -1.6021766e-19    -9.156439e-20    2.4106677e-19              443                0
     0.0019614822    7.9496051e-05     -0.012604544    0.00050718349      0.012836728    9.0179979e-05    9.1093825e-31   -1.6021766e-19    -9.156439e-20    2.4106677e-19             1718                1
    8.0956015e-05    4.7031463e-05     -0.012017932    0.00032211086     0.0021642083     0.0031147609    9.1093825e-31   -1.6021766e-19    -9.156439e-20    2.4106677e-19              483                0
    -0.0089840507    1.2821988e-05      0.013774915     0.0013417413    3.9739261e-06   -0.00050244608    9.1093825e-31   -1.6021766e-19    -9.156439e-20    2.4106677e-19              503                0
