%  ASCII export : 
%
%  Momentum is normalized to the product of particle's mass and speed of light.
%  All other quantities are in SI units.
%
%            posX             posY             posZ             momX             momY             momZ             mass           charge     macro-charge             time       particleID         sourceID

   -0.00014506221     4.605703e-05     0.0033068615    -0.0024176978     0.0068202959    -0.0085569024    9.1093825e-31   -1.6021766e-19    -9.156439e-20    6.3205724e-19             3721                1
    -0.0005119284    9.0975554e-05    -0.0082888138     0.0012429951       0.00906472   -0.00066460582    9.1093825e-31   -1.6021766e-19    -9.156439e-20    6.3205724e-19             3566                1
     0.0020219018    6.7289031e-05     -0.012337001     0.0012813223    -0.0070812101     0.0020701999    9.1093825e-31   -1.6021766e-19    -9.156439e-20    6.3205724e-19             3813                1
     0.0024035382    7.8607569e-05    -0.0092566358     0.0020482086     0.0080113532    0.00080236257    9.1093825e-31   -1.6021766e-19    -9.156439e-20    6.3205724e-19             3655                1
    -0.0025060482     1.516506e-05     -0.001980508    -0.0011120118   -0.00064529921     0.0017969966    9.1093825e-31   -1.6021766e-19    -9.156439e-20    6.3205724e-19             3253                1
    0.00076486444    6.1448642e-05     0.0010842277    2.8445866e-05     0.0081886407     0.0030278228    9.1093825e-31   -1.6021766e-19    -9.156439e-20    6.3205724e-19             3690                1
     0.0014767558    7.3703908e-05    -0.0088887904     0.0012742723    -0.0070282165     0.0023311505    9.1093825e-31   -1.6021766e-19    -9.156439e-20    6.3205724e-19             3848                1
   -0.00062521105     4.457921e-05     -0.012267363    0.00042045958     0.0020496598    -0.0011837403    9.1093825e-31   -1.6021766e-19    -9.156439e-20    6.3205724e-19               55                0
    -0.0011970217    9.0135482e-06    -0.0085311551     0.0013350321   -0.00018089483    -0.0010866671    9.1093825e-31   -1.6021766e-19    -9.156439e-20    6.3205724e-19             3421                1
    -0.0018584386    3.6726527e-05     0.0018799064     0.0031191383     0.0071283136   -0.00053692132    9.1093825e-31   -1.6021766e-19    -9.156439e-20    6.3205724e-19             3759                1
     0.0043878774    1.3997548e-05     0.0052366215   -0.00052471529    -0.0011277352   -0.00038466239    9.1093825e-31   -1.6021766e-19    -9.156439e-20    6.3205724e-19              154                0
     0.0066807386    8.3927029e-05     -0.013242249     0.0014571649    0.00092350791     0.0013948486    9.1093825e-31   -1.6021766e-19    -9.156439e-20    6.3205724e-19              488                0
    -0.0025527547    4.7694215e-05     -0.014773882    -0.0012460506     0.0008077047    0.00063685892    9.1093825e-31   -1.6021766e-19    -9.156439e-20    6.3205724e-19               27                0
     0.0026570044    2.7269394e-05      0.012271655    0.00075500022     0.0036903424    -0.0012429559    9.1093825e-31   -1.6021766e-19    -9.156439e-20    6.3205724e-19             3795                1
     0.0011589582    2.4174326e-06       0.01131434    -0.0044693178    -0.0089649064   -0.00043345083    9.1093825e-31   -1.6021766e-19    -9.156439e-20    6.3205724e-19             3499                1
     0.0014154338    8.3696432e-06      0.011386857     -0.006137358     0.0044804644    0.00013919553    9.1093825e-31   -1.6021766e-19    -9.156439e-20    6.3205724e-19             3911                1
    -0.0022369171    1.6508811e-05     0.0029471104     0.0019389748    -0.0031459786     0.0014687165    9.1093825e-31   -1.6021766e-19    -9.156439e-20    6.3205724e-19             3354                1
     0.0015199517    1.5113647e-05      0.011428722     0.0064838594     0.0039950777    -0.0017180878    9.1093825e-31   -1.6021766e-19    -9.156439e-20    6.3205724e-19             3852                1
     0.0015030417    2.4211578e-05      0.011397398   -0.00017001211     0.0054742675     0.0048598978    9.1093825e-31   -1.6021766e-19    -9.156439e-20    6.3205724e-19             3834                1
    -0.0019355296     2.790148e-05     0.0064503397      0.001737138     0.0086684637     0.0027505043    9.1093825e-31   -1.6021766e-19    -9.156439e-20    6.3205724e-19             3856                1
    -0.0024696682    6.8665489e-05    -0.0020283614   -0.00057069561       0.01014611     0.0042270818    9.1093825e-31   -1.6021766e-19    -9.156439e-20    6.3205724e-19             3729                1
   -1.6953836e-05    7.2610848e-05     0.0039075073   -0.00095120474     0.0092346314   -0.00085849687    9.1093825e-31   -1.6021766e-19    -9.156439e-20    6.3205724e-19             3725                1
    -0.0051026689    4.0154657e-05     0.0089129228     0.0014337648    -0.0021471917    -0.0004378024    9.1093825e-31   -1.6021766e-19    -9.156439e-20    6.3205724e-19              355                0
     0.0075985594    1.4627395e-05     -0.011832016   -0.00080299465    0.00047266626    0.00070913183    9.1093825e-31   -1.6021766e-19    -9.156439e-20    6.3205724e-19              451                0
   -0.00020473241    3.3194487e-05     -0.002845203     0.0038520123     0.0063861785    -0.0030241101    9.1093825e-31   -1.6021766e-19    -9.156439e-20    6.3205724e-19             3616                1
    -0.0064326786    2.2048114e-05     -0.001946275   -0.00015671016     0.0010845925    0.00093350216    9.1093825e-31   -1.6021766e-19    -9.156439e-20    6.3205724e-19               32                0
      0.003579614    2.3456327e-05      0.012693347     0.0025877699     0.0079529844    -0.0066095758    9.1093825e-31   -1.6021766e-19    -9.156439e-20    6.3205724e-19             3880                1
     0.0081161261    1.6852578e-05    0.00058262341    -0.0016404362    0.00015734334   -0.00062187522    9.1093825e-31   -1.6021766e-19    -9.156439e-20    6.3205724e-19              455                0
    -0.0013921328    1.4945974e-05      0.011149811    0.00072786602      0.008941818    0.00091187365    9.1093825e-31   -1.6021766e-19    -9.156439e-20    6.3205724e-19             3918                1
    0.00043999596    9.2498653e-05    -0.0086834794     0.0012628119    -0.0059146723     0.0076943818    9.1093825e-31   -1.6021766e-19    -9.156439e-20    6.3205724e-19             3925                1
     -0.002886689     6.351708e-05     -0.010208201    -0.0027434649     0.0074727689     0.0031256971    9.1093825e-31   -1.6021766e-19    -9.156439e-20    6.3205724e-19             3742                1
      0.001135871      4.51983e-05      0.007707654    0.00027501569     0.0079352204   -0.00025430089    9.1093825e-31   -1.6021766e-19    -9.156439e-20    6.3205724e-19             3791                1
     0.0004142384    8.9322457e-05    0.00034358853    -0.0030726213      0.010994392     0.0035917368    9.1093825e-31   -1.6021766e-19    -9.156439e-20    6.3205724e-19             3700                1
    0.00040593575    9.5269163e-05    -0.0038071056    1.6220707e-05    -0.0041262549    5.0998838e-06    9.1093825e-31   -1.6021766e-19    -9.156439e-20    6.3205724e-19             3929                1
      0.001404818    3.3079436e-05     -0.013015606    0.00095306791     -0.000629252    -0.0022183354    9.1093825e-31   -1.6021766e-19    -9.156439e-20    6.3205724e-19             3385                1
     0.0013659067    9.7892735e-05    -0.0088616293     2.461345e-05    -0.0017346817   -0.00035874033    9.1093825e-31   -1.6021766e-19    -9.156439e-20    6.3205724e-19             3926                1
       0.00143694    9.2553084e-05    -0.0088711986    -0.0023677656    -0.0020764628     0.0051189931    9.1093825e-31   -1.6021766e-19    -9.156439e-20    6.3205724e-19             3853                1
    -0.0033340431    8.7118853e-05    -0.0099048121    0.00012184923    -0.0070465086    0.00011861914    9.1093825e-31   -1.6021766e-19    -9.156439e-20    6.3205724e-19             3912                1
     0.0011109889    8.7319313e-05    -0.0064976485    -0.0092257243   -0.00030572483    0.00085119618    9.1093825e-31   -1.6021766e-19    -9.156439e-20    6.3205724e-19             3776                1
    -0.0063671255    8.4479771e-06     0.0037864593     0.0030494379   -0.00039676373    -0.0015924108    9.1093825e-31   -1.6021766e-19    -9.156439e-20    6.3205724e-19              695                0
     0.0018035391    4.2601121e-05      0.007279559    0.00096483267     0.0073222225     0.0016496518    9.1093825e-31   -1.6021766e-19    -9.156439e-20    6.3205724e-19             3786                1
     0.0048179566    3.7677833e-05    -0.0035237547     0.0017285011     0.0061603826    4.4876742e-05    9.1093825e-31   -1.6021766e-19    -9.156439e-20    6.3205724e-19             3732                1
     0.0067716958    9.2675502e-05    -0.0074602114     0.0022791279     0.0019630003     0.0016496747    9.1093825e-31   -1.6021766e-19    -9.156439e-20    6.3205724e-19                4                0
    -0.0014226955    9.4778043e-05    -0.0080308551    -0.0035624078    -0.0025253051    -0.0030263141    9.1093825e-31   -1.6021766e-19    -9.156439e-20    6.3205724e-19             3902                1
   -0.00025575582    9.3397401e-05    -0.0027715312    0.00025127735    -0.0015653296    -0.0014842488    9.1093825e-31   -1.6021766e-19    -9.156439e-20    6.3205724e-19             3882                1
   -0.00096765091    2.1101572e-05      0.005962248    0.00011144528     0.0043758769     0.0081562093    9.1093825e-31   -1.6021766e-19    -9.156439e-20    6.3205724e-19             3783                1
     0.0019223421    1.1904702e-05      0.012203151      0.001423856      0.010923051     0.0012506777    9.1093825e-31   -1.6021766e-19    -9.156439e-20    6.3205724e-19             3930                1
     0.0016546617    3.1983269e-05      0.010366342   -0.00019314467     0.0060075861     0.0014047176    9.1093825e-31   -1.6021766e-19    -9.156439e-20    6.3205724e-19             3815                1
     0.0012502196    2.9084973e-05      0.011450378    3.4217956e-05     0.0052455314    -6.268276e-05    9.1093825e-31   -1.6021766e-19    -9.156439e-20    6.3205724e-19             3816                1
     0.0015842475    4.4923003e-05     0.0025249927   -0.00078572618     0.0082479622     0.0043893741    9.1093825e-31   -1.6021766e-19    -9.156439e-20    6.3205724e-19             3768                1
    -0.0016659189    4.3776645e-06      0.010491712    -0.0011387334     0.0063802991    0.00095202605    9.1093825e-31   -1.6021766e-19    -9.156439e-20    6.3205724e-19             3943                1
     0.0060265153    2.2727514e-05     0.0048895571    -0.0010671632   -0.00059245486    0.00066341821    9.1093825e-31   -1.6021766e-19    -9.156439e-20    6.3205724e-19              751                0
   -5.5864602e-05    6.9919202e-05     0.0038981494    -0.0048046215     0.0089707403    -0.0017856349    9.1093825e-31   -1.6021766e-19    -9.156439e-20    6.3205724e-19             3726                1
     0.0035823602    2.0692898e-05     0.0092374031     0.0058555468    -0.0066525834     0.0052115936    9.1093825e-31   -1.6021766e-19    -9.156439e-20    6.3205724e-19             3482                1
     0.0011592942     7.472276e-05    -0.0065065366    -0.0024490145    -0.0020764205   -0.00039754601    9.1093825e-31   -1.6021766e-19    -9.156439e-20    6.3205724e-19             3775                1
    -0.0074834172    5.8030582e-05    -0.0072990968    -0.0011915996      0.001018765    -0.0026719244    9.1093825e-31   -1.6021766e-19    -9.156439e-20    6.3205724e-19              532                0
   -0.00096130028    1.9444213e-05     0.0059886677   -0.00060382043     0.0052315849     0.0056173122    9.1093825e-31   -1.6021766e-19    -9.156439e-20    6.3205724e-19             3822                1
      0.001310993    6.6682085e-05     0.0025673797    -0.0004956515     0.0095257238     0.0024867025    9.1093825e-31   -1.6021766e-19    -9.156439e-20    6.3205724e-19             3733                1
    -0.0015871814    6.6298569e-05     -0.012443956     0.0026121978    -0.0034980378   -0.00089647557    9.1093825e-31   -1.6021766e-19    -9.156439e-20    6.3205724e-19             3716                1
   -0.00095221645    9.6615804e-05    -0.0058375653    0.00086434599    -0.0048299911     0.0014841403    9.1093825e-31   -1.6021766e-19    -9.156439e-20    6.3205724e-19             3944                1
    0.00034151471    6.2642714e-05    0.00022559319    -0.0074702441      0.009571353     0.0016852259    9.1093825e-31   -1.6021766e-19    -9.156439e-20    6.3205724e-19             3728                1
      0.002240299    7.8395533e-05    -0.0091354847    -0.0014938512     -0.008536079     0.0006372559    9.1093825e-31   -1.6021766e-19    -9.156439e-20    6.3205724e-19             3886                1
     0.0013538789    6.7898327e-06      0.011282787     0.0056356434     -0.009073101   -0.00071000587    9.1093825e-31   -1.6021766e-19    -9.156439e-20    6.3205724e-19             3549                1
     0.0013969491    4.0353545e-05      0.011491361    0.00024694105     0.0081599308    0.00012983591    9.1093825e-31   -1.6021766e-19    -9.156439e-20    6.3205724e-19             3821                1
     0.0047120657    6.5876986e-05     -0.003217258    -0.0015377605     0.0038408893     0.0034817148    9.1093825e-31   -1.6021766e-19    -9.156439e-20    6.3205724e-19             2961                1
    -0.0012064768    6.2880528e-05     0.0061274352      0.003461018     0.0091251591     0.0055735777    9.1093825e-31   -1.6021766e-19    -9.156439e-20    6.3205724e-19             3754                1
     0.0016734477    1.2190232e-05      0.010348577     0.0033886188     0.0022399777    -0.0019806637    9.1093825e-31   -1.6021766e-19    -9.156439e-20    6.3205724e-19             3814                1
     -0.001257417    8.5576168e-05     -0.012497986    -0.0052505871    -0.0042490228     0.0020744056    9.1093825e-31   -1.6021766e-19    -9.156439e-20    6.3205724e-19             3833                1
    -0.0040325187    9.8647164e-05    -0.0096859904     0.0024817921     0.0083846739    0.00035266863    9.1093825e-31   -1.6021766e-19    -9.156439e-20    6.3205724e-19             3588                1
    -0.0082811648    7.9425467e-05      0.014738401    5.4320415e-05   -0.00036408418     0.0012155847    9.1093825e-31   -1.6021766e-19    -9.156439e-20    6.3205724e-19              719                0
    -0.0091187004    1.3334241e-05     0.0025063527   -0.00067019084   -0.00038268315      0.001400669    9.1093825e-31   -1.6021766e-19    -9.156439e-20    6.3205724e-19              874                0
    -0.0014737325    7.0675531e-05     -0.008480194      -0.00276072    -0.0041959481     0.0010375789    9.1093825e-31   -1.6021766e-19    -9.156439e-20    6.3205724e-19             3790                1
    -0.0016146621    7.3382871e-05     -0.012427101    1.7502343e-05    -0.0028235004      0.000694533    9.1093825e-31   -1.6021766e-19    -9.156439e-20    6.3205724e-19             3717                1
    -0.0041266838    5.3030097e-05     0.0059613059     0.0015449316    -0.0013321278   -0.00078383676    9.1093825e-31   -1.6021766e-19    -9.156439e-20    6.3205724e-19              628                0
     0.0012507979    4.3626293e-05      0.011454772    0.00014573733     0.0080697862    0.00079016143    9.1093825e-31   -1.6021766e-19    -9.156439e-20    6.3205724e-19             3817                1
     0.0033672433    2.9050934e-05      0.012678183   -0.00022819065    -0.0078719417    2.7023714e-05    9.1093825e-31   -1.6021766e-19    -9.156439e-20    6.3205724e-19             3597                1
     0.0048858044    9.9672368e-05    -0.0032521128     0.0045538852   -0.00029755619     0.0027449303    9.1093825e-31   -1.6021766e-19    -9.156439e-20    6.3205724e-19             3939                1
    -0.0025749591    7.5743847e-05    -0.0020772333    -0.0031636634     0.0087050674    0.00060663529    9.1093825e-31   -1.6021766e-19    -9.156439e-20    6.3205724e-19             3608                1
     0.0072382642    7.0723829e-05     0.0061072353   -0.00059511914     -0.000678632     0.0019551737    9.1093825e-31   -1.6021766e-19    -9.156439e-20    6.3205724e-19              828                0
    0.00079647172    6.4450578e-05     0.0010290744     0.0026453752     0.0084562777    -0.0015381011    9.1093825e-31   -1.6021766e-19    -9.156439e-20    6.3205724e-19             3691                1
   -0.00073605101     8.891074e-05    -0.0084188944   -0.00039896119    -0.0059623006     -0.005178628    9.1093825e-31   -1.6021766e-19    -9.156439e-20    6.3205724e-19             3910                1
     0.0019270346    3.8005277e-07      0.010530476    0.00042043591    -0.0094738854    0.00042843205    9.1093825e-31   -1.6021766e-19    -9.156439e-20    6.3205724e-19             3623                1
     0.0053899102    6.2258323e-07     0.0063984427     0.0011438415    -0.0015419236   -0.00040154587    9.1093825e-31   -1.6021766e-19    -9.156439e-20    6.3205724e-19              580                0
     0.0015124104    5.6814199e-05    -0.0089049581     0.0021134482     0.0066414024    -0.0015082689    9.1093825e-31   -1.6021766e-19    -9.156439e-20    6.3205724e-19             3551                1
      0.008197424    8.4435131e-05     -0.012496245    -0.0022121014    0.00087548012     0.0022224726    9.1093825e-31   -1.6021766e-19    -9.156439e-20    6.3205724e-19              586                0
   -0.00054244447    1.1131756e-05     0.0094912592    -0.0042306036    -0.0083906185   -0.00083314028    9.1093825e-31   -1.6021766e-19    -9.156439e-20    6.3205724e-19             3632                1
    -0.0049681608    6.6685054e-05    -0.0052730492    0.00099932798     0.0024370484   -0.00094514625    9.1093825e-31   -1.6021766e-19    -9.156439e-20    6.3205724e-19              660                0
    -0.0021287662    4.2968906e-05     0.0063618999     0.0009528331    -0.0040972126   -0.00029455227    9.1093825e-31   -1.6021766e-19    -9.156439e-20    6.3205724e-19             3394                1
    -0.0077200844    2.3771174e-05      0.011114535    0.00059766672    -0.0011125614     0.0015235494    9.1093825e-31   -1.6021766e-19    -9.156439e-20    6.3205724e-19              652                0
    -0.0014213473    7.4925047e-05    -0.0084216148    -0.0037758288    -0.0036692168    -0.0017875454    9.1093825e-31   -1.6021766e-19    -9.156439e-20    6.3205724e-19             3793                1
     0.0015953522    8.5198219e-05    -0.0051488942    0.00018411734      0.010432431    2.4763258e-05    9.1093825e-31   -1.6021766e-19    -9.156439e-20    6.3205724e-19             3688                1
     0.0018708297    2.0731972e-05      0.012234583     0.0010185802    -0.0079068942     0.0011830154    9.1093825e-31   -1.6021766e-19    -9.156439e-20    6.3205724e-19             3472                1
     0.0013015547    6.5811982e-05     0.0023558873    -0.0075307447      0.011002681    -0.0030018524    9.1093825e-31   -1.6021766e-19    -9.156439e-20    6.3205724e-19             3762                1
   -0.00013449158    7.6673263e-05     0.0034206086    -0.0013808679     0.0097750053     0.0026031581    9.1093825e-31   -1.6021766e-19    -9.156439e-20    6.3205724e-19             3722                1
   -0.00087890768    2.3158098e-05    -0.0084995609    -0.0033854207    -0.0055362303   -0.00049380626    9.1093825e-31   -1.6021766e-19    -9.156439e-20    6.3205724e-19             3719                1
   -0.00028781852    8.1832826e-05    -0.0028610954    -0.0034065556      0.010623272    -0.0018552976    9.1093825e-31   -1.6021766e-19    -9.156439e-20    6.3205724e-19             3694                1
      0.002825903    1.4149439e-05    -0.0056387396    -0.0016896219     0.0027566443    1.4083442e-05    9.1093825e-31   -1.6021766e-19    -9.156439e-20    6.3205724e-19              860                0
   -0.00093690481    6.5158973e-05      0.005629567    -0.0031137243       0.01067147     0.0036525128    9.1093825e-31   -1.6021766e-19    -9.156439e-20    6.3205724e-19             3778                1
    -0.0033295059    3.2576307e-05     -0.012641979    -0.0009010777     0.0016382931    -0.0015409605    9.1093825e-31   -1.6021766e-19    -9.156439e-20    6.3205724e-19              900                0
    -0.0064409394    3.1001946e-05     -0.008895861    0.00088533404     0.0016425239    -0.0013273873    9.1093825e-31   -1.6021766e-19    -9.156439e-20    6.3205724e-19              132                0
     0.0011363131    5.6410885e-05    -0.0096214255     0.0022882358    -0.0053298934     0.0046155048    9.1093825e-31   -1.6021766e-19    -9.156439e-20    6.3205724e-19             3763                1
    -0.0018409437     8.825944e-05      0.001841737     0.0026597814      0.011362294   -0.00027453245    9.1093825e-31   -1.6021766e-19    -9.156439e-20    6.3205724e-19             3723                1
    -0.0025091788    9.2748152e-05    0.00078137196     0.0010229193   -0.00098265766     0.0076480936    9.1093825e-31   -1.6021766e-19    -9.156439e-20    6.3205724e-19             3863                1
     0.0078114797    5.5308712e-05     -0.013147494     0.0024004141    0.00062740291    -0.0017002103    9.1093825e-31   -1.6021766e-19    -9.156439e-20    6.3205724e-19              311                0
     0.0024893768    8.2183411e-05   -6.6811417e-06    0.00096517248     0.0011079152    0.00075675407    9.1093825e-31   -1.6021766e-19    -9.156439e-20    6.3205724e-19             3730                1
     0.0012168295    1.3280436e-05       0.01355671     0.0059652994     -0.010196396     0.0019567953    9.1093825e-31   -1.6021766e-19    -9.156439e-20    6.3205724e-19             3666                1
     0.0017554866    1.0202606e-05      0.010453776     -0.004484606     0.0019904291   -0.00085661991    9.1093825e-31   -1.6021766e-19    -9.156439e-20    6.3205724e-19             3819                1
     0.0010831931    9.0585272e-05    -0.0068637519     -0.001420488     0.0094108814     0.0025735619    9.1093825e-31   -1.6021766e-19    -9.156439e-20    6.3205724e-19             3560                1
    -0.0072117457    2.3390416e-05    -0.0014441496     0.0023315924   -0.00065036555   -0.00055483013    9.1093825e-31   -1.6021766e-19    -9.156439e-20    6.3205724e-19             2944                1
     0.0014380557    8.1992061e-05    -0.0088981697    -0.0020638697    -0.0049638562    -0.0022441826    9.1093825e-31   -1.6021766e-19    -9.156439e-20    6.3205724e-19             3854                1
    -0.0018820579    5.2671028e-05     0.0018489631     9.963003e-05     0.0091741337    -0.0044900421    9.1093825e-31   -1.6021766e-19    -9.156439e-20    6.3205724e-19             3760                1
     0.0018043969    7.3174233e-05      0.012309038    -0.0020627314   -0.00062526722     0.0015994388    9.1093825e-31   -1.6021766e-19    -9.156439e-20    6.3205724e-19             3432                1
     0.0014516085    6.8868401e-05     -0.013025053      0.000449618    -0.0087801628     0.0044208122    9.1093825e-31   -1.6021766e-19    -9.156439e-20    6.3205724e-19             3840                1
     0.0078866929    5.3122527e-05     0.0085571585   -0.00029240566   -0.00074347487     0.0012622549    9.1093825e-31   -1.6021766e-19    -9.156439e-20    6.3205724e-19              254                0
     0.0058321105    4.1277028e-05     0.0043752817   -0.00058902946   -0.00065145933   -0.00088136445    9.1093825e-31   -1.6021766e-19    -9.156439e-20    6.3205724e-19              270                0
    1.5955402e-05    4.6174799e-05    -0.0013777439   -0.00024453574      0.007687496    0.00014028297    9.1093825e-31   -1.6021766e-19    -9.156439e-20    6.3205724e-19             3702                1
     0.0020787502    2.6690619e-05      0.014666845    0.00011727686     -0.010504934    -0.0001113328    9.1093825e-31   -1.6021766e-19    -9.156439e-20    6.3205724e-19             3737                1
    -0.0015003098    9.5026859e-05    -0.0066253142     0.0012685255    -0.0028456957    -0.0028489958    9.1093825e-31   -1.6021766e-19    -9.156439e-20    6.3205724e-19             3919                1
    -0.0011534928    8.4439547e-05    -0.0086492812      0.010350792     0.0080580264    -0.0042136251    9.1093825e-31   -1.6021766e-19    -9.156439e-20    6.3205724e-19             3485                1
      -0.00057121    3.3615732e-05     0.0067986473     0.0058001266     0.0026452888    -0.0044994224    9.1093825e-31   -1.6021766e-19    -9.156439e-20    6.3205724e-19             3683                1
    0.00038541923    9.4110459e-05    -0.0037039141    -0.0036463873   -0.00076676457   -0.00068207481    9.1093825e-31   -1.6021766e-19    -9.156439e-20    6.3205724e-19             3858                1
    -0.0016830019    9.1153568e-05     -0.012490585     0.0053455071    -0.0059815496     0.0053210682    9.1093825e-31   -1.6021766e-19    -9.156439e-20    6.3205724e-19             3922                1
   -5.5344528e-05    4.2855227e-05     0.0039073802     0.0016562929     0.0082081212    -0.0035568979    9.1093825e-31   -1.6021766e-19    -9.156439e-20    6.3205724e-19             3782                1
    -0.0010622763    1.2154498e-05     0.0059446334    -0.0029160478    -0.0054721525     0.0013967215    9.1093825e-31   -1.6021766e-19    -9.156439e-20    6.3205724e-19             3422                1
    -0.0015913133    8.3199964e-05     -0.012442705    0.00079473516    -0.0065076365     0.0022806476    9.1093825e-31   -1.6021766e-19    -9.156439e-20    6.3205724e-19             3878                1
    -0.0012741074    8.0605372e-05    -0.0085456232   -2.7619159e-05    -0.0048329327   -3.7069203e-05    9.1093825e-31   -1.6021766e-19    -9.156439e-20    6.3205724e-19             3841                1
   -8.9568421e-05    2.8847149e-05     0.0034803529    -0.0003926366     0.0061326311   -0.00051522284    9.1093825e-31   -1.6021766e-19    -9.156439e-20    6.3205724e-19             3773                1
    -0.0093894042    9.6443269e-05    -0.0066131088    0.00039014465    0.00041340332    0.00041482033    9.1093825e-31   -1.6021766e-19    -9.156439e-20    6.3205724e-19              192                0
    -0.0031532513    8.4024628e-05    -0.0017589438   -0.00012387798     0.0047237305    0.00031226594    9.1093825e-31   -1.6021766e-19    -9.156439e-20    6.3205724e-19             3282                1
    -0.0031836999    5.5917069e-05     -0.010279066    0.00092361623    -0.0062809354     0.0007399125    9.1093825e-31   -1.6021766e-19    -9.156439e-20    6.3205724e-19             3780                1
     0.0014596242    7.5180003e-05     -0.013164751     0.0052525261    -0.0064756405   -0.00080370472    9.1093825e-31   -1.6021766e-19    -9.156439e-20    6.3205724e-19             3824                1
     0.0036059334    3.1961026e-06     0.0035278986     0.0012188239   -0.00051969587     0.0021964805    9.1093825e-31   -1.6021766e-19    -9.156439e-20    6.3205724e-19              991                0
     0.0018476255     9.119977e-05      -0.00201784     0.0054118708      0.011506572   -0.00028530823    9.1093825e-31   -1.6021766e-19    -9.156439e-20    6.3205724e-19             3704                1
    -0.0090859802    1.2020117e-05    -0.0020005533     0.0011688025    0.00013002419   -0.00095280859    9.1093825e-31   -1.6021766e-19    -9.156439e-20    6.3205724e-19              212                0
     0.0084538488    1.7670191e-06     0.0015028355    0.00023814361   -3.9474835e-05    -0.0008300973    9.1093825e-31   -1.6021766e-19    -9.156439e-20    6.3205724e-19              525                0
      0.009342676    8.6976306e-06    -0.0092946347      0.001146846     0.0003144842    -0.0014043773    9.1093825e-31   -1.6021766e-19    -9.156439e-20    6.3205724e-19              690                0
   -0.00092508731    9.7592601e-05    -0.0027151585    0.00085280673    -0.0028554429   -0.00043456591    9.1093825e-31   -1.6021766e-19    -9.156439e-20    6.3205724e-19             3940                1
      -0.00335184    9.8026969e-05    -0.0098640844     0.0046373475     0.0084546972    3.5951884e-06    9.1093825e-31   -1.6021766e-19    -9.156439e-20    6.3205724e-19             3593                1
    -0.0086423447    2.6676396e-05    -0.0011338367     0.0008997242   -3.9768274e-05    0.00099257275    9.1093825e-31   -1.6021766e-19    -9.156439e-20    6.3205724e-19              750                0
     0.0019212466    4.6947275e-06      0.012202075    0.00041844248     0.0043016365    0.00026184734    9.1093825e-31   -1.6021766e-19    -9.156439e-20    6.3205724e-19             3931                1
     0.0022256565    8.7737899e-05    -0.0091522122    -0.0071818833    -0.0049074506    -0.0058619059    9.1093825e-31   -1.6021766e-19    -9.156439e-20    6.3205724e-19             3887                1
   -0.00044366994    3.7404709e-05    0.00024341128    -0.0025450254     0.0064450717    -0.0028134354    9.1093825e-31   -1.6021766e-19    -9.156439e-20    6.3205724e-19             3687                1
     0.0014681224    7.1311792e-05     -0.013042654    4.1191441e-07    -0.0083385687    -0.0003538708    9.1093825e-31   -1.6021766e-19    -9.156439e-20    6.3205724e-19             3843                1
    -0.0057527171    4.4756416e-05     0.0059178849    -0.0011547005   -0.00087256316     0.0010284041    9.1093825e-31   -1.6021766e-19    -9.156439e-20    6.3205724e-19              220                0
    0.00019034623    7.0321847e-05    -0.0010408654    0.00056588429     0.0089069298    0.00017890644    9.1093825e-31   -1.6021766e-19    -9.156439e-20    6.3205724e-19             3651                1
     0.0061406014     5.488273e-05    -0.0085356692    -0.0026994916     0.0019641335   -0.00053855526    9.1093825e-31   -1.6021766e-19    -9.156439e-20    6.3205724e-19              931                0
     -0.003098879      7.14895e-05    -0.0019122731   -0.00064994808     0.0089068478     -0.001400104    9.1093825e-31   -1.6021766e-19    -9.156439e-20    6.3205724e-19             3667                1
    -0.0026418359    8.4822641e-05     0.0069151046   -0.00046106495      0.011646081   -0.00039669467    9.1093825e-31   -1.6021766e-19    -9.156439e-20    6.3205724e-19             3758                1
     0.0014083118    3.2814325e-05    -0.0033519792    -0.0003755425      0.006439344       0.00105522    9.1093825e-31   -1.6021766e-19    -9.156439e-20    6.3205724e-19             3678                1
     0.0035832678    1.8734941e-05      0.012707175     0.0038610899     0.0063082124    -0.0017926963    9.1093825e-31   -1.6021766e-19    -9.156439e-20    6.3205724e-19             3879                1
     0.0028212594    9.8962686e-05    -0.0072248662    -0.0011908686    -0.0052401493   -0.00068148138    9.1093825e-31   -1.6021766e-19    -9.156439e-20    6.3205724e-19             3957                1
     0.0058363564    1.8345587e-05    -0.0031661016    -0.0010801398     0.0017065274    -0.0022765934    9.1093825e-31   -1.6021766e-19    -9.156439e-20    6.3205724e-19              256                0
   -0.00019274658    1.5142297e-05      0.013773956      0.001525825      0.007392589   -0.00075368915    9.1093825e-31   -1.6021766e-19    -9.156439e-20    6.3205724e-19             3906                1
    0.00031917068    2.0375213e-05      0.012324557     0.0030632236     -0.008697046     0.0028236536    9.1093825e-31   -1.6021766e-19    -9.156439e-20    6.3205724e-19             3553                1
     0.0014484167    9.4943796e-05    -0.0033821345      0.001257139    -0.0026069446    -0.0011540371    9.1093825e-31   -1.6021766e-19    -9.156439e-20    6.3205724e-19             3917                1
    -0.0008631394    9.7214142e-05    -0.0083713476    -0.0013236369    -0.0070587639    -0.0019032166    9.1093825e-31   -1.6021766e-19    -9.156439e-20    6.3205724e-19             3951                1
    -0.0093597062    8.5067913e-05     0.0020533542    -0.0022437186    0.00045887532    -0.0018362491    9.1093825e-31   -1.6021766e-19    -9.156439e-20    6.3205724e-19              978                0
    -0.0016035567    9.1175556e-05     -0.012356104    -0.0011768212    -0.0014298578     0.0021525573    9.1093825e-31   -1.6021766e-19    -9.156439e-20    6.3205724e-19             3735                1
     0.0093955416    1.9148221e-05    0.00089981878      0.001419846   -0.00020447912   -0.00017853043    9.1093825e-31   -1.6021766e-19    -9.156439e-20    6.3205724e-19              637                0
     0.0032069033    1.3904077e-05      0.013998333    -0.0013414611     -0.011492095     0.0011827054    9.1093825e-31   -1.6021766e-19    -9.156439e-20    6.3205724e-19             3738                1
    -0.0015036286    9.4208954e-05    -0.0066214963   -0.00070339488    -0.0033318286   -0.00058039295    9.1093825e-31   -1.6021766e-19    -9.156439e-20    6.3205724e-19             3920                1
     0.0046613077    7.5499243e-05      0.002255121   -0.00067374611    0.00041019681     0.0011519034    9.1093825e-31   -1.6021766e-19    -9.156439e-20    6.3205724e-19              229                0
     0.0010796863    8.0824502e-05    -0.0065598269   -0.00018874723    -0.0040378026      0.001553072    9.1093825e-31   -1.6021766e-19    -9.156439e-20    6.3205724e-19             3836                1
    -0.0084947012    3.0114119e-05    -0.0014927749     0.0007982704    6.3903783e-05    -0.0004031283    9.1093825e-31   -1.6021766e-19    -9.156439e-20    6.3205724e-19              894                0
     0.0075688441    8.7447275e-05     0.0055168578   -0.00099645334   -0.00035213691     0.0030263758    9.1093825e-31   -1.6021766e-19    -9.156439e-20    6.3205724e-19              219                0
     0.0080415877    2.3842811e-05    -0.0029534886     0.0016745916    0.00031725972      0.002310049    9.1093825e-31   -1.6021766e-19    -9.156439e-20    6.3205724e-19              309                0
    -0.0089621982    6.4622036e-05      0.011169663   -0.00023737078   -0.00025010924   -0.00060470629    9.1093825e-31   -1.6021766e-19    -9.156439e-20    6.3205724e-19              329                0
    -0.0017109154    4.0619987e-05      0.010484012    -0.0023757231    -0.0066143144   -0.00039362689    9.1093825e-31   -1.6021766e-19    -9.156439e-20    6.3205724e-19             3508                1
     0.0089636864    5.9314836e-05     0.0080798008    -0.0010039555   -0.00028546943     0.0016580648    9.1093825e-31   -1.6021766e-19    -9.156439e-20    6.3205724e-19              369                0
    -0.0012057194     2.417802e-05     0.0066525103   -0.00079693354     0.0020391713    9.3733855e-05    9.1093825e-31   -1.6021766e-19    -9.156439e-20    6.3205724e-19             3684                1
     -0.001657717    8.7134293e-05     -0.012452796    -0.0050386218     0.0061112205     -0.003387362    9.1093825e-31   -1.6021766e-19    -9.156439e-20    6.3205724e-19             3439                1
    -0.0013911102    3.6746649e-06      0.011160604    0.00021042662     -0.010075771    0.00077345461    9.1093825e-31   -1.6021766e-19    -9.156439e-20    6.3205724e-19             3676                1
   -0.00019292106      7.92227e-06      0.013786491     0.0014376333     0.0037461959     0.0055777463    9.1093825e-31   -1.6021766e-19    -9.156439e-20    6.3205724e-19             3907                1
     0.0031928625    4.2401557e-06      0.014066178     0.0066734054     0.0037856081     0.0010738112    9.1093825e-31   -1.6021766e-19    -9.156439e-20    6.3205724e-19             3932                1
     0.0017539482    3.6551344e-05       0.01204569    -0.0033445975    -0.0072928839    -0.0022974135    9.1093825e-31   -1.6021766e-19    -9.156439e-20    6.3205724e-19             3512                1
    -0.0042051245    9.9716337e-05     -0.009689752    -0.0082814423     0.0084077241    0.00011808191    9.1093825e-31   -1.6021766e-19    -9.156439e-20    6.3205724e-19             3589                1
       0.00720092     6.148393e-05    0.00080010865     -0.001515273    0.00071674224   -0.00085188646    9.1093825e-31   -1.6021766e-19    -9.156439e-20    6.3205724e-19              476                0
    -0.0048123682    6.6257206e-05     -0.012884852     0.0013040316     0.0016366293    -0.0016452271    9.1093825e-31   -1.6021766e-19    -9.156439e-20    6.3205724e-19              549                0
    -0.0008034003    7.9823898e-05      0.010246587     0.0026132197    -0.0031540189    0.00071902992    9.1093825e-31   -1.6021766e-19    -9.156439e-20    6.3205724e-19              569                0
    -0.0016166428    6.2198538e-05     -0.012388464    -0.0025518902    -0.0044915224    -0.0012511946    9.1093825e-31   -1.6021766e-19    -9.156439e-20    6.3205724e-19             3734                1
     0.0012413628    9.8782453e-05      -0.00655072    -0.0053906497    -0.0030638881    -0.0009701862    9.1093825e-31   -1.6021766e-19    -9.156439e-20    6.3205724e-19             3952                1
    -0.0014147589    8.9173773e-05    -0.0080120694    0.00025556065     -0.005219019     0.0060099885    9.1093825e-31   -1.6021766e-19    -9.156439e-20    6.3205724e-19             3903                1
    -0.0016453674    8.0774798e-06      0.010601738    -0.0019247964     0.0046481001   -0.00050249457    9.1093825e-31   -1.6021766e-19    -9.156439e-20    6.3205724e-19             3913                1
    -0.0077187466    4.2161158e-05     0.0039483909     0.0011593687   -0.00024766973    0.00098672556    9.1093825e-31   -1.6021766e-19    -9.156439e-20    6.3205724e-19              934                0
     0.0015378778     1.031004e-06       0.01140474   -0.00095163175     0.0021055897   -0.00041991874    9.1093825e-31   -1.6021766e-19    -9.156439e-20    6.3205724e-19             3948                1
     0.0014654406    8.6052481e-05    -0.0088817338    -0.0017327324    -0.0037438613      0.004206873    9.1093825e-31   -1.6021766e-19    -9.156439e-20    6.3205724e-19             3849                1
     0.0014408295    3.5413113e-06      0.011434903    -2.346057e-05     0.0071764956    -0.0003880373    9.1093825e-31   -1.6021766e-19    -9.156439e-20    6.3205724e-19             3949                1
     0.0016751284    5.6860121e-05     -0.012826363   -0.00024260489     0.0038739145    0.00016937112    9.1093825e-31   -1.6021766e-19    -9.156439e-20    6.3205724e-19             3329                1
    -0.0014153995    6.8736903e-05      0.011135998    -0.0016174436     0.0070138155     0.0030936266    9.1093825e-31   -1.6021766e-19    -9.156439e-20    6.3205724e-19             3749                1
       0.00148159    9.0179274e-05    -0.0086698029    -0.0020689447    -0.0031428121    0.00028061794    9.1093825e-31   -1.6021766e-19    -9.156439e-20    6.3205724e-19             3871                1
     0.0054568071    1.3009759e-05     0.0022466648    0.00061079982    3.5648311e-06     0.0025721586    9.1093825e-31   -1.6021766e-19    -9.156439e-20    6.3205724e-19               20                0
    0.00057972362    9.5100702e-05    0.00022483694   -0.00068970677      0.011510708     -0.001058277    9.1093825e-31   -1.6021766e-19    -9.156439e-20    6.3205724e-19             3698                1
   -0.00092975167    8.9378169e-05    -0.0083779581      0.004732471    -0.0022016806    -0.0021027841    9.1093825e-31   -1.6021766e-19    -9.156439e-20    6.3205724e-19             3829                1
    -0.0012451357    5.8845497e-05     0.0060784849    -0.0014205157     0.0086347479   -0.00060768903    9.1093825e-31   -1.6021766e-19    -9.156439e-20    6.3205724e-19             3755                1
     0.0015627957     9.251904e-05    -0.0052183098   -0.00020254945     0.0098664006   -0.00028640853    9.1093825e-31   -1.6021766e-19    -9.156439e-20    6.3205724e-19             3585                1
     0.0011047118    6.5239517e-05    -0.0094767055   -4.5682275e-05     0.0067311758    -0.0018464582    9.1093825e-31   -1.6021766e-19    -9.156439e-20    6.3205724e-19             3474                1
     0.0016776084    3.0126266e-06      0.011314697     -0.001434327     0.0034214943     0.0017211932    9.1093825e-31   -1.6021766e-19    -9.156439e-20    6.3205724e-19             3936                1
     0.0034131119    1.0928419e-05    -0.0076154186    0.00011909381     0.0012569235   -0.00027388925    9.1093825e-31   -1.6021766e-19    -9.156439e-20    6.3205724e-19             2921                1
     0.0059821615    6.7381596e-05      0.012084035   -0.00063891656    -0.0019200399     0.0020729916    9.1093825e-31   -1.6021766e-19    -9.156439e-20    6.3205724e-19              280                0
    0.00012042635    4.0979081e-05    -0.0011531631    -0.0012378893     0.0065764096   -0.00021227478    9.1093825e-31   -1.6021766e-19    -9.156439e-20    6.3205724e-19             3621                1
     0.0010755478    6.8718796e-06     0.0057182568     -0.004602958     0.0048231739    0.00023364247    9.1093825e-31   -1.6021766e-19    -9.156439e-20    6.3205724e-19             3921                1
     0.0011887053    9.4990719e-05    -0.0093152616    0.00038597858    -0.0014659348   -0.00071910105    9.1093825e-31   -1.6021766e-19    -9.156439e-20    6.3205724e-19             3850                1
     0.0011342644    5.3407002e-05     0.0058283363     0.0031460684     0.0080564693     0.0056957407    9.1093825e-31   -1.6021766e-19    -9.156439e-20    6.3205724e-19             3756                1
     0.0028832497    6.0878458e-05     0.0099182548    0.00039521413    -0.0026489124   -0.00023469426    9.1093825e-31   -1.6021766e-19    -9.156439e-20    6.3205724e-19              177                0
     0.0016043818    2.5192125e-05     0.0024972726     0.0058611403     0.0081918975    -0.0017653549    9.1093825e-31   -1.6021766e-19    -9.156439e-20    6.3205724e-19             3855                1
     0.0020569996    2.6432182e-18       0.01062452      0.001553433    -0.0089110527   -0.00068393419    9.1093825e-31   -1.6021766e-19    -9.156439e-20    6.3205724e-19             3524                1
    -0.0032064144    7.4274401e-05     -0.010282419    -0.0023103631    -0.0036725292    0.00026292799    9.1093825e-31   -1.6021766e-19    -9.156439e-20    6.3205724e-19             3779                1
    -0.0082571628    1.4624279e-05     0.0034010094    0.00095655798    -0.0003960499    -0.0031899544    9.1093825e-31   -1.6021766e-19    -9.156439e-20    6.3205724e-19              184                0
    -0.0019599549    6.6353328e-05     0.0039779255    -0.0014197381   -0.00052278629    9.1457849e-05    9.1093825e-31   -1.6021766e-19    -9.156439e-20    6.3205724e-19              699                0
   -0.00046872205    6.4936256e-05    -0.0082258079     0.0045720222    -0.0058819754    1.7109287e-05    9.1093825e-31   -1.6021766e-19    -9.156439e-20    6.3205724e-19             3803                1
    -0.0012486854    3.7399859e-05     0.0065912851       0.00408726     0.0040571745    0.00099868746    9.1093825e-31   -1.6021766e-19    -9.156439e-20    6.3205724e-19             3711                1
    -0.0085927928    2.9179881e-05     0.0020934336    0.00042549064   -0.00010245405   -0.00017254744    9.1093825e-31   -1.6021766e-19    -9.156439e-20    6.3205724e-19              264                0
     0.0051092599    2.1723725e-05     0.0001909203    0.00026698169    0.00069781934    -0.0012758685    9.1093825e-31   -1.6021766e-19    -9.156439e-20    6.3205724e-19              284                0
    -0.0017881709    5.9381975e-05       0.01057428     0.0034415761    -0.0060029803     1.230967e-05    9.1093825e-31   -1.6021766e-19    -9.156439e-20    6.3205724e-19             3764                1
   -0.00065775501    9.2949937e-05    -0.0079765944     0.0025610672    -0.0032376451    0.00020368266    9.1093825e-31   -1.6021766e-19    -9.156439e-20    6.3205724e-19             3900                1
     0.0040110643    5.4577453e-05    -0.0067891618    -0.0033592435    0.00084378163    0.00024852584    9.1093825e-31   -1.6021766e-19    -9.156439e-20    6.3205724e-19             3523                1
   -0.00080519653     2.263468e-05     -0.002870216    -0.0075526852   -0.00012169613   -4.3464734e-05    9.1093825e-31   -1.6021766e-19    -9.156439e-20    6.3205724e-19             3498                1
   -0.00099522586    8.4830399e-06    -0.0020906006   -8.3540035e-05     0.0022490807    0.00019073834    9.1093825e-31   -1.6021766e-19    -9.156439e-20    6.3205724e-19              384                0
   -0.00092767505    7.5107164e-05    -0.0084416419   -0.00013331365     0.0077754101    0.00034856561    9.1093825e-31   -1.6021766e-19    -9.156439e-20    6.3205724e-19             3514                1
    -0.0033332382    2.6653815e-05     0.0062240041   -0.00099616265     0.0048743123    -0.0045645754    9.1093825e-31   -1.6021766e-19    -9.156439e-20    6.3205724e-19             3781                1
    -0.0092198718     4.974339e-05   -0.00039663815     1.098639e-05    7.4225121e-05    0.00067071337    9.1093825e-31   -1.6021766e-19    -9.156439e-20    6.3205724e-19              444                0
    -0.0059209755    1.3341366e-05     -0.002045104    0.00017793455      0.001429358    -0.0010526332    9.1093825e-31   -1.6021766e-19    -9.156439e-20    6.3205724e-19              464                0
    -0.0037254472    2.0467965e-05      0.011684084    0.00029039005    -0.0012058517   -0.00042188747    9.1093825e-31   -1.6021766e-19    -9.156439e-20    6.3205724e-19             3644                1
     0.0056635761    8.8368142e-05     0.0094035417     0.0016117479    -0.0012535114     0.0017081063    9.1093825e-31   -1.6021766e-19    -9.156439e-20    6.3205724e-19             1322                1
     0.0026627425    4.6017172e-05      0.012188548    -0.0013204496    -0.0064309328    -0.0016113311    9.1093825e-31   -1.6021766e-19    -9.156439e-20    6.3205724e-19             3466                1
     0.0011287176     5.764301e-05      0.007711058   -0.00087254448     0.0099294428    0.00029242047    9.1093825e-31   -1.6021766e-19    -9.156439e-20    6.3205724e-19             3792                1
     0.0083781211    5.6159835e-05    -0.0037991386   -0.00064444286    0.00083656859    0.00088351732    9.1093825e-31   -1.6021766e-19    -9.156439e-20    6.3205724e-19              564                0
      0.001107672    7.2925781e-05    -0.0064110183     -0.002135114     0.0086944513     0.0040807491    9.1093825e-31   -1.6021766e-19    -9.156439e-20    6.3205724e-19             3614                1
     0.0031958225    3.5097695e-18      0.014009749     0.0027049587     -0.010708921    -0.0027600564    9.1093825e-31   -1.6021766e-19    -9.156439e-20    6.3205724e-19             3653                1
   -0.00092606776    9.7635741e-05    -0.0029189796     0.0030602594    -0.0058976319     0.0075630811    9.1093825e-31   -1.6021766e-19    -9.156439e-20    6.3205724e-19             3953                1
   -0.00095297629    2.2360256e-05     0.0059138355     0.0046264352     0.0086052446    -0.0028208119    9.1093825e-31   -1.6021766e-19    -9.156439e-20    6.3205724e-19             3881                1
    -0.0068199253    8.8727858e-05    0.00081587496    0.00020099938    0.00082412286   -8.8522567e-05    9.1093825e-31   -1.6021766e-19    -9.156439e-20    6.3205724e-19              664                0
     0.0010152344    8.5189051e-05     -0.009299268     0.0032534415    -0.0045567844     0.0039507467    9.1093825e-31   -1.6021766e-19    -9.156439e-20    6.3205724e-19             3861                1
     0.0033818523     4.546779e-05     0.0045927297   -0.00017520976   -0.00069283607    -0.0018781127    9.1093825e-31   -1.6021766e-19    -9.156439e-20    6.3205724e-19              704                0
    -0.0042551141    7.9940073e-05     -0.011994693   -0.00070042559     0.0070059663    -0.0011001804    9.1093825e-31   -1.6021766e-19    -9.156439e-20    6.3205724e-19             3701                1
    0.00018520207    1.2789671e-05    0.00012493241    -0.0078294231     0.0042194198    9.4245392e-05    9.1093825e-31   -1.6021766e-19    -9.156439e-20    6.3205724e-19             3622                1
     0.0024006749    9.5539384e-05    -0.0092783356   -0.00048336299     0.0076086991    0.00054963573    9.1093825e-31   -1.6021766e-19    -9.156439e-20    6.3205724e-19             3435                1
    -0.0065972982    7.2567927e-05     -0.010846036    0.00095630868       0.00117887    0.00099943765    9.1093825e-31   -1.6021766e-19    -9.156439e-20    6.3205724e-19              125                0
    -0.0050214464    9.2801391e-05      0.013405858    0.00092062977     -0.001974345    0.00043496309    9.1093825e-31   -1.6021766e-19    -9.156439e-20    6.3205724e-19              804                0
    -0.0010080633    9.9297969e-05    -0.0039085872    -0.0054381858      0.001612236    -0.0036957166    9.1093825e-31   -1.6021766e-19    -9.156439e-20    6.3205724e-19             3797                1
    0.00044999135    3.1307867e-05    0.00029966474   -1.1534186e-05     0.0060390714   -0.00017999443    9.1093825e-31   -1.6021766e-19    -9.156439e-20    6.3205724e-19             3699                1
     -0.001282231    5.0992927e-05     0.0066441852    0.00095047819     0.0053082053     0.0059469012    9.1093825e-31   -1.6021766e-19    -9.156439e-20    6.3205724e-19             3712                1
    -0.0014354563    4.2581094e-05    -0.0065411297      0.001077848     0.0074196658    -0.0010750031    9.1093825e-31   -1.6021766e-19    -9.156439e-20    6.3205724e-19             3774                1
   -0.00089520292    4.3407039e-05       0.00694576   -0.00082570419    -0.0053946543    -0.0038645633    9.1093825e-31   -1.6021766e-19    -9.156439e-20    6.3205724e-19             3736                1
     0.0012577272    6.7017667e-05      0.011506805    0.00020227194    -0.0036195116     0.0015581731    9.1093825e-31   -1.6021766e-19    -9.156439e-20    6.3205724e-19             2668                1
    -0.0012358897    2.7890605e-05     0.0061676777     0.0074158916     0.0075819185    -0.0028711271    9.1093825e-31   -1.6021766e-19    -9.156439e-20    6.3205724e-19             3835                1
       0.00054325    9.6405616e-05     -0.011850798    4.2729287e-05     0.0027833325    0.00023205151    9.1093825e-31   -1.6021766e-19    -9.156439e-20    6.3205724e-19              958                0
    0.00039329406    8.8239285e-05    -0.0036950391    -0.0013737623    -0.0024620907     0.0018781939    9.1093825e-31   -1.6021766e-19    -9.156439e-20    6.3205724e-19             3859                1
     -0.006758641    8.6731605e-05      0.012294102    0.00030631234    -0.0013186126    0.00066883222    9.1093825e-31   -1.6021766e-19    -9.156439e-20    6.3205724e-19              988                0
    -0.0025347269    3.9117604e-05    -0.0018290171    -0.0029801191   -0.00089638249    0.00033320792    9.1093825e-31   -1.6021766e-19    -9.156439e-20    6.3205724e-19             3658                1
    -0.0016187144    8.6006577e-05     -0.011229674   -0.00070218637    -0.0056951647     0.0047125421    9.1093825e-31   -1.6021766e-19    -9.156439e-20    6.3205724e-19             3884                1
     0.0019239294    2.5924712e-05      0.012122334    0.00066128618    -0.0086561078   -0.00010630409    9.1093825e-31   -1.6021766e-19    -9.156439e-20    6.3205724e-19             3671                1
     0.0033749947    9.1012289e-06      0.012652724   -0.00026947039    -0.0089259921    -0.0015718491    9.1093825e-31   -1.6021766e-19    -9.156439e-20    6.3205724e-19             3564                1
    -0.0012176211    8.9944479e-06     0.0060805045    -0.0030700071     0.0061419494     0.0019430121    9.1093825e-31   -1.6021766e-19    -9.156439e-20    6.3205724e-19             3923                1
     0.0030111333    9.4710842e-05    -0.0045319311     0.0022652806      0.011843577    -0.0027368625    9.1093825e-31   -1.6021766e-19    -9.156439e-20    6.3205724e-19             3715                1
    0.00091663084    1.8983998e-05     0.0025772175      0.003853478    -0.0031313016    -0.0047836467    9.1093825e-31   -1.6021766e-19    -9.156439e-20    6.3205724e-19             3552                1
   -2.9752018e-05    2.4171393e-05      0.013852524     0.0048294123    -0.0083464934     0.0039582397    9.1093825e-31   -1.6021766e-19    -9.156439e-20    6.3205724e-19             3502                1
    -0.0024193188    9.0339476e-05    -0.0020882552   -0.00020223454    -0.0028278623    -0.0025928905    9.1093825e-31   -1.6021766e-19    -9.156439e-20    6.3205724e-19             3885                1
     -0.002461378    3.8802141e-06     0.0061680744     0.0012862519    -0.0019153785    0.00040524345    9.1093825e-31   -1.6021766e-19    -9.156439e-20    6.3205724e-19              485                0
      0.001522083    8.0519589e-05     -0.012940073    -0.0015335879    -0.0048711766      0.003898816    9.1093825e-31   -1.6021766e-19    -9.156439e-20    6.3205724e-19             3818                1
     2.461292e-05    1.0857632e-06       0.01376812     0.0085608819     0.0010012868    -0.0001795842    9.1093825e-31   -1.6021766e-19    -9.156439e-20    6.3205724e-19             3933                1
    -2.494308e-05    3.6256442e-05      0.013787009    -0.0028106498     -0.008875628     0.0021070139    9.1093825e-31   -1.6021766e-19    -9.156439e-20    6.3205724e-19             3705                1
    -0.0020385412    1.0806096e-05     0.0063687409   -0.00048137145      0.004860789   -0.00054410979    9.1093825e-31   -1.6021766e-19    -9.156439e-20    6.3205724e-19             3888                1
    -0.0041601784    7.1384457e-05     -0.012196587     0.0047556506    -0.0042609558    0.00021953692    9.1093825e-31   -1.6021766e-19    -9.156439e-20    6.3205724e-19             3761                1
    -0.0016696218    5.0196777e-06     -0.011183512    -0.0035309154   -0.00063589681    0.00081192225    9.1093825e-31   -1.6021766e-19    -9.156439e-20    6.3205724e-19             3137                1
    -0.0029564057    7.6873723e-05     -0.010617631    0.00081634871    -0.0046514729    -0.0036607662    9.1093825e-31   -1.6021766e-19    -9.156439e-20    6.3205724e-19             3806                1
    -0.0019241694    5.4846125e-05     0.0019701722   -1.0159541e-05     0.0086047761    0.00049956277    9.1093825e-31   -1.6021766e-19    -9.156439e-20    6.3205724e-19             3739                1
     0.0025268483    8.8563305e-05    -0.0076442934    -0.0013180696    -0.0037343563     0.0050140112    9.1093825e-31   -1.6021766e-19    -9.156439e-20    6.3205724e-19             3875                1
     0.0010615899    1.6517712e-05     0.0077739162    -0.0012778088    -0.0071335831   -2.2322582e-05    9.1093825e-31   -1.6021766e-19    -9.156439e-20    6.3205724e-19             3663                1
      0.002362777    5.0656767e-05    -0.0091544837     0.0018966156     0.0065511274    -0.0019089378    9.1093825e-31   -1.6021766e-19    -9.156439e-20    6.3205724e-19             3741                1
     0.0017351835    8.0606114e-05      0.006820906    0.00022714482     0.0011990027     0.0006019604    9.1093825e-31   -1.6021766e-19    -9.156439e-20    6.3205724e-19             3409                1
     -0.002938102     5.565412e-05     -0.014577064   -4.4107095e-05    0.00091895118    -0.0013808841    9.1093825e-31   -1.6021766e-19    -9.156439e-20    6.3205724e-19              422                0
    -0.0013945099    4.4345445e-05    -0.0084110321    0.00067008217    -0.0087294988   -3.6888883e-05    9.1093825e-31   -1.6021766e-19    -9.156439e-20    6.3205724e-19             3794                1
    -0.0011105366    2.7187752e-05     0.0061575975    -0.0011255979     0.0072902488    0.00058582914    9.1093825e-31   -1.6021766e-19    -9.156439e-20    6.3205724e-19             3831                1
    -0.0010582752    4.6276833e-05     0.0060208309    0.00055986311    6.0170347e-05    -0.0025824567    9.1093825e-31   -1.6021766e-19    -9.156439e-20    6.3205724e-19             3396                1
    -0.0044986284    8.5857821e-05      0.010421829     -0.002912286     -0.002099667     0.0010087943    9.1093825e-31   -1.6021766e-19    -9.156439e-20    6.3205724e-19              687                0
   -4.7912195e-05    1.5205691e-05     0.0042575104   -0.00082095765     0.0068017398    -0.0003859062    9.1093825e-31   -1.6021766e-19    -9.156439e-20    6.3205724e-19             3889                1
    2.8584174e-05    3.2970565e-05     0.0043470082     0.0027136451     0.0063628345   -0.00080624275    9.1093825e-31   -1.6021766e-19    -9.156439e-20    6.3205724e-19             3769                1
      0.001002136    5.8221933e-05    -0.0096142516    -0.0037775941      0.006683684    0.00042204096    9.1093825e-31   -1.6021766e-19    -9.156439e-20    6.3205724e-19             3709                1
     0.0053761983    3.0169409e-05     0.0032495742    0.00026011089   -0.00032903129    -0.0007054435    9.1093825e-31   -1.6021766e-19    -9.156439e-20    6.3205724e-19              581                0
     0.0013906091    6.3107695e-06      0.011553154     0.0003186937     0.0064048483    0.00034590368    9.1093825e-31   -1.6021766e-19    -9.156439e-20    6.3205724e-19             3934                1
    -0.0028918157     9.258301e-05    -0.0058105146     0.0021229703    -0.0056462181    0.00045727289    9.1093825e-31   -1.6021766e-19    -9.156439e-20    6.3205724e-19             3927                1
     0.0013868234    6.1815626e-05     0.0015511948   -8.2993443e-05    0.00086018798    -0.0016365114    9.1093825e-31   -1.6021766e-19    -9.156439e-20    6.3205724e-19              641                0
     0.0013295377    9.7277283e-05    -0.0051110005     0.0014113074    -0.0054502762      0.002704513    9.1093825e-31   -1.6021766e-19    -9.156439e-20    6.3205724e-19             3950                1
    0.00082249893    6.1059902e-05     0.0059602289     0.0033801021      0.011883349     0.0057277507    9.1093825e-31   -1.6021766e-19    -9.156439e-20    6.3205724e-19             3802                1
    -0.0017015133    5.0431543e-05     -0.011148571    -0.0027739021    -0.0072957063    -0.0037459666    9.1093825e-31   -1.6021766e-19    -9.156439e-20    6.3205724e-19             3777                1
    -0.0029563131    6.7412562e-05     -0.010341268   -4.0029478e-05    -0.0045079533   -0.00013218416    9.1093825e-31   -1.6021766e-19    -9.156439e-20    6.3205724e-19             3771                1
    -0.0035026595    7.2181429e-05    -0.0099543193   -0.00042200397    -0.0090261558    0.00025531271    9.1093825e-31   -1.6021766e-19    -9.156439e-20    6.3205724e-19             3870                1
    -0.0016021675    9.0915477e-05     -0.012366136   -0.00097734644    -0.0030860691     -0.001630965    9.1093825e-31   -1.6021766e-19    -9.156439e-20    6.3205724e-19             3842                1
    -0.0013531144    2.5703184e-05      0.005572055    -0.0047495957     0.0041899835     0.0023511376    9.1093825e-31   -1.6021766e-19    -9.156439e-20    6.3205724e-19             3743                1
     0.0013837273    9.0492118e-05    -0.0086043142    -0.0043552336    -0.0040775975    -0.0012936838    9.1093825e-31   -1.6021766e-19    -9.156439e-20    6.3205724e-19             3894                1
     0.0094220471    4.3903379e-05    -0.0041030152    0.00047689592    9.5142248e-05     0.0016113907    9.1093825e-31   -1.6021766e-19    -9.156439e-20    6.3205724e-19              821                0
    -0.0018293174    2.4701912e-05     0.0018799362    -0.0036989429     0.0062759449    -0.0012148686    9.1093825e-31   -1.6021766e-19    -9.156439e-20    6.3205724e-19             3801                1
    -0.0016385359    5.2047994e-06      0.010610105     0.0019086784     0.0030346578     0.0041932212    9.1093825e-31   -1.6021766e-19    -9.156439e-20    6.3205724e-19             3914                1
     0.0019746844     5.758585e-05     -0.012675084   -0.00039201541     0.0045742495    -0.0034351267    9.1093825e-31   -1.6021766e-19    -9.156439e-20    6.3205724e-19             3669                1
    -0.0018236804    5.2807649e-05     0.0020032357     0.0022323667     0.0084923981    0.00029778894    9.1093825e-31   -1.6021766e-19    -9.156439e-20    6.3205724e-19             3744                1
   -0.00040238199    8.9866284e-05    -0.0083071152     0.0036025597     -0.010288097     0.0027515511    9.1093825e-31   -1.6021766e-19    -9.156439e-20    6.3205724e-19             3935                1
    -0.0052317092    2.1381209e-05     -0.010823107    -0.0031111322    0.00039658768    0.00044302162    9.1093825e-31   -1.6021766e-19    -9.156439e-20    6.3205724e-19             2846                1
    -0.0013666844     6.382486e-05     -0.012616868    -0.0092253871    -0.0030553259    -0.0022578321    9.1093825e-31   -1.6021766e-19    -9.156439e-20    6.3205724e-19             3693                1
   -0.00084027165    6.2097264e-05    -0.0085001346    0.00029524919    -0.0018238169   -0.00054378842    9.1093825e-31   -1.6021766e-19    -9.156439e-20    6.3205724e-19             3718                1
     0.0014481851    8.1522281e-05     -0.013164123     0.0027408716    -0.0050825523   -0.00066665758    9.1093825e-31   -1.6021766e-19    -9.156439e-20    6.3205724e-19             3825                1
     0.0017963814    5.2575113e-05     0.0072679706   -0.00013135996      0.008852262   -0.00012308973    9.1093825e-31   -1.6021766e-19    -9.156439e-20    6.3205724e-19             3787                1
    -0.0036363872    8.6913997e-06      0.011503151   -0.00089667639     0.0044018566      0.001822344    9.1093825e-31   -1.6021766e-19    -9.156439e-20    6.3205724e-19             3908                1
   -0.00084525766    9.6823678e-05    -0.0083953589   -0.00024326621    0.00039920741      0.002205417    9.1093825e-31   -1.6021766e-19    -9.156439e-20    6.3205724e-19             3770                1
    0.00027507791           0.0001    -0.0088892328   -0.00056749227     0.0089693833    -0.0046716854    9.1093825e-31   -1.6021766e-19    -9.156439e-20    6.3205724e-19             3503                1
     0.0039974945    1.7493125e-05    0.00099718524    -0.0015228913    0.00046666514    -0.0015105655    9.1093825e-31   -1.6021766e-19    -9.156439e-20    6.3205724e-19              118                0
    -0.0015612986    9.2767121e-05     -0.011269766   -0.00033720976    -0.0024319263     0.0052287546    9.1093825e-31   -1.6021766e-19    -9.156439e-20    6.3205724e-19             3844                1
    -0.0093934238    4.2953117e-05    -0.0036059429    0.00051571254    0.00050507055    0.00042820445    9.1093825e-31   -1.6021766e-19    -9.156439e-20    6.3205724e-19              158                0
     0.0015040771    2.3380739e-05       0.00247898    -0.0018622343      0.005199552     0.0022227268    9.1093825e-31   -1.6021766e-19    -9.156439e-20    6.3205724e-19             3750                1
     1.427434e-06     7.708255e-05    -0.0058649597    -0.0020760987    -0.0060501881     0.0023112027    9.1093825e-31   -1.6021766e-19    -9.156439e-20    6.3205724e-19             3860                1
     -0.003177685    1.0243491e-05     0.0065918048     0.0021016747    -0.0057695685     0.0046103136    9.1093825e-31   -1.6021766e-19    -9.156439e-20    6.3205724e-19             3441                1
    -0.0010941047    7.3233299e-05    -0.0057938434    -0.0053584715     0.0094665885   -0.00021510986    9.1093825e-31   -1.6021766e-19    -9.156439e-20    6.3205724e-19             3695                1
     0.0068459255     8.618331e-05     -0.013493451   -0.00044162673      0.001048208    0.00094205118    9.1093825e-31   -1.6021766e-19    -9.156439e-20    6.3205724e-19              213                0
     0.0018208909    6.1485953e-05     -0.012473891     0.0021984102    -0.0074972403    -0.0060751638    9.1093825e-31   -1.6021766e-19    -9.156439e-20    6.3205724e-19             3798                1
   -5.0189032e-05    5.8678816e-05     0.0035248215    0.00014895796       0.01351087   -0.00050820241    9.1093825e-31   -1.6021766e-19    -9.156439e-20    6.3205724e-19             3820                1
     0.0017169289    9.7191754e-05    -0.0029801221   -3.6218113e-05    -0.0015294469   -0.00020879261    9.1093825e-31   -1.6021766e-19    -9.156439e-20    6.3205724e-19             3924                1
     0.0012068321     8.088733e-05    -0.0069344887    -0.0013697291    -0.0059595145    0.00020883307    9.1093825e-31   -1.6021766e-19    -9.156439e-20    6.3205724e-19             3873                1
   -0.00092984765    1.9212081e-05     0.0059298216    0.00026819599     0.0087791253    0.00047907201    9.1093825e-31   -1.6021766e-19    -9.156439e-20    6.3205724e-19             3895                1
    -0.0011054102    1.3818907e-05     0.0057851714   -0.00031922924    -0.0061256704   -3.9349772e-05    9.1093825e-31   -1.6021766e-19    -9.156439e-20    6.3205724e-19             3672                1
    -0.0013609546    5.9229653e-05    -0.0084247114     0.0020344481     0.0070958561      0.003359712    9.1093825e-31   -1.6021766e-19    -9.156439e-20    6.3205724e-19             3642                1
       0.00119854    2.4983427e-05        0.0115025     0.0018634635     0.0064750053    -0.0056272806    9.1093825e-31   -1.6021766e-19    -9.156439e-20    6.3205724e-19             3851                1
    -0.0012898825    5.6599834e-05     -0.014132005    -0.0017794297    -0.0064948006     0.0030683598    9.1093825e-31   -1.6021766e-19    -9.156439e-20    6.3205724e-19             3748                1
    -3.192389e-05    4.0583735e-05     0.0034160588    -0.0027013666     0.0070592165   -0.00050785311    9.1093825e-31   -1.6021766e-19    -9.156439e-20    6.3205724e-19             3751                1
   -0.00097035081    5.2582913e-05      0.005594708   -7.8260658e-05     0.0096849333    0.00025439271    9.1093825e-31   -1.6021766e-19    -9.156439e-20    6.3205724e-19             3788                1
     0.0020463867    3.5971169e-18      0.014584381   -0.00028180736     -0.011471037   -0.00033275029    9.1093825e-31   -1.6021766e-19    -9.156439e-20    6.3205724e-19             3679                1
    -0.0020838124    3.9368831e-05      0.006309913    -0.0022258356     0.0078342492      0.001066554    9.1093825e-31   -1.6021766e-19    -9.156439e-20    6.3205724e-19             3799                1
   -0.00090749364     4.109884e-05     0.0061230185   -0.00012262967     0.0085995551    0.00089362427    9.1093825e-31   -1.6021766e-19    -9.156439e-20    6.3205724e-19             3804                1
     0.0032342973    7.2847884e-05     0.0079028066   -0.00070041552    -0.0020273752   -0.00054195814    9.1093825e-31   -1.6021766e-19    -9.156439e-20    6.3205724e-19              903                0
    -0.0084263831    5.5192333e-05       0.01020921    0.00098411122   -0.00036980381    0.00071633531    9.1093825e-31   -1.6021766e-19    -9.156439e-20    6.3205724e-19              578                0
     0.0014693509    7.4662341e-05    -0.0053235288    -0.0010681233     0.0099245207      -0.00523856    9.1093825e-31   -1.6021766e-19    -9.156439e-20    6.3205724e-19             3707                1
     0.0083704041    3.6186164e-05     0.0096165799     0.0017471449   -0.00052179175    0.00014757994    9.1093825e-31   -1.6021766e-19    -9.156439e-20    6.3205724e-19              618                0
     0.0011015215    2.5785124e-05     0.0060016471    -0.0017262297      0.010082215    -0.0010065158    9.1093825e-31   -1.6021766e-19    -9.156439e-20    6.3205724e-19             3883                1
   -0.00054648507    5.5422046e-05    -0.0026169254   -0.00069942628      0.011336937     0.0018290798    9.1093825e-31   -1.6021766e-19    -9.156439e-20    6.3205724e-19             3796                1
   -0.00098912802    1.2243357e-05     0.0060216347    -3.624734e-05     0.0024714821   -0.00047374767    9.1093825e-31   -1.6021766e-19    -9.156439e-20    6.3205724e-19             3740                1
    -0.0013904695    9.3548384e-05    -0.0084722433   -0.00058644224    -0.0072964644   -0.00020297425    9.1093825e-31   -1.6021766e-19    -9.156439e-20    6.3205724e-19             3937                1
     0.0010785648    1.6935353e-05       0.01138202    -0.0019463751     0.0065731225     0.0024201935    9.1093825e-31   -1.6021766e-19    -9.156439e-20    6.3205724e-19             3890                1
     0.0015503661    5.7633668e-05    -0.0053517879     0.0047333525     0.0093559921      0.001227829    9.1093825e-31   -1.6021766e-19    -9.156439e-20    6.3205724e-19             3757                1
    -0.0037390799    2.1458779e-07      0.011499234    -0.0025117043    -0.0096402466    -0.0025066615    9.1093825e-31   -1.6021766e-19    -9.156439e-20    6.3205724e-19             3645                1
    -0.0011578914    7.9573314e-05     -0.012624182     0.0038091163     -0.003149526    -0.0073979981    9.1093825e-31   -1.6021766e-19    -9.156439e-20    6.3205724e-19             3747                1
     0.0041724057    8.7279106e-05     -0.011591118     0.0037605211     0.0066491459     0.0027894937    9.1093825e-31   -1.6021766e-19    -9.156439e-20    6.3205724e-19             3555                1
    -0.0011056098    6.0545981e-06     0.0061631631    4.6674404e-06     0.0024368388     0.0018599555    9.1093825e-31   -1.6021766e-19    -9.156439e-20    6.3205724e-19             3832                1
    -0.0067085978    1.6779733e-05     0.0051548919   -0.00048056239   -0.00070353335     0.0010689211    9.1093825e-31   -1.6021766e-19    -9.156439e-20    6.3205724e-19              573                0
   -0.00078601175    8.7636501e-05    -0.0083620595    -0.0029494397    -0.0060024774     0.0022885578    9.1093825e-31   -1.6021766e-19    -9.156439e-20    6.3205724e-19             3904                1
   -0.00027796847    9.9084282e-05    -0.0084300917     0.0036487707     0.0095692389    -0.0081076538    9.1093825e-31   -1.6021766e-19    -9.156439e-20    6.3205724e-19             3571                1
    -0.0016206326    9.6192243e-06      0.010686073     0.0025298586    -0.0085162977     0.0057385988    9.1093825e-31   -1.6021766e-19    -9.156439e-20    6.3205724e-19             3540                1
     0.0011719781    4.4686141e-05     0.0058486918     0.0043361415     0.0080562076    1.2814265e-05    9.1093825e-31   -1.6021766e-19    -9.156439e-20    6.3205724e-19             3785                1
     0.0010812352    6.7101377e-05    -0.0095973248    0.00020868547     -0.009990152    -0.0011445724    9.1093825e-31   -1.6021766e-19    -9.156439e-20    6.3205724e-19             3862                1
     0.0012233316     2.565399e-05      0.011339636    -0.0026101125     0.0061467709    -0.0030835972    9.1093825e-31   -1.6021766e-19    -9.156439e-20    6.3205724e-19             3838                1
    0.00021113994    2.5836067e-05      0.012349937     -0.001330369     0.0084805721   -0.00088432146    9.1093825e-31   -1.6021766e-19    -9.156439e-20    6.3205724e-19             3876                1
    -0.0063758478    1.5122465e-05     0.0051859939    -0.0008657836    -0.0007646787     -0.002788201    9.1093825e-31   -1.6021766e-19    -9.156439e-20    6.3205724e-19              985                0
    -0.0015435187     9.246893e-05    -0.0083177714      0.003644038    -0.0063946201      0.002238112    9.1093825e-31   -1.6021766e-19    -9.156439e-20    6.3205724e-19             3928                1
     0.0075991885    6.2558291e-05    0.00076850737   -0.00053468306     0.0003011153     0.0012065751    9.1093825e-31   -1.6021766e-19    -9.156439e-20    6.3205724e-19              614                0
     0.0020106442    7.7520082e-05     -0.012666552    -0.0008921001    -0.0082537774      0.002433067    9.1093825e-31   -1.6021766e-19    -9.156439e-20    6.3205724e-19             3877                1
     0.0047323322    9.2353202e-06      0.007232036    -0.0053186603    -0.0068711024    0.00030238193    9.1093825e-31   -1.6021766e-19    -9.156439e-20    6.3205724e-19             3629                1
    8.6591179e-05    3.9532351e-05      -0.01332363   -7.7810611e-05     0.0015746381    0.00029240386    9.1093825e-31   -1.6021766e-19    -9.156439e-20    6.3205724e-19               79                0
    -0.0031381734    5.2523272e-05    -0.0018621408    -0.0017942259     0.0081225922     0.0087974155    9.1093825e-31   -1.6021766e-19    -9.156439e-20    6.3205724e-19             3720                1
    -0.0013579297    8.8806999e-05     -0.008559458    3.8536077e-06    -0.0035551768     -0.002769741    9.1093825e-31   -1.6021766e-19    -9.156439e-20    6.3205724e-19             3872                1
   -0.00077981153    8.4259038e-05    -0.0083737327    3.3086737e-05    -0.0076281154    -0.0033264272    9.1093825e-31   -1.6021766e-19    -9.156439e-20    6.3205724e-19             3905                1
    -0.0011787277     2.461417e-05     0.0054813861    -0.0018501092    -0.0047597191   -7.5444892e-05    9.1093825e-31   -1.6021766e-19    -9.156439e-20    6.3205724e-19             3558                1
     0.0029269631    3.5971112e-05      0.014282966    -0.0068692411     -0.008746637    -0.0018935857    9.1093825e-31   -1.6021766e-19    -9.156439e-20    6.3205724e-19             3710                1
    -0.0036563745    3.8113809e-05      0.011644531     0.0014016629       -0.0064975     0.0029443433    9.1093825e-31   -1.6021766e-19    -9.156439e-20    6.3205724e-19             3495                1
     0.0019238867    1.7154578e-05      0.011346635    -0.0016656831     0.0051873592     0.0031064623    9.1093825e-31   -1.6021766e-19    -9.156439e-20    6.3205724e-19             3864                1
     0.0014858766    8.2532897e-05    -0.0088929897     0.0023644108    -0.0030871576    0.00027341198    9.1093825e-31   -1.6021766e-19    -9.156439e-20    6.3205724e-19             3807                1
     0.0018081426    2.5791043e-05      0.010427691    -0.0036954507    -0.0077536129    0.00091772585    9.1093825e-31   -1.6021766e-19    -9.156439e-20    6.3205724e-19             3635                1
    -0.0039475565    1.8352193e-06      0.011556128   -0.00040604119     0.0031080653     0.0003090399    9.1093825e-31   -1.6021766e-19    -9.156439e-20    6.3205724e-19             3946                1
   -0.00081571942    9.6722622e-05    -0.0029433747   -0.00039628078    -0.0039611384     0.0012332818    9.1093825e-31   -1.6021766e-19    -9.156439e-20    6.3205724e-19             3941                1
       0.00166368    1.1660922e-05     0.0074434336     -0.002041409     0.0044262116    0.00035878891    9.1093825e-31   -1.6021766e-19    -9.156439e-20    6.3205724e-19             3874                1
    0.00043316701    5.5067732e-05    0.00019828585     0.0021520683      0.010009507    -0.0013754516    9.1093825e-31   -1.6021766e-19    -9.156439e-20    6.3205724e-19             3767                1
     0.0010198004    5.3825508e-05    -0.0066998512    4.0998646e-05     0.0077521252   -0.00072211359    9.1093825e-31   -1.6021766e-19    -9.156439e-20    6.3205724e-19             3727                1
    -0.0039254478    5.1542079e-06      0.011628989    -0.0041426942     0.0023573264     0.0015005543    9.1093825e-31   -1.6021766e-19    -9.156439e-20    6.3205724e-19             3901                1
     0.0049058693    5.8100937e-05     0.0071652266   -0.00090655324     0.0081692832    0.00074903294    9.1093825e-31   -1.6021766e-19    -9.156439e-20    6.3205724e-19             3765                1
    -0.0010452956    4.6578854e-05      0.005921951    -0.0019047608     0.0077438699   -0.00074029085    9.1093825e-31   -1.6021766e-19    -9.156439e-20    6.3205724e-19             3772                1
    -0.0029669076     1.509916e-06    -0.0017788163     0.0060498887    -0.0018025595    0.00048089458    9.1093825e-31   -1.6021766e-19    -9.156439e-20    6.3205724e-19             3461                1
    -0.0018821411    4.4049135e-05     0.0018914371    -0.0013823289      0.007008181      0.004591343    9.1093825e-31   -1.6021766e-19    -9.156439e-20    6.3205724e-19             3724                1
    -0.0019396249    2.2375094e-05     0.0064299987    0.00058766175     0.0071232379    -0.0029578765    9.1093825e-31   -1.6021766e-19    -9.156439e-20    6.3205724e-19             3857                1
    -0.0022396592    4.2447573e-05     0.0028266686    0.00097398239     0.0073816185     0.0029425693    9.1093825e-31   -1.6021766e-19    -9.156439e-20    6.3205724e-19             3752                1
    -0.0030004454    9.0489571e-05     -0.010469942     0.0017356421     0.0081457272   -0.00028465994    9.1093825e-31   -1.6021766e-19    -9.156439e-20    6.3205724e-19             3652                1
   -0.00092616986    4.0888608e-05      0.006138708    -0.0034914853      0.008556922     0.0037237811    9.1093825e-31   -1.6021766e-19    -9.156439e-20    6.3205724e-19             3805                1
    -0.0029040053    7.6257864e-05    -0.0056299483   -0.00062187965     0.0091035925      0.001048289    9.1093825e-31   -1.6021766e-19    -9.156439e-20    6.3205724e-19             3664                1
    -0.0036784597    8.5233434e-05      -0.01437439   -7.2895149e-05    -0.0029931776   -1.1870184e-05    9.1093825e-31   -1.6021766e-19    -9.156439e-20    6.3205724e-19             3746                1
     0.0010502788    1.7282449e-05      0.013625848   -0.00060770765    -0.0096985148     0.0024408852    9.1093825e-31   -1.6021766e-19    -9.156439e-20    6.3205724e-19             3648                1
     0.0026947856    5.2427822e-06      0.012211717     0.0010114971     0.0058810203    0.00027357065    9.1093825e-31   -1.6021766e-19    -9.156439e-20    6.3205724e-19             3938                1
   -8.9686437e-05    3.6903322e-05     0.0043066801    -0.0029713744     0.0067326929    -2.478034e-05    9.1093825e-31   -1.6021766e-19    -9.156439e-20    6.3205724e-19             3766                1
     0.0013765616    2.8459368e-18      0.011570182    -0.0024832662     -0.010389416     -0.000801538    9.1093825e-31   -1.6021766e-19    -9.156439e-20    6.3205724e-19             3654                1
     0.0011225502    1.6253969e-05      0.013732804   -0.00056857913     -0.010788298    -0.0032441323    9.1093825e-31   -1.6021766e-19    -9.156439e-20    6.3205724e-19             3713                1
     0.0011577954    2.4179073e-05      0.013559539     0.0042339461     0.0043451395     0.0059551019    9.1093825e-31   -1.6021766e-19    -9.156439e-20    6.3205724e-19             3823                1
     0.0014571064    1.4510702e-05      0.011576093     0.0015705239    -0.0091342814    8.7201523e-05    9.1093825e-31   -1.6021766e-19    -9.156439e-20    6.3205724e-19             3637                1
   -0.00081392197    9.8515789e-05    -0.0029459128     0.0018732102    -0.0016966216    -0.0019711615    9.1093825e-31   -1.6021766e-19    -9.156439e-20    6.3205724e-19             3942                1
   -0.00085898454    7.6504999e-05    -0.0028483251    -0.0014128679        0.0111368     -0.003255853    9.1093825e-31   -1.6021766e-19    -9.156439e-20    6.3205724e-19             3731                1
     0.0013077429    4.9519564e-05      0.011376424    0.00044079707      0.011714645    0.00098109117    9.1093825e-31   -1.6021766e-19    -9.156439e-20    6.3205724e-19             3837                1
     0.0017642321    8.2553241e-05     -0.012883509     0.0047356007     0.0058314563      0.002877614    9.1093825e-31   -1.6021766e-19    -9.156439e-20    6.3205724e-19             3501                1
   -0.00078186783    9.5094867e-05     -0.005862359      2.25972e-05      0.013089951   -1.0707778e-05    9.1093825e-31   -1.6021766e-19    -9.156439e-20    6.3205724e-19             3745                1
     0.0017829052    9.2445029e-05    -0.0030396769     0.0089990599    0.00054717169    -0.0036052165    9.1093825e-31   -1.6021766e-19    -9.156439e-20    6.3205724e-19             3800                1
   -0.00093007501    2.1681813e-05     0.0058294609    0.00052388018    -0.0051949387    -0.0022027653    9.1093825e-31   -1.6021766e-19    -9.156439e-20    6.3205724e-19             3574                1
    -0.0025480983    5.2176045e-05     0.0007538526     0.0012179194     0.0078000808     0.0023265113    9.1093825e-31   -1.6021766e-19    -9.156439e-20    6.3205724e-19             3714                1
   -0.00040386291    8.0202219e-05    -0.0082880575    0.00021385566    -0.0050136945     -0.001040476    9.1093825e-31   -1.6021766e-19    -9.156439e-20    6.3205724e-19             3845                1
   -0.00038870095    7.7941346e-05    -0.0082782572     0.0041409484    -0.0055977427     0.0014978141    9.1093825e-31   -1.6021766e-19    -9.156439e-20    6.3205724e-19             3846                1
    -0.0027848326    9.1476119e-05    -0.0068344343    0.00018868099    -0.0035966712     0.0011535601    9.1093825e-31   -1.6021766e-19    -9.156439e-20    6.3205724e-19             3897                1
     0.0017391053    9.8271652e-05    -0.0030023218    -0.0033540053    -0.0057731266    -0.0019375794    9.1093825e-31   -1.6021766e-19    -9.156439e-20    6.3205724e-19             3954                1
    -0.0016332089    8.1486076e-05    -0.0083992863    -0.0033120001    -0.0078398837   -0.00065113587    9.1093825e-31   -1.6021766e-19    -9.156439e-20    6.3205724e-19             3896                1
     0.0021649259    2.8019547e-05   -8.7072403e-05    0.00066366582     0.0064738593     0.0025396163    9.1093825e-31   -1.6021766e-19    -9.156439e-20    6.3205724e-19             3784                1
   -0.00067366322    8.6481014e-05     -0.008119286    -0.0056068576     0.0082689067     0.0079713035    9.1093825e-31   -1.6021766e-19    -9.156439e-20    6.3205724e-19             3476                1
   -0.00095273985    6.1176528e-05    -0.0083587486   -0.00042650223    -0.0085304221     0.0022084781    9.1093825e-31   -1.6021766e-19    -9.156439e-20    6.3205724e-19             3830                1
    -0.0012522243    5.1298626e-05      0.006637862    -0.0011848583     0.0072690491    2.6704261e-05    9.1093825e-31   -1.6021766e-19    -9.156439e-20    6.3205724e-19             3753                1
    0.00080820214    1.4043138e-05      0.009737106    -0.0014712404    -0.0081057325    0.00054506812    9.1093825e-31   -1.6021766e-19    -9.156439e-20    6.3205724e-19             3576                1
     0.0016243339    5.0679773e-06      0.010348078   -0.00055425533    -0.0088741453    -0.0017540321    9.1093825e-31   -1.6021766e-19    -9.156439e-20    6.3205724e-19             3577                1
     0.0014742173    9.8157565e-05    -0.0088737942    0.00018445494   -0.00016011143     0.0038643037    9.1093825e-31   -1.6021766e-19    -9.156439e-20    6.3205724e-19             3808                1
   -0.00093315041    9.7786957e-05    -0.0028868124     0.0039350898    -0.0030421517     0.0043852702    9.1093825e-31   -1.6021766e-19    -9.156439e-20    6.3205724e-19             3945                1
     0.0010852579    2.9568186e-05      0.013614542    -0.0021919487    -0.0084897494   -0.00089886592    9.1093825e-31   -1.6021766e-19    -9.156439e-20    6.3205724e-19             3580                1
   -0.00089115079    2.4583987e-05     0.0060543888     0.0023603076     0.0051272986    1.2251387e-05    9.1093825e-31   -1.6021766e-19    -9.156439e-20    6.3205724e-19             3789                1
     0.0024100679    9.2230577e-05    -0.0091862474     0.0027713389    -0.0044988659    -9.454519e-05    9.1093825e-31   -1.6021766e-19    -9.156439e-20    6.3205724e-19             3915                1
    -0.0013950504    6.0503622e-05     -0.006655606     0.0062602377     0.0078530563    -0.0015053406    9.1093825e-31   -1.6021766e-19    -9.156439e-20    6.3205724e-19             3639                1
     0.0016014655    4.9697068e-05     0.0025345923    -0.0019462277      0.011261262    -0.0031826785    9.1093825e-31   -1.6021766e-19    -9.156439e-20    6.3205724e-19             3809                1
     0.0023738106    8.3378014e-05    -0.0075992313     0.0013238527     -0.002637167    -0.0030285337    9.1093825e-31   -1.6021766e-19    -9.156439e-20    6.3205724e-19             3810                1
     0.0014561575    3.3691904e-05      0.011362363    -0.0021561466     0.0060229693     -0.002631098    9.1093825e-31   -1.6021766e-19    -9.156439e-20    6.3205724e-19             3811                1
     0.0020101345    3.8888702e-05     -0.012353986   -0.00096367748     -0.012499029    -0.0011637711    9.1093825e-31   -1.6021766e-19    -9.156439e-20    6.3205724e-19             3812                1
   -0.00090965378     9.365919e-05     -0.005956748    -0.0080634616   -0.00062007655    -0.0035389168    9.1093825e-31   -1.6021766e-19    -9.156439e-20    6.3205724e-19             3826                1
     0.0015661541    9.1241614e-05     -0.013021564   -2.9051082e-05    -0.0029426338    -0.0030946287    9.1093825e-31   -1.6021766e-19    -9.156439e-20    6.3205724e-19             3827                1
     0.0018262288    3.3988008e-06      0.012190423     0.0018080529    0.00031628026    0.00050751324    9.1093825e-31   -1.6021766e-19    -9.156439e-20    6.3205724e-19             3828                1
     0.0014575917    7.3577619e-05     -0.013039029     0.0019607635    -0.0075947721     0.0008906725    9.1093825e-31   -1.6021766e-19    -9.156439e-20    6.3205724e-19             3839                1
     0.0034785245    6.0211187e-06      0.012766567     0.0013538076     0.0012236746     0.0029685036    9.1093825e-31   -1.6021766e-19    -9.156439e-20    6.3205724e-19             3847                1
     0.0011662587    7.0924652e-05      -0.00686148     0.0037159796    -0.0088793496    -0.0009042176    9.1093825e-31   -1.6021766e-19    -9.156439e-20    6.3205724e-19             3865                1
     0.0023718465    8.2302009e-05    -0.0075617996    0.00057815062    -0.0054299952     0.0036296262    9.1093825e-31   -1.6021766e-19    -9.156439e-20    6.3205724e-19             3866                1
    0.00040093315    9.2227594e-05    -0.0037510088     0.0020020651     -0.001628254    0.00098003459    9.1093825e-31   -1.6021766e-19    -9.156439e-20    6.3205724e-19             3867                1
     0.0004200761    9.3085968e-05    -0.0037615285     0.0080449637    -0.0013569535    -0.0023405217    9.1093825e-31   -1.6021766e-19    -9.156439e-20    6.3205724e-19             3868                1
    -0.0035063124     9.051543e-05    -0.0099602379     -0.001577694    -0.0032399578    -0.0016138363    9.1093825e-31   -1.6021766e-19    -9.156439e-20    6.3205724e-19             3869                1
    -0.0010361822    8.7532004e-05    -0.0058798403   -0.00060391583    -0.0049393671   -0.00049260212    9.1093825e-31   -1.6021766e-19    -9.156439e-20    6.3205724e-19             3891                1
     -0.001037002    9.3277464e-05    -0.0058777584    -0.0009491815     -0.002521219    0.00038418407    9.1093825e-31   -1.6021766e-19    -9.156439e-20    6.3205724e-19             3892                1
     0.0018115455    1.2256935e-05      0.012100122     0.0023975393     0.0050668144     0.0011372855    9.1093825e-31   -1.6021766e-19    -9.156439e-20    6.3205724e-19             3893                1
    0.00026948834    9.0460606e-05    -0.0087863486     0.0077455505    -0.0044882353   -0.00017752066    9.1093825e-31   -1.6021766e-19    -9.156439e-20    6.3205724e-19             3898                1
   -0.00066242844    8.3512488e-05    -0.0079654586    0.00041560965    -0.0075701997     0.0053167087    9.1093825e-31   -1.6021766e-19    -9.156439e-20    6.3205724e-19             3899                1
     0.0016808889    8.2603428e-06      0.012138536    -0.0024477812      0.004339735     0.0018584338    9.1093825e-31   -1.6021766e-19    -9.156439e-20    6.3205724e-19             3909                1
     0.0014422286    9.2240836e-05     -0.003377435    -0.0024198613    -0.0042131725     0.0016378822    9.1093825e-31   -1.6021766e-19    -9.156439e-20    6.3205724e-19             3916                1
   -0.00071270327    9.5803232e-05    -0.0081115635    -0.0024571447    -0.0085024349    -0.0005617963    9.1093825e-31   -1.6021766e-19    -9.156439e-20    6.3205724e-19             3947                1
     0.0036096312    1.0849627e-06     0.0091008022     4.200645e-05     0.0054966067    -0.0017194044    9.1093825e-31   -1.6021766e-19    -9.156439e-20    6.3205724e-19             3955                1
     0.0015503893    7.0414751e-07     0.0072623407    -0.0027718472     0.0035848781     0.0017232657    9.1093825e-31   -1.6021766e-19    -9.156439e-20    6.3205724e-19             3956                1
   -0.00068735552    9.9454162e-05    -0.0078857169    -0.0010363876    -0.0055136047    0.00015143085    9.1093825e-31   -1.6021766e-19    -9.156439e-20    6.3205724e-19             3958                1
