%  ASCII export : 
%
%  Momentum is normalized to the product of particle's mass and speed of light.
%  All other quantities are in SI units.
%
%            posX             posY             posZ             momX             momY             momZ             mass           charge     macro-charge             time       particleID         sourceID

      0.058675058       0.10116136     -0.019971119    -0.0023854296    -0.0079230899     0.0088648302    9.1093825e-31   -1.6021766e-19   -4.1106212e-15    5.3192031e-18             1522                1
      0.057989288      0.015680179      -0.10194249      0.013069064     0.0019809564     -0.017832113    9.1093825e-31   -1.6021766e-19   -4.1106212e-15    5.3192031e-18             1501                1
      0.059291717      0.098299235      0.031303916    -0.0060672034    -0.0093971658     0.0027051419    9.1093825e-31   -1.6021766e-19   -4.1106212e-15    5.3192031e-18             1518                1
      0.058629937       0.10102143     -0.020989005     0.0043842671    -0.0081807217     0.0066698785    9.1093825e-31   -1.6021766e-19   -4.1106212e-15    5.3192031e-18             1546                1
      0.058710322      0.093131438     -0.044311993   -0.00088089734    -0.0069166287    8.1735678e-05    9.1093825e-31   -1.6021766e-19   -4.1106212e-15    5.3192031e-18             1511                1
      0.059081171       0.10114641     -0.020421674    0.00098859507    -0.0039475746     0.0021718682    9.1093825e-31   -1.6021766e-19   -4.1106212e-15    5.3192031e-18             1540                1
      0.058798615       -0.1011932     -0.020099033   -0.00092367938     0.0067441054       0.00295567    9.1093825e-31   -1.6021766e-19   -4.1106212e-15    5.3192031e-18             1525                1
      0.059224196       0.10116364     -0.019907739     0.0013071562      -0.01058121     0.0026351302    9.1093825e-31   -1.6021766e-19   -4.1106212e-15    5.3192031e-18             1526                1
      0.058515333        0.1029291    -0.0063012945    -0.0018367848     -0.011272436   -0.00031537158    9.1093825e-31   -1.6021766e-19   -4.1106212e-15    5.3192031e-18             1533                1
      0.058401007      -0.10115634     -0.020778619     0.0030910331     0.0020529029   -0.00060310605    9.1093825e-31   -1.6021766e-19   -4.1106212e-15    5.3192031e-18             1547                1
      0.058665656      0.093194798      -0.04420254    -0.0023714597    -0.0051527303     0.0044183321    9.1093825e-31   -1.6021766e-19   -4.1106212e-15    5.3192031e-18             1512                1
      0.057533611      0.017267874      -0.10159545     0.0045342883     0.0017415585     -0.016723786    9.1093825e-31   -1.6021766e-19   -4.1106212e-15    5.3192031e-18             1499                1
      0.059166513      0.097502224      0.033720337    0.00092138554    -0.0051549342    -0.0029511864    9.1093825e-31   -1.6021766e-19   -4.1106212e-15    5.3192031e-18             1531                1
      0.058862127      0.076419897      0.069162145    0.00086542958    -0.0071162744    -0.0067543089    9.1093825e-31   -1.6021766e-19   -4.1106212e-15    5.3192031e-18             1514                1
       0.05918115     -0.088058941     -0.053761907     0.0011417661     0.0095748529     0.0016787627    9.1093825e-31   -1.6021766e-19   -4.1106212e-15    5.3192031e-18             1534                1
      0.059064906      0.075596601      0.070131615     0.0037620692    -0.0055476129    -0.0044489596    9.1093825e-31   -1.6021766e-19   -4.1106212e-15    5.3192031e-18             1523                1
       0.05854056        0.1029879    -0.0062393174   -0.00033929685    -0.0055373148     0.0053828075    9.1093825e-31   -1.6021766e-19   -4.1106212e-15    5.3192031e-18             1532                1
      0.058972862        0.1010775     -0.020337069    -0.0017549625    -0.0087309768    0.00071035512    9.1093825e-31   -1.6021766e-19   -4.1106212e-15    5.3192031e-18             1519                1
      0.058733813       0.10113593      -0.02008155     0.0012076858    -0.0084855324     0.0015773481    9.1093825e-31   -1.6021766e-19   -4.1106212e-15    5.3192031e-18             1521                1
      0.058782756       0.10111637     -0.020291165    0.00080224016    -0.0069108168   -5.3500997e-05    9.1093825e-31   -1.6021766e-19   -4.1106212e-15    5.3192031e-18             1520                1
      0.058879133      0.093115792     -0.044287819     -0.001883614    -0.0077539715     0.0049918876    9.1093825e-31   -1.6021766e-19   -4.1106212e-15    5.3192031e-18             1513                1
      0.058813702     -0.098288871      0.031206271    -0.0017830816     0.0082090134    -0.0056644497    9.1093825e-31   -1.6021766e-19   -4.1106212e-15    5.3192031e-18             1527                1
      0.058246356      0.075603172      0.070228927   -0.00053910119    -0.0044047683    -0.0033661346    9.1093825e-31   -1.6021766e-19   -4.1106212e-15    5.3192031e-18             1535                1
       0.05906317     -0.020454047       -0.1010343    -0.0008270939     0.0050525363     0.0096332626    9.1093825e-31   -1.6021766e-19   -4.1106212e-15    5.3192031e-18             1516                1
      0.058688793      0.013793887      -0.10223448     0.0017265787    -0.0015895962     0.0098524978    9.1093825e-31   -1.6021766e-19   -4.1106212e-15    5.3192031e-18             1541                1
      0.058776177       0.09337467     -0.043970041    -0.0004078529    -0.0061241905     0.0026564382    9.1093825e-31   -1.6021766e-19   -4.1106212e-15    5.3192031e-18             1539                1
      0.058989882      0.014252742      -0.10216096     -0.001358408    0.00090511842     0.0087647131    9.1093825e-31   -1.6021766e-19   -4.1106212e-15    5.3192031e-18             1528                1
      0.058262706      0.097374424      0.034060337      -0.00510721     -0.004967107    -0.0037291094    9.1093825e-31   -1.6021766e-19   -4.1106212e-15    5.3192031e-18             1515                1
      0.058565754     -0.080046155      0.065142557     0.0015475699     0.0054982845    0.00048302178    9.1093825e-31   -1.6021766e-19   -4.1106212e-15    5.3192031e-18             1517                1
      0.058886562      0.097534634      0.033707339   -0.00057194335    -0.0056139571   -0.00034097186    9.1093825e-31   -1.6021766e-19   -4.1106212e-15    5.3192031e-18             1542                1
      0.058503192      0.093247697     -0.044204663    -0.0083249891     -0.010184118     0.0016422544    9.1093825e-31   -1.6021766e-19   -4.1106212e-15    5.3192031e-18             1537                1
       0.05862679      0.098474845      0.030960295    -0.0021573077    -0.0073616267    2.9274428e-05    9.1093825e-31   -1.6021766e-19   -4.1106212e-15    5.3192031e-18             1543                1
      0.058363844      0.093332775     -0.043955375    -0.0015577864    -0.0091979243    -0.0013594456    9.1093825e-31   -1.6021766e-19   -4.1106212e-15    5.3192031e-18             1524                1
      0.058550198        0.1007833     -0.022045232    -0.0018617378    -0.0070597264      0.005378874    9.1093825e-31   -1.6021766e-19   -4.1106212e-15    5.3192031e-18             1538                1
      0.058557052      0.075050265      0.070751607    -0.0001393487    -0.0061358185    -0.0051411013    9.1093825e-31   -1.6021766e-19   -4.1106212e-15    5.3192031e-18             1529                1
      0.058697816      0.097402357      0.034089349    -0.0041698683     -0.005626156    -0.0020641503    9.1093825e-31   -1.6021766e-19   -4.1106212e-15    5.3192031e-18             1544                1
      0.058326762       0.10125207     -0.019960696     0.0014247231    -0.0039884462   -0.00028407088    9.1093825e-31   -1.6021766e-19   -4.1106212e-15    5.3192031e-18             1530                1
      0.058902811      0.094815895      -0.04069085    0.00013167923    -0.0056708879      0.002615208    9.1093825e-31   -1.6021766e-19   -4.1106212e-15    5.3192031e-18             1536                1
      0.058397748      0.093171969     -0.044451542     -0.001145084    -0.0070092385     0.0073109013    9.1093825e-31   -1.6021766e-19   -4.1106212e-15    5.3192031e-18             1545                1
      0.057887111        0.0927587     -0.045409631     0.0028963052    -0.0041931737    -0.0054741688    9.1093825e-31   -1.6021766e-19   -4.1106212e-15    5.3192031e-18             1548                1
