%  ASCII export : 
%
%  Momentum is normalized to the product of particle's mass and speed of light.
%  All other quantities are in SI units.
%
%            posX             posY             posZ             momX             momY             momZ             mass           charge     macro-charge             time       particleID         sourceID

      0.056789324      -0.10124194     -0.020183804    -0.0069635413     -0.036193486    -0.0046839477    9.1093825e-31   -1.6021766e-19   -4.1106212e-15    4.8910048e-18             1465                1
      0.057007827      -0.02029846      -0.10103795     -0.012730952    -0.0067642126     -0.045039117    9.1093825e-31   -1.6021766e-19   -4.1106212e-15    4.8910048e-18             1460                1
      0.057660118       0.10070231     -0.021963825      -0.01189645     0.0093895216    -0.0059674773    9.1093825e-31   -1.6021766e-19   -4.1106212e-15    4.8910048e-18             1453                1
      0.056522649       0.10117368     -0.020476056     -0.010563976      0.040243052     -0.008474391    9.1093825e-31   -1.6021766e-19   -4.1106212e-15    4.8910048e-18             1462                1
      0.057013087      0.075633325        0.0699609     -0.013322085      0.029341877      0.024734439    9.1093825e-31   -1.6021766e-19   -4.1106212e-15    4.8910048e-18             1461                1
      0.057074048       0.10289451    -0.0061483239     -0.016949445      0.056383956     0.0055387826    9.1093825e-31   -1.6021766e-19   -4.1106212e-15    4.8910048e-18             1454                1
      0.056730751       0.10126697     -0.019966051     0.0040401928    -0.0060592783     0.0014504141    9.1093825e-31   -1.6021766e-19   -4.1106212e-15    4.8910048e-18             1482                1
      0.056625392      0.093172684     -0.044479962    -0.0094517954       0.03241555     -0.018150793    9.1093825e-31   -1.6021766e-19   -4.1106212e-15    4.8910048e-18             1467                1
      0.056935415      0.075296335       0.07048849      -0.01548369      0.030343296      0.028950648    9.1093825e-31   -1.6021766e-19   -4.1106212e-15    4.8910048e-18             1444                1
      0.056228045       0.09288051     -0.045099381    -0.0034229422    -0.0043768026    0.00072192861    9.1093825e-31   -1.6021766e-19   -4.1106212e-15    4.8910048e-18             1483                1
      0.057211179       0.10091858      -0.02005983     -0.012494484      0.040798388    -0.0061327778    9.1093825e-31   -1.6021766e-19   -4.1106212e-15    4.8910048e-18             1455                1
      0.056336775      0.093107693     -0.044182088    -0.0084106158      0.053098757     -0.028564176    9.1093825e-31   -1.6021766e-19   -4.1106212e-15    4.8910048e-18             1450                1
      0.056571886       0.10104927      -0.02049063     -0.011017279      0.050802432    -0.0083686495    9.1093825e-31   -1.6021766e-19   -4.1106212e-15    4.8910048e-18             1441                1
      0.056887116      0.097733468      0.033211984    -0.0017009618    -0.0052383994      0.006702695    9.1093825e-31   -1.6021766e-19   -4.1106212e-15    4.8910048e-18             1476                1
      0.057185847       0.10102272     -0.020344254     -0.013815641      0.031286132    -0.0021906139    9.1093825e-31   -1.6021766e-19   -4.1106212e-15    4.8910048e-18             1464                1
      0.056664392      0.094812959      -0.04070244    -0.0066143568      0.034880314     -0.017633663    9.1093825e-31   -1.6021766e-19   -4.1106212e-15    4.8910048e-18             1469                1
      0.056657385      0.015997961      -0.10190105     -0.013926354     0.0052304277     -0.035436701    9.1093825e-31   -1.6021766e-19   -4.1106212e-15    4.8910048e-18             1471                1
      0.057000428       0.10092147     -0.021204028     -0.015947623      0.012654766    -0.0065296697    9.1093825e-31   -1.6021766e-19   -4.1106212e-15    4.8910048e-18             1472                1
      0.056619894     -0.088329308     -0.053380549    -0.0095654428     -0.040428493     -0.024994835    9.1093825e-31   -1.6021766e-19   -4.1106212e-15    4.8910048e-18             1443                1
      0.056699328      0.014221402      -0.10214794    -0.0071513006     0.0042264047     -0.042844374    9.1093825e-31   -1.6021766e-19   -4.1106212e-15    4.8910048e-18             1451                1
      0.057186957      0.017423548      -0.10171418    -0.0093621118      0.012780849     -0.017252242    9.1093825e-31   -1.6021766e-19   -4.1106212e-15    4.8910048e-18             1470                1
      0.056992535      0.076406859       0.06933555     -0.014994589      0.029604521       0.01761242    9.1093825e-31   -1.6021766e-19   -4.1106212e-15    4.8910048e-18             1445                1
      0.056469776      0.014522763      -0.10218422     -0.012261329     0.0067437077     -0.048807055    9.1093825e-31   -1.6021766e-19   -4.1106212e-15    4.8910048e-18             1446                1
      0.056410611      0.098325662      0.031426627     0.0059533389    -0.0055214423    -0.0022625602    9.1093825e-31   -1.6021766e-19   -4.1106212e-15    4.8910048e-18             1475                1
      0.056137912      0.097599253      0.033488162   -0.00047489075    -0.0053044381    -0.0017005018    9.1093825e-31   -1.6021766e-19   -4.1106212e-15    4.8910048e-18             1477                1
      0.055858485       0.09827517      0.031434063    -0.0032909575    -0.0041970299    -0.0044417153    9.1093825e-31   -1.6021766e-19   -4.1106212e-15    4.8910048e-18             1474                1
      0.056513429      0.097503625       0.03352429    0.00041891669    -0.0073743216    -0.0022243359    9.1093825e-31   -1.6021766e-19   -4.1106212e-15    4.8910048e-18             1473                1
      0.057191305     -0.080194212      0.065039225   -0.00037547702      0.003131696    -0.0016242121    9.1093825e-31   -1.6021766e-19   -4.1106212e-15    4.8910048e-18             1480                1
      0.057125986      0.093001924     -0.044199362     -0.013554058      0.038906712     -0.017117439    9.1093825e-31   -1.6021766e-19   -4.1106212e-15    4.8910048e-18             1466                1
      0.056124091      0.097590767      0.033512451    -0.0025690906    -0.0063019698     0.0018118576    9.1093825e-31   -1.6021766e-19   -4.1106212e-15    4.8910048e-18             1478                1
      0.057009153      0.093313441     -0.044101071    -0.0035498568    -0.0097315963     0.0060567991    9.1093825e-31   -1.6021766e-19   -4.1106212e-15    4.8910048e-18             1479                1
      0.056484818      0.093082882     -0.044716559   -0.00024186405     -0.005162348     0.0027639754    9.1093825e-31   -1.6021766e-19   -4.1106212e-15    4.8910048e-18             1485                1
      0.056292728      -0.09827178       0.03149984   -0.00043618563     0.0055081532    -0.0028090309    9.1093825e-31   -1.6021766e-19   -4.1106212e-15    4.8910048e-18             1481                1
      0.056423314     -0.088634834     -0.052903388      0.001155554     0.0048332261     0.0083337473    9.1093825e-31   -1.6021766e-19   -4.1106212e-15    4.8910048e-18             1484                1
      0.056426857      -0.10111549     -0.020977415    -0.0031139208     0.0077848989      0.001853314    9.1093825e-31   -1.6021766e-19   -4.1106212e-15    4.8910048e-18             1486                1
