%  ASCII export : 
%
%  Momentum is normalized to the product of particle's mass and speed of light.
%  All other quantities are in SI units.
%
%            posX             posY             posZ             momX             momY             momZ             mass           charge     macro-charge             time       particleID         sourceID

      0.057851329      0.016692197      -0.10139283     -0.020110099     0.0012508184    -0.0019430628    9.1093825e-31   -1.6021766e-19   -4.1106212e-15    7.1433845e-18             1719                1
      0.057515498       0.10030341      -0.02125508     -0.031881604      0.013422052    -0.0010615042    9.1093825e-31   -1.6021766e-19   -4.1106212e-15    7.1433845e-18             1704                1
      0.057169076        0.0938062     -0.040063515      -0.05017003      0.020420613    -0.0059945402    9.1093825e-31   -1.6021766e-19   -4.1106212e-15    7.1433845e-18             1713                1
      0.056876548      0.096883267      0.031104626     -0.069360986      0.026741479      0.020353504    9.1093825e-31   -1.6021766e-19   -4.1106212e-15    7.1433845e-18             1720                1
      0.056598242     -0.097675808       0.03177451     -0.039743699     -0.019841185      0.015269301    9.1093825e-31   -1.6021766e-19   -4.1106212e-15    7.1433845e-18             1715                1
      0.057431158      -0.10057353     -0.021240877     -0.029973798    -0.0091006747    -0.0032784725    9.1093825e-31   -1.6021766e-19   -4.1106212e-15    7.1433845e-18             1702                1
       0.05751751      -0.10029753     -0.020533238     -0.039303772     -0.017276505      0.003327434    9.1093825e-31   -1.6021766e-19   -4.1106212e-15    7.1433845e-18             1703                1
      0.057467952      0.095918335      0.033783153     -0.067058086      0.025772942     0.0036992067    9.1093825e-31   -1.6021766e-19   -4.1106212e-15    7.1433845e-18             1689                1
      0.057565548      0.099857695     -0.019481491     -0.058820277       0.01775117     0.0013326809    9.1093825e-31   -1.6021766e-19   -4.1106212e-15    7.1433845e-18             1699                1
      0.057460409      0.090947181     -0.045829829     -0.055976145      0.020600451    -0.0068247821    9.1093825e-31   -1.6021766e-19   -4.1106212e-15    7.1433845e-18             1681                1
      0.057604522       0.10206397    -0.0052001369     -0.042296138      0.013349646    0.00060336618    9.1093825e-31   -1.6021766e-19   -4.1106212e-15    7.1433845e-18             1716                1
      0.057542153      0.092741407     -0.043792251     -0.034606252      0.013930946    -0.0059160008    9.1093825e-31   -1.6021766e-19   -4.1106212e-15    7.1433845e-18             1700                1
      0.057796989      -0.10021366      -0.02069431     -0.039128389     -0.011909381    -0.0034740306    9.1093825e-31   -1.6021766e-19   -4.1106212e-15    7.1433845e-18             1691                1
      0.057651389       0.10044684     -0.021277586     -0.027129861      0.007401689   -0.00030428555    9.1093825e-31   -1.6021766e-19   -4.1106212e-15    7.1433845e-18             1705                1
      0.057668053      0.075221851      0.070270255     -0.024089504     0.0029348773     0.0060099298    9.1093825e-31   -1.6021766e-19   -4.1106212e-15    7.1433845e-18             1693                1
      0.057945434      0.092728205     -0.043705616     -0.039521273      0.012224745    -0.0033812458    9.1093825e-31   -1.6021766e-19   -4.1106212e-15    7.1433845e-18             1684                1
       0.05736297     -0.019379912     -0.099983819     -0.061162941    -0.0047576069      -0.02113892    9.1093825e-31   -1.6021766e-19   -4.1106212e-15    7.1433845e-18             1701                1
      0.057405014       0.10029841     -0.020574868     -0.036161665      0.016182553    -0.0027548587    9.1093825e-31   -1.6021766e-19   -4.1106212e-15    7.1433845e-18             1688                1
      0.056960247      0.099299952     -0.019232707     -0.083336174      0.032685649    -0.0071511338    9.1093825e-31   -1.6021766e-19   -4.1106212e-15    7.1433845e-18             1683                1
      0.057250433      0.093019702     -0.043630086     -0.037445404      0.021048618     -0.007136472    9.1093825e-31   -1.6021766e-19   -4.1106212e-15    7.1433845e-18             1690                1
      0.057400223      -0.10069924     -0.020453475     -0.032657921     -0.013301672    -0.0011564724    9.1093825e-31   -1.6021766e-19   -4.1106212e-15    7.1433845e-18             1692                1
      0.056893989      0.017701976      -0.10112625     -0.040289357     0.0042067501     -0.028342487    9.1093825e-31   -1.6021766e-19   -4.1106212e-15    7.1433845e-18             1709                1
      0.056973968      0.097156644      0.030152474     -0.067771211       0.02801875     0.0095657837    9.1093825e-31   -1.6021766e-19   -4.1106212e-15    7.1433845e-18             1708                1
      0.057040181        0.1000786     -0.019905057     -0.048116606      0.022796094    -0.0043621715    9.1093825e-31   -1.6021766e-19   -4.1106212e-15    7.1433845e-18             1694                1
      0.057630058      0.099967815     -0.019636093     -0.054180358       0.01492298    -0.0046644802    9.1093825e-31   -1.6021766e-19   -4.1106212e-15    7.1433845e-18             1696                1
      0.057315357      0.014011827      -0.10111641     -0.049844313     0.0037872316     -0.019778004    9.1093825e-31   -1.6021766e-19   -4.1106212e-15    7.1433845e-18             1695                1
      0.057479098       0.10008246     -0.019350655     -0.054139759         0.016692     -0.003767489    9.1093825e-31   -1.6021766e-19   -4.1106212e-15    7.1433845e-18             1725                1
      0.057393234      0.013749412      -0.10088493     -0.059853081     0.0056848973     -0.020390561    9.1093825e-31   -1.6021766e-19   -4.1106212e-15    7.1433845e-18             1697                1
      0.057700597       0.10021195     -0.019574184     -0.051239356      0.015218771    -0.0017389596    9.1093825e-31   -1.6021766e-19   -4.1106212e-15    7.1433845e-18             1706                1
         0.057799      -0.10074136     -0.020834802     -0.023012791    -0.0027865968    0.00031331903    9.1093825e-31   -1.6021766e-19   -4.1106212e-15    7.1433845e-18             1718                1
      0.057352096      0.091068417     -0.045999285      -0.05127788      0.020869002    -0.0077768643    9.1093825e-31   -1.6021766e-19   -4.1106212e-15    7.1433845e-18             1682                1
      0.057065893      0.074916959      0.069953784     -0.038779967       0.01737302      0.015333535    9.1093825e-31   -1.6021766e-19   -4.1106212e-15    7.1433845e-18             1711                1
      0.057125594     -0.087955266     -0.052617215     -0.043873638     -0.023698416     -0.012343001    9.1093825e-31   -1.6021766e-19   -4.1106212e-15    7.1433845e-18             1680                1
        0.0572652       0.10056228     -0.019052217     -0.046803571      0.022178056     -0.006511589    9.1093825e-31   -1.6021766e-19   -4.1106212e-15    7.1433845e-18             1686                1
      0.057221785      -0.10012446     -0.019300649      -0.05820049      -0.02347092    -0.0047001727    9.1093825e-31   -1.6021766e-19   -4.1106212e-15    7.1433845e-18             1710                1
      0.057803094      0.099925317     -0.019550767     -0.059019562      0.014733848    0.00019642311    9.1093825e-31   -1.6021766e-19   -4.1106212e-15    7.1433845e-18             1712                1
      0.057525605       0.09618973       0.03329223     -0.060714655      0.019233545     0.0070718387    9.1093825e-31   -1.6021766e-19   -4.1106212e-15    7.1433845e-18             1687                1
      0.057072598      0.074570261      0.070831262     -0.022894109     0.0082934946     0.0068848925    9.1093825e-31   -1.6021766e-19   -4.1106212e-15    7.1433845e-18             1721                1
      0.057401035      0.092903897     -0.043401275     -0.035875157        0.0145716     -0.008459501    9.1093825e-31   -1.6021766e-19   -4.1106212e-15    7.1433845e-18             1714                1
      0.057239719      0.092444777     -0.043716662     -0.047284272      0.018763524     -0.012431024    9.1093825e-31   -1.6021766e-19   -4.1106212e-15    7.1433845e-18             1685                1
      0.056909122      0.099970929     -0.019839033       -0.0525419      0.024299933    -0.0071517723    9.1093825e-31   -1.6021766e-19   -4.1106212e-15    7.1433845e-18             1707                1
       0.05715505      0.073780611      0.071526997     -0.028350612     0.0058787861      0.012834957    9.1093825e-31   -1.6021766e-19   -4.1106212e-15    7.1433845e-18             1724                1
      0.056660663      0.092792511     -0.044105835     -0.032763004      0.022726173     -0.010348505    9.1093825e-31   -1.6021766e-19   -4.1106212e-15    7.1433845e-18             1717                1
      0.057469752       0.09668953       0.03426066     -0.038161311       0.01540121     0.0050245351    9.1093825e-31   -1.6021766e-19   -4.1106212e-15    7.1433845e-18             1698                1
      0.057772748      0.075703137      0.068261504      -0.05147614     0.0065174899     0.0091281869    9.1093825e-31   -1.6021766e-19   -4.1106212e-15    7.1433845e-18             1722                1
      0.056833632     -0.079849049      0.065072499     -0.024300791     -0.018550951      0.013509508    9.1093825e-31   -1.6021766e-19   -4.1106212e-15    7.1433845e-18             1723                1
      0.057285357      0.092893295     -0.044762477     -0.018256269     0.0040340568    -0.0077941534    9.1093825e-31   -1.6021766e-19   -4.1106212e-15    7.1433845e-18             1726                1
