%  ASCII export : 
%
%  Momentum is normalized to the product of particle's mass and speed of light.
%  All other quantities are in SI units.
%
%            posX             posY             posZ             momX             momY             momZ             mass           charge     macro-charge             time       particleID         sourceID

      0.057687599       -0.1004828     -0.020132072     -0.033179272   -6.1046114e-05     0.0031642406    9.1093825e-31   -1.6021766e-19   -4.1106212e-15    4.7752756e-18             1465                1
      0.058228329     -0.020222876      -0.10020619     -0.041345123     0.0038728947     0.0053455802    9.1093825e-31   -1.6021766e-19   -4.1106212e-15    4.7752756e-18             1460                1
      0.058175791       0.10061005     -0.021839455     -0.013833724     -0.004205551    -0.0012675131    9.1093825e-31   -1.6021766e-19   -4.1106212e-15    4.7752756e-18             1453                1
      0.057534564       0.10028898     -0.020309335     -0.037760064     0.0011720075    0.00050926395    9.1093825e-31   -1.6021766e-19   -4.1106212e-15    4.7752756e-18             1462                1
      0.058076881      0.075107239      0.069494344     -0.035271872    -0.0041324631    -0.0029789468    9.1093825e-31   -1.6021766e-19   -4.1106212e-15    4.7752756e-18             1461                1
      0.058595505       0.10188486    -0.0064011067     -0.051020671    -0.0080660842     0.0095998244    9.1093825e-31   -1.6021766e-19   -4.1106212e-15    4.7752756e-18             1454                1
      0.057569209     -0.087690383     -0.052461531     -0.048103787    -0.0029996152     0.0016800794    9.1093825e-31   -1.6021766e-19   -4.1106212e-15    4.7752756e-18             1463                1
      0.057359643     -0.097431943       0.03120772     -0.042573504    -0.0040401192     0.0011440539    9.1093825e-31   -1.6021766e-19   -4.1106212e-15    4.7752756e-18             1452                1
       0.05808283      0.074670322      0.069937699     -0.039633177   -0.00093913299    -0.0033192411    9.1093825e-31   -1.6021766e-19   -4.1106212e-15    4.7752756e-18             1444                1
      0.057661813       0.10048728     -0.019772505     -0.039396193    0.00069179817    -0.0014414686    9.1093825e-31   -1.6021766e-19   -4.1106212e-15    4.7752756e-18             1442                1
      0.058368798       0.10025827     -0.019999851     -0.036315221    -0.0084476238     0.0037765913    9.1093825e-31   -1.6021766e-19   -4.1106212e-15    4.7752756e-18             1455                1
      0.057785913      0.092063054     -0.043575626     -0.053411126    -0.0048372434   -0.00088792754    9.1093825e-31   -1.6021766e-19   -4.1106212e-15    4.7752756e-18             1450                1
      0.057820924      0.099979423      -0.02035615     -0.046287298   -0.00088617945     0.0026881862    9.1093825e-31   -1.6021766e-19   -4.1106212e-15    4.7752756e-18             1441                1
      0.057013411      0.096731223      0.033278551     -0.043374341     0.0097930524     0.0012101477    9.1093825e-31   -1.6021766e-19   -4.1106212e-15    4.7752756e-18             1438                1
      0.058126483       0.10046284      -0.02039665     -0.029674374    -0.0033656862     0.0059938347    9.1093825e-31   -1.6021766e-19   -4.1106212e-15    4.7752756e-18             1464                1
       0.05759532      0.094088659     -0.040306598      -0.03500703    -0.0018791448    -0.0016209696    9.1093825e-31   -1.6021766e-19   -4.1106212e-15    4.7752756e-18             1469                1
        0.0576143      0.015914172      -0.10113852     -0.033724759    -0.0014078447    0.00073217141    9.1093825e-31   -1.6021766e-19   -4.1106212e-15    4.7752756e-18             1471                1
      0.056889717      0.097266257      0.033504341     -0.030050643      0.012698011     0.0022496805    9.1093825e-31   -1.6021766e-19   -4.1106212e-15    4.7752756e-18             1456                1
      0.057772435     -0.087458238     -0.052886806     -0.043150898   -5.9703409e-05     0.0015586844    9.1093825e-31   -1.6021766e-19   -4.1106212e-15    4.7752756e-18             1443                1
      0.057743568      0.014165203      -0.10126449      -0.03844903    -0.0022171466     0.0011983581    9.1093825e-31   -1.6021766e-19   -4.1106212e-15    4.7752756e-18             1451                1
      0.057787854      0.017049637      -0.10142396     -0.019238776     0.0083400328     0.0031903216    9.1093825e-31   -1.6021766e-19   -4.1106212e-15    4.7752756e-18             1470                1
      0.057972949      0.075745381      0.069081187     -0.032696515     0.0038571788    -0.0080409991    9.1093825e-31   -1.6021766e-19   -4.1106212e-15    4.7752756e-18             1445                1
      0.057674512      0.014396127      -0.10112459     -0.045100097     -0.000839816   -0.00039104119    9.1093825e-31   -1.6021766e-19   -4.1106212e-15    4.7752756e-18             1446                1
      0.057384163      0.097374171      0.033191465     -0.022115314     0.0061560087    -0.0032725276    9.1093825e-31   -1.6021766e-19   -4.1106212e-15    4.7752756e-18             1457                1
      0.057959218     -0.079874441      0.064530119     -0.031658262     0.0039474051     0.0049662231    9.1093825e-31   -1.6021766e-19   -4.1106212e-15    4.7752756e-18             1458                1
      0.057143237      0.097850986      0.031238284     -0.035843931     0.0070145447     0.0024427278    9.1093825e-31   -1.6021766e-19   -4.1106212e-15    4.7752756e-18             1439                1
      0.056614757      0.097873062       0.03129974      -0.03964749      0.011555791      0.004588332    9.1093825e-31   -1.6021766e-19   -4.1106212e-15    4.7752756e-18             1440                1
      0.057286944      0.091912143     -0.044794489     -0.044990741     0.0061007491     0.0027342488    9.1093825e-31   -1.6021766e-19   -4.1106212e-15    4.7752756e-18             1447                1
      0.058317021      0.092335299     -0.043948207     -0.038232651     -0.006715178      0.005281291    9.1093825e-31   -1.6021766e-19   -4.1106212e-15    4.7752756e-18             1466                1
      0.057716168      0.092874199     -0.043959986     -0.028351262     0.0024058423    0.00082671607    9.1093825e-31   -1.6021766e-19   -4.1106212e-15    4.7752756e-18             1448                1
      0.057128716      0.096484356      0.033261772     -0.053693932     0.0088531505    -0.0053025228    9.1093825e-31   -1.6021766e-19   -4.1106212e-15    4.7752756e-18             1449                1
      0.057494819      -0.10049932     -0.020901702     -0.034373295    -0.0020309954     0.0029961721    9.1093825e-31   -1.6021766e-19   -4.1106212e-15    4.7752756e-18             1459                1
      0.057553481      0.092473902      -0.04410439     -0.034231868    5.8599908e-05   -0.00024860573    9.1093825e-31   -1.6021766e-19   -4.1106212e-15    4.7752756e-18             1467                1
      0.057359938      0.092496216      -0.04429011     -0.033963073     0.0013987182    -0.0035149532    9.1093825e-31   -1.6021766e-19   -4.1106212e-15    4.7752756e-18             1468                1
      0.057677645       0.10070025     -0.021080559     -0.019544052    -0.0014630758   -0.00034248777    9.1093825e-31   -1.6021766e-19   -4.1106212e-15    4.7752756e-18             1472                1
