%  ASCII export : 
%
%  Momentum is normalized to the product of particle's mass and speed of light.
%  All other quantities are in SI units.
%
%            posX             posY             posZ             momX             momY             momZ             mass           charge     macro-charge             time       particleID         sourceID

      0.058415081      0.076389663      0.069212884    -0.0057475036     -0.005852954    -0.0051638992    9.1093825e-31   -1.6021766e-19   -4.1106212e-15    7.7249239e-18             1808                1
      0.058669213      0.092952304      -0.04401714    -0.0031338492     -0.013142761     0.0063987221    9.1093825e-31   -1.6021766e-19   -4.1106212e-15    7.7249239e-18             1781                1
       0.05859625      0.093154974     -0.044127777    -0.0091708079     -0.010598379     0.0038243339    9.1093825e-31   -1.6021766e-19   -4.1106212e-15    7.7249239e-18             1825                1
      0.058844883       0.09709736      0.033921499    -0.0080370521     -0.016407881    -0.0049333381    9.1093825e-31   -1.6021766e-19   -4.1106212e-15    7.7249239e-18             1788                1
      0.058407441      -0.10092013     -0.021525342    -0.0030074925     0.0053931912     -0.003471511    9.1093825e-31   -1.6021766e-19   -4.1106212e-15    7.7249239e-18             1824                1
      0.058777686       0.10082893     -0.020742184    -0.0072464896     -0.011352099     0.0015804681    9.1093825e-31   -1.6021766e-19   -4.1106212e-15    7.7249239e-18             1794                1
       0.05812617     -0.098140627      0.031067559    -0.0077999332      0.011570568    -0.0037432772    9.1093825e-31   -1.6021766e-19   -4.1106212e-15    7.7249239e-18             1810                1
      0.058923431      0.097012319      0.034833632    -0.0084298393    -0.0049541271    -0.0055582826    9.1093825e-31   -1.6021766e-19   -4.1106212e-15    7.7249239e-18             1798                1
      0.058808368      -0.07956247      0.065542541    -0.0031611389     0.0087255407    -0.0067803445    9.1093825e-31   -1.6021766e-19   -4.1106212e-15    7.7249239e-18             1811                1
      0.058714524      0.093456462     -0.043013159    -0.0024140186      -0.01270207     0.0042023044    9.1093825e-31   -1.6021766e-19   -4.1106212e-15    7.7249239e-18             1787                1
      0.058400333       0.10089952     -0.021273714    -0.0065849642    -0.0046105492     0.0048471242    9.1093825e-31   -1.6021766e-19   -4.1106212e-15    7.7249239e-18             1820                1
      0.058270026       0.07507024      0.070244588    -0.0078999419     -0.010925801    -0.0073691406    9.1093825e-31   -1.6021766e-19   -4.1106212e-15    7.7249239e-18             1778                1
      0.058746591      0.093172245     -0.043932773    -0.0089318408     -0.012509979      0.004691802    9.1093825e-31   -1.6021766e-19   -4.1106212e-15    7.7249239e-18             1783                1
      0.059124518         0.101244     -0.019002877    -0.0031063694     -0.010489315     0.0093302671    9.1093825e-31   -1.6021766e-19   -4.1106212e-15    7.7249239e-18             1790                1
      0.059111208     -0.088020593     -0.052976288    -0.0067170244      0.017650709      0.011499065    9.1093825e-31   -1.6021766e-19   -4.1106212e-15    7.7249239e-18             1786                1
      0.058614448       0.10124405     -0.018581791    -0.0097771492      -0.01365376     0.0084042139    9.1093825e-31   -1.6021766e-19   -4.1106212e-15    7.7249239e-18             1780                1
      0.058638051       0.10111465     -0.020155994     -0.006624287    -0.0075192251     0.0042137471    9.1093825e-31   -1.6021766e-19   -4.1106212e-15    7.7249239e-18             1812                1
      0.059063252      0.092916638     -0.043674123    -0.0023183564      -0.01732588     0.0091644721    9.1093825e-31   -1.6021766e-19   -4.1106212e-15    7.7249239e-18             1775                1
      0.058830429      0.073879428      0.071819112      0.004649397    -0.0051075341    -0.0045489296    9.1093825e-31   -1.6021766e-19   -4.1106212e-15    7.7249239e-18             1801                1
      0.058440488      0.076403327      0.069230467    -0.0050443811    -0.0053008916    -0.0045127259    9.1093825e-31   -1.6021766e-19   -4.1106212e-15    7.7249239e-18             1807                1
      0.059041224      0.018342353      -0.10112497    -0.0099690584     -0.004293595      0.020599648    9.1093825e-31   -1.6021766e-19   -4.1106212e-15    7.7249239e-18             1782                1
      0.058705498      -0.10090953     -0.020499971    -0.0077722785      0.012375498     0.0041911523    9.1093825e-31   -1.6021766e-19   -4.1106212e-15    7.7249239e-18             1809                1
         0.058633      0.075308718      0.070033558    -0.0049062516     -0.010281849     -0.010358067    9.1093825e-31   -1.6021766e-19   -4.1106212e-15    7.7249239e-18             1797                1
      0.058597129      0.092058912     -0.046162438    -0.0075277709    -0.0089855818     0.0097628636    9.1093825e-31   -1.6021766e-19   -4.1106212e-15    7.7249239e-18             1804                1
      0.058754813      0.075246856       0.07036306    -0.0043499116    -0.0069203675    -0.0035841593    9.1093825e-31   -1.6021766e-19   -4.1106212e-15    7.7249239e-18             1779                1
      0.058597546       0.01668914      -0.10172399    0.00015948329    -0.0061665215     0.0068458235    9.1093825e-31   -1.6021766e-19   -4.1106212e-15    7.7249239e-18             1818                1
      0.058759179       0.10097069     -0.019880617    -0.0055409092     -0.013627028      0.010948684    9.1093825e-31   -1.6021766e-19   -4.1106212e-15    7.7249239e-18             1802                1
       0.05849535      0.095095992     -0.039543469     -0.016159125     -0.012041045      0.011516456    9.1093825e-31   -1.6021766e-19   -4.1106212e-15    7.7249239e-18             1814                1
      0.058626946      -0.10086314     -0.020583313     -0.011264864      0.013113892     0.0077113505    9.1093825e-31   -1.6021766e-19   -4.1106212e-15    7.7249239e-18             1813                1
      0.058835793       0.10093995     -0.019922661    -0.0063568875     -0.017704785      0.001074345    9.1093825e-31   -1.6021766e-19   -4.1106212e-15    7.7249239e-18             1805                1
      0.059154395     -0.019485142      -0.10105693    -0.0033938221     0.0045837881      0.017700115    9.1093825e-31   -1.6021766e-19   -4.1106212e-15    7.7249239e-18             1815                1
      0.058439288       0.10283575    -0.0048544863    -0.0081571909     -0.011442681     0.0069475784    9.1093825e-31   -1.6021766e-19   -4.1106212e-15    7.7249239e-18             1785                1
      0.058278766      -0.10101347     -0.021020889    -0.0077161873     0.0053491234      0.001150923    9.1093825e-31   -1.6021766e-19   -4.1106212e-15    7.7249239e-18             1826                1
      0.058851771       0.10083684      -0.02063234    -0.0049445415     -0.011149291     0.0045487108    9.1093825e-31   -1.6021766e-19   -4.1106212e-15    7.7249239e-18             1795                1
       0.05915631      0.098241106      0.030837437     0.0041201999     -0.014533012     0.0022399272    9.1093825e-31   -1.6021766e-19   -4.1106212e-15    7.7249239e-18             1817                1
      0.058025174      0.013984418      -0.10207499    -0.0065665473    -0.0011173682     0.0099982107    9.1093825e-31   -1.6021766e-19   -4.1106212e-15    7.7249239e-18             1816                1
      0.058855049      0.092969783     -0.043957215    -0.0078590401     -0.017668564     0.0042401571    9.1093825e-31   -1.6021766e-19   -4.1106212e-15    7.7249239e-18             1776                1
      0.057972852      0.074442193      0.071105331    -0.0066188597    -0.0098942192    -0.0064620981    9.1093825e-31   -1.6021766e-19   -4.1106212e-15    7.7249239e-18             1819                1
      0.059281401      0.097302116      0.033497784      -0.00346393     -0.015615979    -0.0045421473    9.1093825e-31   -1.6021766e-19   -4.1106212e-15    7.7249239e-18             1796                1
      0.058940213       0.10105515     -0.019132417    -0.0042897062     -0.014668272     0.0029076547    9.1093825e-31   -1.6021766e-19   -4.1106212e-15    7.7249239e-18             1777                1
      0.058470994     -0.098218657      0.031427994     -0.008646518     0.0050807935    -0.0039519761    9.1093825e-31   -1.6021766e-19   -4.1106212e-15    7.7249239e-18             1821                1
      0.058638185       0.10267556    -0.0049930443    -0.0015823626     -0.014640593     0.0033094252    9.1093825e-31   -1.6021766e-19   -4.1106212e-15    7.7249239e-18             1784                1
      0.059122875      0.075356267      0.070129164    -0.0040387651    -0.0038662245     -0.012861332    9.1093825e-31   -1.6021766e-19   -4.1106212e-15    7.7249239e-18             1791                1
      0.058517795       0.10084301     -0.020160513   -0.00045922628     -0.013661322     0.0013080776    9.1093825e-31   -1.6021766e-19   -4.1106212e-15    7.7249239e-18             1792                1
      0.058914918      0.093171164     -0.043757871    -0.0044298097     -0.014334058     0.0033814088    9.1093825e-31   -1.6021766e-19   -4.1106212e-15    7.7249239e-18             1789                1
       0.05874357       0.10122477     -0.019138809     -0.010115091     -0.013332277     0.0050445758    9.1093825e-31   -1.6021766e-19   -4.1106212e-15    7.7249239e-18             1799                1
      0.058326833      0.092205234     -0.045627099    -0.0037736632    -0.0094950013      0.013427915    9.1093825e-31   -1.6021766e-19   -4.1106212e-15    7.7249239e-18             1803                1
        0.0591591       0.10081917     -0.019924806   -0.00078168069     -0.019106651     0.0039590937    9.1093825e-31   -1.6021766e-19   -4.1106212e-15    7.7249239e-18             1793                1
      0.058938116      -0.10084089      -0.01945404    -0.0070370482      0.023593824     0.0063315458    9.1093825e-31   -1.6021766e-19   -4.1106212e-15    7.7249239e-18             1800                1
      0.058767255      -0.10095921     -0.020980157    -0.0062015876     0.0061467332     0.0031982444    9.1093825e-31   -1.6021766e-19   -4.1106212e-15    7.7249239e-18             1806                1
      0.059040245      0.013881771      -0.10211336    -0.0031539348     -0.010364697       0.01046751    9.1093825e-31   -1.6021766e-19   -4.1106212e-15    7.7249239e-18             1822                1
      0.058385864      -0.10080176     -0.021351835    -0.0030638981      0.010084168     0.0030008687    9.1093825e-31   -1.6021766e-19   -4.1106212e-15    7.7249239e-18             1823                1
      0.058019202      0.093022071     -0.044290107     -0.010704312     -0.011284886     0.0084187333    9.1093825e-31   -1.6021766e-19   -4.1106212e-15    7.7249239e-18             1827                1
